1.0 0.0 0.0 0.0 0.0 -1.0 0.0 0.0 0.0 0.0 -1.0 0.0
0.99960448781732 0.016361256014223863 -0.022873067942683352 0.21012873947620392 0.016146471519355242 -0.9998240896489194 -0.009543647897135878 0.01970415934920311 -0.02302519039982591 0.009170553928028537 -0.9996928235951807 0.11147382855415344
0.9985024556827101 0.03139295721046215 -0.04480321677268132 0.41142579913139343 0.030571289433757066 -0.9993537238226856 -0.018908488678089884 0.04667240381240845 -0.045367854896999855 0.017510480270800467 -0.9988168705136747 0.2320055514574051
0.9973567755700238 0.030494445117306795 -0.06595112615833483 0.6089677214622498 0.028805568253967902 -0.9992361027876514 -0.02640928100709595 0.07218718528747559 -0.06670608264716966 0.02443971568437993 -0.9974733073296426 0.35234159231185913
0.9958056685113574 0.03098146817700256 -0.08608843819146564 0.7982114553451538 0.028138400938936232 -0.9990241183351858 -0.03404469675594767 0.1070907860994339 -0.08705918075222219 0.03147951102228463 -0.9957056489909806 0.477403461933136
0.9938821824746437 0.031166009052898316 -0.10595700655999087 0.9891742467880249 0.027070124732263164 -0.9988378312454406 -0.03987725190988583 0.13893362879753113 -0.10707668143166842 0.0367650207754523 -0.993570791408927 0.5964449048042297
0.9915612471628842 0.03009195936865373 -0.1260982438662036 1.1763837337493896 0.024558453812135745 -0.9986755947075597 -0.04520994228992997 0.16644659638404846 -0.12729169443110755 0.0417316488633854 -0.9909870301936349 0.7203978300094604
0.9890569920610784 0.032963985449991795 -0.14380417976659965 1.3534271717071533 0.02598073672506896 -0.9984026250728156 -0.05017170085748897 0.20796096324920654 -0.1452283297924838 0.04588653300221575 -0.9883335258477889 0.8420093059539795
0.9863363897486263 0.03410430838322746 -0.16117512961790303 1.5320794582366943 0.025661691787227305 -0.9982015718816623 -0.054176558284888876 0.24220551550388336 -0.16273292178371124 0.049300284407702274 -0.9854377089015095 0.9579408764839172
0.9833605008022976 0.0333151368364118 -0.17858394978112074 1.7080494165420532 0.023462893010943845 -0.9980984324433095 -0.05700010355925405 0.26815396547317505 -0.18014332658583748 0.05186155427462468 -0.9822722438686786 1.0755183696746826
0.9800252103525088 0.034708362460849185 -0.195821134326219 1.8813320398330688 0.023570547979300506 -0.9979841340100738 -0.05892450705876394 0.3001967966556549 -0.1974715583102445 0.053131890983185825 -0.9788677059843552 1.193345069885254
0.9768836528513203 0.037730345735542195 -0.21041565959437974 2.0489726066589355 0.024699214602741028 -0.9976301300926114 -0.06421894058147737 0.34443092346191406 -0.21234000468557307 0.0575373317253766 -0.9755004755857657 1.3053874969482422
0.973312608126259 0.03669094464679112 -0.22653110480326008 2.223886728286743 0.02215956702537172 -0.9975495775748736 -0.0663610870121886 0.3680950999259949 -0.22841085887432663 0.05957025147770754 -0.971740636531773 1.4136273860931396
0.9698598508920983 0.039687456990224274 -0.24040959919521945 2.389942169189453 0.023459680069632963 -0.9972717100763956 -0.06999128297389717 0.4064171612262726 -0.2425314681409145 0.06224180298602203 -0.9681448470773689 1.5167794227600098
0.9661417115905445 0.04231349560501303 -0.25451868539377875 2.55430269241333 0.02429764295549766 -0.9969979168121755 -0.07351719811710163 0.4420446753501892 -0.2568653687667918 0.06484382747699706 -0.9642693920095323 1.620574712753296
0.9624907598969705 0.04373104488948759 -0.2677669375143721 2.719309091567993 0.024539899403486817 -0.9969112316356608 -0.07460421955852554 0.4700532853603363 -0.2702023879432207 0.06523489826422325 -0.9605910043292294 1.7163594961166382
0.9587412153626409 0.04565244017481888 -0.28059069241699885 2.8825578689575195 0.025089362256274388 -0.9967579589435032 -0.0764466819708709 0.4994751811027527 -0.2831709834473506 0.06625274325540512 -0.9567783275893083 1.8093364238739014
0.9549025669689901 0.046669149573521036 -0.29322871290874186 3.0474064350128174 0.02434941638718751 -0.9965523121179021 -0.07931327211801535 0.5260657668113708 -0.29591923478820437 0.06859649911290887 -0.9527467275156687 1.898375153541565
0.9508053783196977 0.049179082422911434 -0.30586034461887496 3.2076685428619385 0.025485329544181957 -0.996389490346379 -0.08098445224428945 0.5528072118759155 -0.3087387739438649 0.06920550107703603 -0.9486258314447882 1.9848005771636963
0.9462631967632429 0.05088821408195152 -0.3193686774230652 3.373265027999878 0.025008703835832223 -0.9960994222222559 -0.0846197718086014 0.5807596445083618 -0.3224291041203632 0.07208557911286843 -0.943844871840761 2.071012020111084
0.9420769790065986 0.04939464346362153 -0.33173955872476646 3.5380284786224365 0.023274044660984886 -0.996339356036001 -0.08225695386339839 0.5876524448394775 -0.33458823121998704 0.06977146129233987 -0.9397779837377613 2.1454532146453857
0.9380121432807607 0.05129290517322958 -0.3427860220848046 3.694190263748169 0.0234504865034319 -0.9961149085880321 -0.0848832349254515 0.612378716468811 -0.3458081747740883 0.07158300613656224 -0.9355707239390654 2.224370241165161
0.933545155395024 0.05280360422052067 -0.3545493226898103 3.8598546981811523 0.023444029183585076 -0.9959671246190744 -0.08660175618110871 0.632808268070221 -0.3576923543132 0.07253458526341486 -0.9310182133591933 2.302316188812256
0.929434171869705 0.05248622528432969 -0.3652359734695893 4.02590274810791 0.021267271232231454 -0.995806122945901 -0.08898240656325176 0.6604521870613098 -0.3683745693383443 0.07493571684354344 -0.9266524780120828 2.3726539611816406
0.9246740615063572 0.050489456772742525 -0.37739726381113425 4.199830055236816 0.018113357436950264 -0.9958801291087277 -0.08885198213177366 0.6749832630157471 -0.38032852412052764 0.07532319165553934 -0.9217790573337649 2.4478068351745605
0.9198768481547823 0.050542078354937466 -0.38893711901075606 4.381590366363525 0.016644138149454847 -0.995799222742844 -0.09003821771897502 0.6977485418319702 -0.3918539994616433 0.07635054878853884 -0.9168538797461694 2.521803855895996
0.9155321722683007 0.05229559436505692 -0.39883080667332066 4.555754661560059 0.016494213196196726 -0.9955596089960066 -0.09267688960445576 0.726308286190033 -0.40190643497302286 0.07827027370415603 -0.9123294261293733 2.591245651245117
0.9114726766714619 0.053072432306347034 -0.4079226355700907 4.7345194816589355 0.01598938511518094 -0.9954638896794196 -0.09378690691114032 0.7440944314002991 -0.41104975276114597 0.0789617709617045 -0.908186731615031 2.6550397872924805
0.9064315022612074 0.05103671190014651 -0.4192578988485633 4.927376747131348 0.013600124787977608 -0.9956843671008885 -0.09180238404668334 0.7451490759849548 -0.42213382749341727 0.07751061313990973 -0.9032137822998679 2.7270071506500244
0.9036719940849841 0.05781924390714303 -0.42430397375051176 5.104997158050537 0.017532503046640384 -0.9950075238112869 -0.09824784423004326 0.7927826046943665 -0.42786626233367386 0.08134471459743162 -0.9001741492420644 2.778310537338257
0.8990344914275236 0.05737196713027071 -0.434103029949409 5.304619312286377 0.016118901680557383 -0.9950435949169044 -0.09812453935410931 0.7980799078941345 -0.43758103733167747 0.08122008127579508 -0.8955032854017267 2.852947473526001
0.895453849111983 0.0603560392862455 -0.44104370830135514 5.507054805755615 0.017290944566888122 -0.9947339600681255 -0.10102164086555579 0.823893129825592 -0.4448184206465808 0.08283415484485684 -0.8917819663149842 2.910728931427002
0.8928341290595787 0.06063978417497555 -0.4462847012408512 5.705399513244629 0.01795894836660838 -0.9948999181782947 -0.0992553725618305 0.8268219828605652 -0.45002743711910376 0.08060378020933424 -0.8893696287011246 2.9638712406158447
0.8904563896534414 0.0614678889129049 -0.45089812237128396 5.905786514282227 0.018393721053409542 -0.994887380787391 -0.09930141275840064 0.8360341787338257 -0.45469670017624714 0.0801298832059281 -0.8870344484101147 3.0147294998168945
0.8885796399506638 0.0626762162605988 -0.4544204169933425 6.102608680725098 0.01994511277485641 -0.9949638418086 -0.09823006652684951 0.8447715044021606 -0.4582885727808919 0.0782217706826282 -0.885354696519834 3.0624163150787354
0.8883729430761996 0.06543605348517334 -0.4544355145831109 6.303645610809326 0.022090146575389377 -0.9947369200354194 -0.10005241297802565 0.8677247762680054 -0.4585908191780654 0.0788453094529606 -0.8851428572512224 3.0966196060180664
0.8892870644568555 0.068325937484053 -0.45221685423769176 6.487093925476074 0.025541119059967404 -0.9946538755227751 -0.10005657971711972 0.8929140567779541 -0.45663570625485805 0.07742889754122194 -0.8862779460184474 3.1326935291290283
0.8896670604581303 0.06867957315293771 -0.4514151501304755 6.683173656463623 0.02660748559574684 -0.9947412289527291 -0.09890363558477708 0.9086238145828247 -0.45583392068390605 0.07598028463453224 -0.8868158958322714 3.1845974922180176
0.8924458527986037 0.07354956690001488 -0.44511892908681533 6.859640121459961 0.03139332909667986 -0.9943543157904644 -0.10136051280999542 0.9613516330718994 -0.45006094999544305 0.07648500426683605 -0.8897163510982034 3.221409559249878
0.8933238217339152 0.06633002314467891 -0.44449170695563983 7.059299945831299 0.028690525399935916 -0.9954479172276316 -0.09088618068466735 0.9313970804214478 -0.4484968263822919 0.06843808966355454 -0.8911603809686648 3.3024370670318604
0.8973128617382908 0.06623684238377095 -0.4363969624895049 7.236015319824219 0.031295553791348255 -0.9957354309992215 -0.08678444426098213 0.9562300443649292 -0.44028424508711606 0.06421551342021779 -0.8955591277879122 3.3517284393310547
0.9015354878351396 0.06529320851950829 -0.4277505828109236 7.422184944152832 0.03246664160169591 -0.9959702971894746 -0.08360074341425826 0.9864820837974548 -0.4314854358572996 0.06148141213031485 -0.9000224189460495 3.4221298694610596
0.9072295484693633 0.06333910136024808 -0.41583975834803427 7.594654083251953 0.033813947238824464 -0.9963802604506264 -0.07799354817208842 1.0131815671920776 -0.41927456798165724 0.05669686784310136 -0.9060873588239584 3.4828131198883057
0.9134000039101641 0.06063632947600557 -0.4025216371881012 7.777453422546387 0.0346509260385635 -0.9968360344208905 -0.07153484329124267 1.0411372184753418 -0.4055856829100135 0.051392178662807646 -0.9126111427057572 3.5466341972351074
0.920454240218209 0.05703252560679141 -0.38666688853227527 7.954998016357422 0.03528820234362523 -0.9973825874163569 -0.06310877192600993 1.0601003170013428 -0.38925407440343596 0.044443957312152775 -0.9200576070109743 3.6102991104125977
0.9291153070610173 0.05295309773200604 -0.3659791191113179 8.08034896850586 0.03524158375584476 -0.9978690634043438 -0.054912321703945506 1.0875980854034424 -0.36810701835103793 0.0381221948623429 -0.9290015722804704 3.669088125228882
0.9369280522299183 0.049369861799104145 -0.3460179788545515 8.243831634521484 0.03562333996119317 -0.998306993414375 -0.04597961015450471 1.112528681755066 -0.34770217513651064 0.030753270490930438 -0.9371005462379428 3.729706048965454
0.9443403247440061 0.04421925700066151 -0.3259846750580379 8.421424865722656 0.03429807172860806 -0.9987586407501376 -0.036122289554189266 1.1300148963928223 -0.3271773117715902 0.02293108888053253 -0.9446846943952614 3.7898244857788086
0.9524534103136484 0.037401285600959705 -0.30237996794975713 8.55846881866455 0.03167089023533999 -0.9992141449384107 -0.023833742188367826 1.1328965425491333 -0.3030337537199474 0.013123886253544832 -0.9528894519911542 3.853580951690674
0.9580285592514235 0.036275804639074906 -0.28436832744950624 8.782011985778809 0.03264395078650368 -0.9993137870930582 -0.017502211368237323 1.1841812133789062 -0.28480809703323084 0.0074847126543242425 -0.958555333270225 3.918707847595215
0.965997860774115 0.030594587889422584 -0.2567335275567066 8.867938041687012 0.030186581045567783 -0.9995289780073563 -0.005531044055997794 1.188658356666565 -0.25678182043246983 -0.0024069307107637797 -0.9664664005437232 3.950674057006836
0.9703996569355634 0.028390961122380213 -0.2398300630569256 9.100051879882812 0.02992361243272627 -0.9995484033026453 0.002750795177546696 1.2333910465240479 -0.2396436588735813 -0.009845952553223057 -0.9708109877725956 4.03843879699707
0.9763778424990055 0.026550143476694023 -0.21443273667598897 9.231473922729492 0.02934010305504276 -0.9995210709358895 0.009838043905777485 1.2788608074188232 -0.21406883712886968 -0.015897126675581876 -0.9766892107184117 4.062740325927734
0.9805535526365956 0.019664080767601497 -0.19526406310254865 9.375909805297852 0.0248268435704381 -0.9994029751290876 0.024027508015965576 1.2453128099441528 -0.19467500674221086 -0.028408048695634455 -0.9804563348355839 4.133313179016113
0.984196966756259 0.01786757337730541 -0.1761734385467508 9.508328437805176 0.023912785110227448 -0.9991937092059685 0.03225073939447878 1.30515718460083 -0.17545514907249446 -0.035953877465790915 -0.9838306812450625 4.2071380615234375
0.9877990908606189 0.0132635414917441 -0.15516776263783374 9.568531036376953 0.020359302550121097 -0.9988138935714987 0.044230134616740684 1.3407520055770874 -0.1543970689313983 -0.04684959418862828 -0.9868974924629981 4.272507667541504
0.9904157932455641 0.01161179073408609 -0.13762893157220904 9.677218437194824 0.018878446186058315 -0.9984887744093499 0.051611739440891743 1.3845555782318115 -0.13682163849099346 -0.05371530223746482 -0.9891382641199246 4.335233688354492
0.9925431669905965 0.009972214889810404 -0.12148504677724219 9.76484203338623 0.01741480571263614 -0.998024950906336 0.060356622755064274 1.450015664100647 -0.12064321863357431 -0.06202219198478437 -0.9907565096930399 4.42517614364624
0.9929711201756695 0.01118040997686361 -0.11782764077170352 9.95033073425293 0.01880139272261349 -0.9977876645798192 0.06376742149437097 1.5512146949768066 -0.11685402059307337 -0.06553453169970742 -0.9909845422740629 4.555953025817871
0.9930444847347311 0.014512044635470352 -0.11684199544012662 10.178378105163574 0.02244277057129581 -0.9975106800116693 0.06684882431083582 1.6409825086593628 -0.11558102520317352 -0.06900611438963168 -0.9908981697378538 4.5954508781433105
0.9933586284546508 0.015388680840838678 -0.11402554001921676 10.284601211547852 0.023770678308215602 -0.9970837307250994 0.07251888565115239 1.7007980346679688 -0.11257704085408592 -0.07474772521820575 -0.9908275265893866 4.657706260681152
0.9930987008901068 0.016998420171717328 -0.116043198861666 10.404348373413086 0.025647510068326787 -0.9969689059323065 0.07345206485480904 1.7666724920272827 -0.11444289194911794 -0.07592136929617216 -0.9905244924617042 4.736416816711426
0.992421722990983 0.019199609128893808 -0.12136926606396893 10.466447830200195 0.02865274826605176 -0.996647919116835 0.07662861956791871 1.8458489179611206 -0.1194911869236014 -0.07952546968978079 -0.989645166672484 4.818328380584717
0.990688648176447 0.021928707278459525 -0.1343693944744127 10.547067642211914 0.03258167952076851 -0.9964518494406742 0.07760248646703428 1.9393432140350342 -0.13219090942243583 -0.08125788296132223 -0.9878880098081533 4.925171852111816
0.988597786756183 0.026204854261682144 -0.1482825736015542 10.549708366394043 0.0377911978003731 -0.9964015460030267 0.07586688666072613 2.042480707168579 -0.1457609048736643 -0.08060561231020077 -0.9860306759297646 4.995067119598389
0.9853727893241405 0.028635392833405545 -0.16798952448542606 10.55620002746582 0.041299673432028804 -0.99652137933696 0.07238423515359288 2.1668052673339844 -0.16533240164580806 -0.07826336819764021 -0.9831276835510178 5.088801860809326
0.9810203577226398 0.03180096714266414 -0.19127926239541912 10.545406341552734 0.0455895060135609 -0.996634848753109 0.0681217673897845 2.3014063835144043 -0.18846924066060197 -0.07554916769667026 -0.9791688662254111 5.15851354598999
0.9758375312773804 0.033474114294713586 -0.2159180312587455 10.510601043701172 0.04824086908616622 -0.9968161217867921 0.06348572985916526 2.4164507389068604 -0.21310544596579303 -0.07236783137640637 -0.9743454037873822 5.233330726623535
0.9691386486373916 0.03633270373845928 -0.24382414637673563 10.478446006774902 0.05202952517825995 -0.9969454243981537 0.058247311365501375 2.5306267738342285 -0.24096308478066772 -0.06913577518649949 -0.9680687146904121 5.297261714935303
0.96126387127332 0.03726204088768107 -0.2730994509212985 10.445618629455566 0.053344506165903284 -0.9972369535499631 0.0516993436738299 2.6309010982513428 -0.27041844139508286 -0.06426506658577157 -0.9605955797161366 5.386117935180664
0.9514409963717533 0.043208251728365815 -0.30478365672342606 10.422126770019531 0.05955379609576078 -0.9972311905193351 0.044534234314441964 2.7615182399749756 -0.3020155224383501 -0.06052272001461306 -0.9513798529337915 5.424262046813965
0.940966238064668 0.047272240631241864 -0.3351833439897175 10.381879806518555 0.06290365439734866 -0.9973727350144541 0.03592711668429291 2.881734848022461 -0.3326043732212285 -0.05489046106100627 -0.9414676671020754 5.508670330047607
0.928780779278762 0.05203414762758969 -0.3669587327248199 10.359781265258789 0.06594517844856955 -0.9974982515405112 0.02546510579222371 2.9933714866638184 -0.3647156392063849 -0.04785065991491684 -0.9298886045457192 5.588979721069336
0.9161164103903557 0.05654770103948424 -0.39690437150608204 10.317713737487793 0.06867562714544968 -0.9975042734698184 0.0163976414654251 3.10797119140625 -0.39498655780882985 -0.04227980506812403 -0.9177134831927299 5.665391445159912
0.9037545500221519 0.06237054895373095 -0.42348273629212735 10.264995574951172 0.07089440200809052 -0.9974741759159454 0.004387726600457472 3.21400785446167 -0.4221394284808901 -0.033987983229596945 -0.9058935477846234 5.710301399230957
0.8894275055278393 0.06939218102064995 -0.45177808448808354 10.242249488830566 0.07383201021061042 -0.9972400402744899 -0.00781897318025313 3.3471574783325195 -0.4510737707723482 -0.026401274335352595 -0.892096085651475 5.79807710647583
0.8756069930929065 0.07624210104272121 -0.47696911396377634 10.220101356506348 0.07548952942003302 -0.9969301594407449 -0.02077469964626754 3.4648494720458984 -0.4770888015817813 -0.017815701671338988 -0.8786744995612523 5.852543354034424
0.8637078051012173 0.08108848703206147 -0.4974268636473995 10.156203269958496 0.07481279757598132 -0.9966655274907159 -0.032571024400655756 3.565134286880493 -0.4984093425349214 -0.009082047263919589 -0.8668942517351255 5.913241863250732
0.8524195272959431 0.08519747421263905 -0.515870468114184 10.111481666564941 0.07213963389008267 -0.996363041850559 -0.045349333583919696 3.67612361907959 -0.5178579174896966 0.0014419507923280582 -0.855465427747461 5.988757133483887
0.841628327904069 0.09148892417893999 -0.5322513827337423 10.080648422241211 0.07024927525655818 -0.9957190249791428 -0.06007214512994468 3.799410581588745 -0.5354687637905022 0.01316814516797956 -0.844452368673039 6.064181804656982
0.8338450031907805 0.09469515170686904 -0.5438155375648808 10.03286361694336 0.06583973288262057 -0.9952043577060989 -0.07234235257949699 3.9076757431030273 -0.5480580628252014 0.024517639486788766 -0.8360808843205803 6.129583835601807
0.8285780378356579 0.09773524264645692 -0.5512769336379396 9.98336410522461 0.060473162713039125 -0.9945078714539574 -0.0854230074839405 4.025977611541748 -0.5565980882179647 0.037442168219231756 -0.8299377399727942 6.193164825439453
0.8256088761678003 0.0983878494280309 -0.555598609319596 9.940655708312988 0.05294559266072042 -0.9938440236107539 -0.0973181429692982 4.133233547210693 -0.5617532801958055 0.0509302249957215 -0.82573565041794 6.270079612731934
0.8255041752829394 0.09363252117440611 -0.556575069122718 9.893310546875 0.041129534413214444 -0.9935008768117727 -0.10613373249439056 4.251367092132568 -0.5628953881400931 0.06472216585346197 -0.8239901839572185 6.339495658874512
0.8273800945466904 0.08624095531235632 -0.554981690486021 9.86161994934082 0.02683367231782064 -0.9930820948194693 -0.1143149464370874 4.362771034240723 -0.5610010099615235 0.07968971436632519 -0.8239705190395855 6.422670364379883
0.8324711615556538 0.07818154805921665 -0.5485247585307749 9.806636810302734 0.012961908812495357 -0.9924717585685799 -0.12178586684721228 4.4901580810546875 -0.5539167393192925 0.09427329413388906 -0.8272174997635314 6.504266738891602
0.8393243256674033 0.06629127071190158 -0.5395740391923616 9.762236595153809 -0.004491212362941862 -0.9916578429074939 -0.12881984168429636 4.598747253417969 -0.5436124587925388 0.11054496834979691 -0.8320248221165477 6.59434700012207
0.8487217915558392 0.053431962872001415 -0.5261333917191455 9.708673477172852 -0.021834110660074745 -0.9904940308414485 -0.13581180537472853 4.708069324493408 -0.5283886752665412 0.12675409346882882 -0.8394872289909865 6.6682538986206055
0.8591436107447347 0.037195052221617224 -0.5103810186583462 9.650012969970703 -0.04139392392376554 -0.989035507263731 -0.1417579219436001 4.809924602508545 -0.5100576429960573 0.1429170859687724 -0.84818388770331 6.752395153045654
0.8701623510180315 0.02049643160687082 -0.49233868338995784 9.596839904785156 -0.060725080880556746 -0.9870585601653851 -0.14841786737548485 4.921538829803467 -0.48900914860851236 0.15904494677801628 -0.8576565498388943 6.852973461151123
0.8822518599442968 0.0032100296705745227 -0.47076676957315405 9.537323951721191 -0.07941222379402885 -0.9846326844216833 -0.1555383408701439 5.0228424072265625 -0.4640316307504438 0.17460862658546977 -0.8684391015983906 6.941988945007324
0.894342750829725 -0.016268568780136335 -0.4470865438683721 9.473064422607422 -0.09929744187843148 -0.9816309734087931 -0.1629130138475872 5.130876541137695 -0.43622363768452455 0.19009462305481076 -0.8795299723209717 7.040894508361816
0.9059338441921574 -0.03745047199264908 -0.42175980379209654 9.410648345947266 -0.11981962791535378 -0.978041160414717 -0.1705249110859169 5.224754333496094 -0.40611220951043336 0.20501939099061214 -0.8905278898520765 7.147154808044434
0.9168309737225334 -0.06019199866786917 -0.3947124129278922 9.348158836364746 -0.14025921524269028 -0.9741214363809055 -0.1772421499607421 5.311028480529785 -0.37382926338436423 0.21786314621699732 -0.9015471875381428 7.247136116027832
0.9262776013494295 -0.0832957885674229 -0.3675209066778089 9.299755096435547 -0.16079037499096316 -0.9693920470054144 -0.18554113967774916 5.3904337882995605 -0.3408170485005305 0.23095642621408857 -0.9113193011463124 7.35422420501709
0.9348965239880582 -0.1074556317334694 -0.3382628809724876 9.248778343200684 -0.18109795602761403 -0.9640883665060469 -0.19426052581603617 5.462769031524658 -0.3052409208439568 0.24287220667763423 -0.9207828579344155 7.451808452606201
0.9419714462066073 -0.1323109899460267 -0.3085183891941209 9.202431678771973 -0.2013022413734381 -0.9581096124657922 -0.20372377897211502 5.5246171951293945 -0.26863953943800356 0.25400742595473763 -0.9291463961133282 7.5446624755859375
0.9476188494981435 -0.15640206535857026 -0.27849041281054626 9.157622337341309 -0.21971407291182177 -0.9520390453797087 -0.21294924803105414 5.589152812957764 -0.23182804455094216 0.262982984286182 -0.9365338796517828 7.627677917480469
0.9514993583834315 -0.18071055504336694 -0.24898326508389312 9.12086009979248 -0.23799809149475135 -0.945201429050879 -0.22349757708984686 5.647857666015625 -0.19495096676029572 0.27191534310533916 -0.9423673204982925 7.710452556610107
0.9539158613364854 -0.20493871922883058 -0.21919090047608691 9.08276081085205 -0.2551366890072074 -0.9384254472900387 -0.23294409157763657 5.698005199432373 -0.15795505504133395 0.2781327043685034 -0.9474663051251754 7.785294055938721
0.9545245502496815 -0.22871312576466427 -0.19124118038121407 9.051664352416992 -0.27187789261266637 -0.9309929805593633 -0.24358670254693365 5.744853496551514 -0.12233272039458064 0.2845037367982181 -0.9508376986997895 7.852829456329346
0.9537693777544991 -0.2521692408126536 -0.16350733330883355 9.019515037536621 -0.2877599539245802 -0.9231970404525172 -0.25475759736863035 5.780826568603516 -0.08670745628329522 0.29003085781979066 -0.9530812759346379 7.911538600921631
0.9518754631838034 -0.2734249003985596 -0.13846272578083027 8.9971284866333 -0.30160475499220285 -0.915976834963179 -0.26461483249608325 5.824159622192383 -0.054476365101876416 0.2936413827321937 -0.9543621241396855 7.96922492980957
0.9485429419869976 -0.29469900847120595 -0.11583946483275633 8.978907585144043 -0.31574220543298465 -0.9079237617561019 -0.2756470615605468 5.852766036987305 -0.02394048694087518 0.29803848282518325 -0.9542535909496471 8.018715858459473
0.9445516477355224 -0.31464781946561066 -0.09390918200924972 8.955743789672852 -0.32831366341559604 -0.9000121929371921 -0.2866848286516351 5.875162124633789 0.005685347372026459 0.3016202948574966 -0.9534111781153695 8.056846618652344
0.9399043544628392 -0.33307872900628405 -0.07508904544174443 8.944212913513184 -0.33999088446122366 -0.8927826703579833 -0.29554238611702294 5.897829055786133 0.0314006838312299 0.30331116661281526 -0.9523740511284966 8.094280242919922
0.9351235645509987 -0.3496107949373073 -0.057586552985380075 8.930181503295898 -0.34992904668373204 -0.8857385856772603 -0.30498659008136886 5.914623260498047 0.05561997220826689 0.3053513548451202 -0.9506139956816336 8.120543479919434
0.9302931090221932 -0.3643691356115614 -0.04230678810197652 8.921951293945312 -0.35877955091791375 -0.8798254978647847 -0.3117440090043821 5.92930793762207 0.07636730418812808 0.30519211379173566 -0.9492237926486938 8.140283584594727
0.925421043884058 -0.3778454977114292 -0.02878665308337367 8.9166841506958 -0.36766624697708666 -0.8769009606199594 -0.30962273188119815 5.939336776733398 0.09174651148857987 0.29711527244992764 -0.9504236384406066 8.152972221374512
0.9207440898109159 -0.3898287879447502 -0.016243065221649956 8.910418510437012 -0.37552106709142385 -0.8741138861062429 -0.3080727873194261 5.940332412719727 0.10589735241631909 0.2897558113408065 -0.9512241168859442 8.157756805419922
0.9164916873049015 -0.40000035079171425 -0.006535018555494841 8.906439781188965 -0.38252266548427916 -0.871429714798383 -0.30706133354300924 5.945035934448242 0.11712983177575825 0.2839189524017627 -0.9516672900626922 8.164950370788574
0.9128090247812326 -0.40838468582184695 0.001277757460172134 8.902716636657715 -0.38841237827866026 -0.8691255622663931 -0.3061969650650406 5.953436851501465 0.12615668304870178 0.2790030562580241 -0.9519673239774735 8.175565719604492
0.9094284125779764 -0.41579941442978274 0.007128068164065832 8.898164749145508 -0.39384111489586415 -0.8666521021880225 -0.3062732603259123 5.958832740783691 0.13352579755794194 0.2757262786404864 -0.9519169505022926 8.187284469604492
0.907265694713048 -0.4203763458267456 0.012356660803094 8.890142440795898 -0.3968569045362578 -0.8654903113786301 -0.3056650425410489 5.971061706542969 0.13918892383645284 0.2724155810137778 -0.9520589239654109 8.200939178466797
0.9056602620902829 -0.42372820201355355 0.015293805573533825 8.882699012756348 -0.39927200554367026 -0.8644171246758059 -0.3055567053041829 5.980719566345215 0.1426932207909516 0.27062417738548983 -0.9520510487125842 8.217449188232422
0.9054839106333441 -0.424053618223169 0.01665582348563599 8.875975608825684 -0.39939670874043764 -0.8647877413459852 -0.30434262183436456 5.99875545501709 0.1434613419407885 0.2689250663094608 -0.9524170053495475 8.237092971801758
0.9055940680399946 -0.42382537965957756 0.016475177910688407 8.867795944213867 -0.3991013317806401 -0.8646289550687108 -0.30518010588455585 6.0122971534729 0.14358799010256157 0.26979402812739245 -0.9521521262304163 8.258476257324219
0.907189459396996 -0.4204343177794483 0.015564998950085354 8.854738235473633 -0.3961232341563705 -0.866027369994663 -0.3050950307389885 6.028686046600342 0.14175213621135857 0.2706133382770645 -0.9521947033175828 8.27946662902832
0.9093272075594157 -0.4158987698823393 0.012338671020503969 8.842123031616211 -0.3926665337544102 -0.8675846164446495 -0.3051391921367803 6.044693946838379 0.13761185581733837 0.27262638632191716 -0.9522278249555411 8.302756309509277
0.91254773730419 -0.4088903982247281 0.008078946752283454 8.829793930053711 -0.3871175990275561 -0.869989735652903 -0.3053814407945122 6.062358856201172 0.13189613968628228 0.2755476403423101 -0.9521958339741051 8.330314636230469
0.9169291366857008 -0.39904648074016397 0.001692485067937774 8.81674861907959 -0.37950139808264766 -0.8733139632365997 -0.3054527958118875 6.085117340087891 0.12336793404337713 0.27943626791251125 -0.9522057157069558 8.359806060791016
0.9216492948042746 -0.387985087922565 -0.0054908047227135645 8.798921585083008 -0.37186223358359477 -0.8791315099562921 -0.29807091008045383 6.10433292388916 0.11081992880796951 0.2767586669856782 -0.954527937583446 8.388815879821777
0.9271654514601626 -0.3743350130805038 -0.015411800695958829 8.784135818481445 -0.3629770613461492 -0.8873230211850964 -0.28443893722812746 6.127272605895996 0.09280020773245498 0.26931608577463734 -0.9585702725350089 8.419737815856934
0.9335322684011014 -0.35750303168992953 -0.026628672261363777 8.767065048217773 -0.35113429815176805 -0.8968697379992627 -0.26894121610976457 6.1560587882995605 0.07226484979129977 0.2604155436867068 -0.9627884170943259 8.4548921585083
0.9399349822109858 -0.3391181650945557 -0.03900127329890711 8.749741554260254 -0.33769269468733143 -0.9070773205625026 -0.2513451381585886 6.185615539550781 0.04985853157527964 0.2494185330404557 -0.9671114321551081 8.493438720703125
0.9461655371868238 -0.31927882143410263 -0.05321475757362237 8.727400779724121 -0.3226859273662653 -0.9175207002639374 -0.23244258832440226 6.211041450500488 0.0253883540179818 0.23710081984426915 -0.9711532488281307 8.528643608093262
0.9522093855465729 -0.29747873528324514 -0.06930864398687211 8.708016395568848 -0.30544309959737354 -0.9283592414258134 -0.21178676013300937 6.243498802185059 -0.00134126260180073 0.22283518778139336 -0.9748552098137774 8.570710182189941
0.9578168239214835 -0.2741101337712909 -0.08631666337878843 8.68407917022705 -0.2858878151386067 -0.9394117837794584 -0.18913925465531978 6.277347087860107 -0.029241904319586735 0.20583764247625147 -0.9781491583452817 8.612506866455078
0.962424398302642 -0.25024409465702746 -0.10543799429561367 8.662858009338379 -0.2652174882120045 -0.9495936632382075 -0.1671273726364324 6.309033393859863 -0.05830061318984932 0.18881146105871421 -0.9802812201988577 8.656281471252441
0.9664567997860831 -0.22443751070879528 -0.12485614896384957 8.63703727722168 -0.24142512701953886 -0.9597409842945079 -0.143565842417371 6.349361419677734 -0.08760800300682074 0.16889359624405328 -0.9817330548356351 8.705333709716797
0.9692581777199327 -0.19761443862721723 -0.14658485109002625 8.616161346435547 -0.21557987343049945 -0.9692287018499359 -0.11883198930413387 6.390696048736572 -0.11859132807556041 0.1467796210525758 -0.9820345410162195 8.756056785583496
0.970584549368384 -0.17253748122450085 -0.1679179862316005 8.586729049682617 -0.1902578070037264 -0.9770505967025218 -0.09578151365153362 6.429079055786133 -0.14753846753136537 0.1249117650822017 -0.9811368159143481 8.809737205505371
0.9706960913919472 -0.14591649512020977 -0.1909384052730896 8.561676025390625 -0.16208968328587442 -0.984150189758702 -0.07193982603673549 6.474215507507324 -0.17741486050689706 0.10078085358710079 -0.9789623010216347 8.865641593933105
0.9696035434098387 -0.12022411341800486 -0.2131082615947581 8.528348922729492 -0.13338555039387548 -0.9898795491260528 -0.048443504911651426 6.518075466156006 -0.205127432473592 0.07539655678382795 -0.9758268779204307 8.921623229980469
0.9665807738272322 -0.09495949886147009 -0.2381266495869953 8.50633430480957 -0.10407826784312399 -0.9942295108757416 -0.02598834097356624 6.5632476806640625 -0.23428470251026662 0.04990363994501665 -0.9708863501408979 8.982061386108398
0.9623742290391243 -0.07076043567731535 -0.26235244238258554 8.479145050048828 -0.07453702830302664 -0.9972082810328203 -0.004458211673051295 6.606745719909668 -0.26130456309277333 0.023845439444984903 -0.9649618232472054 9.043963432312012
0.9572653881992965 -0.047345710504793505 -0.28530923618496234 8.448299407958984 -0.04401166301706024 -0.998867221588762 0.018089973853493445 6.659297943115234 -0.28584252670679194 -0.004759971884752112 -0.9582647820897592 9.111664772033691
0.9511248738109758 -0.02537136649849063 -0.3077625191280689 8.411186218261719 -0.014086125559914354 -0.9991463366898329 0.038835279656485325 6.710838794708252 -0.30848509767048077 -0.03260201897561503 -0.9506703176569403 9.176568984985352
0.9438570691598915 -0.005443755218215419 -0.3303092468067216 8.381109237670898 0.014658140016328522 -0.9981893562427935 0.05833650670771609 6.760199069976807 -0.33002874409384597 -0.0599030434345522 -0.9420682849237187 9.250129699707031
0.9361437012508703 0.013731829997523261 -0.351349409353766 8.343825340270996 0.04308656196893313 -0.9961866190074448 0.07586677987244103 6.808929920196533 -0.348967790470723 -0.08616064621064107 -0.933165485998355 9.31991958618164
0.9280986775619804 0.029920828697911517 -0.3711301506449358 8.306467056274414 0.06926717730033893 -0.9932403672213719 0.0931430677549186 6.858761787414551 -0.36583452933880634 -0.11215309595363018 -0.9238976026657226 9.393075942993164
0.9191447876746661 0.04549432346749731 -0.3912839452657462 8.275327682495117 0.09574955813986781 -0.9893207917463989 0.10989264367690099 6.9181036949157715 -0.38210585104982736 -0.13847251550583234 -0.9136851104417616 9.484155654907227
0.9112395269410161 0.059099534162506254 -0.40761473182662133 8.234184265136719 0.11941158254396715 -0.9850549199861645 0.12412767042604492 6.973649024963379 -0.3941870095457979 -0.1617839598749711 -0.9046781482010688 9.559843063354492
0.903437574807724 0.06293251945537098 -0.4240755197138097 8.193870544433594 0.12089947101142393 -0.9864193241282876 0.11117659328946383 7.025110244750977 -0.4113196644152773 -0.15171161781911213 -0.8987767902455047 9.63211727142334
0.8956079614623695 0.06671870749189807 -0.43981245257021656 8.158050537109375 0.12247173341504755 -0.9874618445251027 0.09959809296063442 7.079573631286621 -0.42765295962910393 -0.1430654384458112 -0.8925498453547429 9.724964141845703
0.8894698703648903 0.07014621042173924 -0.4515781868918538 8.113327026367188 0.12324047411531497 -0.9883581600117867 0.0892184570475625 7.136165618896484 -0.4400626492363302 -0.13500983927693733 -0.8877596566895333 9.808048248291016
0.8832208887048443 0.07215505627961334 -0.4633729703043883 8.076054573059082 0.12437132256436288 -0.9887502104178005 0.08309509926792734 7.191553592681885 -0.45216439032614775 -0.13102163657977 -0.8822588593315128 9.89785385131836
0.878984418110867 0.07447833618126898 -0.47099826980358467 8.031087875366211 0.12508230470199808 -0.9891525516199409 0.0770171842785523 7.251433849334717 -0.46015302864236046 -0.1266104540053066 -0.8787656019484564 9.986926078796387
0.8761398161227393 0.07519197798047916 -0.47615668540071554 7.984406471252441 0.12460208975676637 -0.9895168395578374 0.07301194052835588 7.308523178100586 -0.46567514624753126 -0.12329878620186241 -0.8763241794498701 10.084460258483887
0.8751729178387645 0.07597867943958325 -0.47780707838226927 7.9327802658081055 0.1237646987257627 -0.9898898176145724 0.06928526778695106 7.36641788482666 -0.4677121585237059 -0.11977223907736458 -0.8757282383910493 10.184328079223633
0.8745588699592143 0.07555850506696232 -0.47899655039228434 7.894936561584473 0.12360990966233057 -0.9898912939602266 0.06954003433288451 7.424168109893799 -0.4689001740338052 -0.12002557416565067 -0.8750579914138682 10.283575057983398
0.8762023509172564 0.0744235966574168 -0.47616233419669723 7.8491106033325195 0.1222070904700035 -0.9900232805292429 0.0701379430049962 7.469317436218262 -0.46619187818529123 -0.11964544400306204 -0.876555817072353 10.363212585449219
0.8791429518147779 0.0734533942306888 -0.47086332321639857 7.810711860656738 0.12224718888534936 -0.9897484937733413 0.07384811360510322 7.516695976257324 -0.46061187032471207 -0.12248476619316186 -0.8791098833289145 10.438507080078125
0.8828503397240555 0.0724357122954078 -0.4640348534683328 7.781234264373779 0.12325835079137323 -0.989136561025276 0.08010145194240514 7.564080238342285 -0.45319163342818997 -0.1279137648079657 -0.8821878553705791 10.509663581848145
0.8887313313180796 0.06984662341141175 -0.4530762297137407 7.749015808105469 0.12276221181772103 -0.9884896299713968 0.08841770630723172 7.60388708114624 -0.44168547642322914 -0.13420022592020966 -0.8870762308165796 10.574726104736328
0.8954529045931481 0.06639923962198557 -0.44017636991700976 7.723461627960205 0.12135368787821713 -0.9877728239510606 0.09786792478694413 7.635689735412598 -0.42829590016021674 -0.14105314332324834 -0.8925618368855912 10.630728721618652
0.9032847620341515 0.06336935738502578 -0.4243359084752489 7.7028045654296875 0.12130846115829569 -0.9863976375041199 0.11092320757035823 7.668747425079346 -0.41153480524533054 -0.1516707792255957 -0.8986851944929259 10.687285423278809
0.9123692542910149 0.05148729917227597 -0.4061174729661388 7.6810994148254395 0.11235957494992095 -0.9854553306655338 0.12748771383924465 7.690895080566406 -0.3936466305476665 -0.1619470570489893 -0.9048842362267346 10.726205825805664
0.9219778579936923 0.03671213118267955 -0.38549844201162314 7.663602828979492 0.10081696690681852 -0.9839228135763715 0.14741721781280026 7.711660385131836 -0.37388871145445474 -0.17478019438135106 -0.9108562538067929 10.756841659545898
0.9320523043352973 0.01978560118355803 -0.3617831283643112 7.6498918533325195 0.08656765442422137 -0.981750010408317 0.1693309135118517 7.729239463806152 -0.3518302761144229 -0.18914398496667773 -0.9167551525681077 10.77961540222168
0.9421598063141455 -4.592796985010417e-06 -0.33516398873536213 7.642312049865723 0.06880416643316525 -0.9786995697036814 0.19342476300429068 7.739965438842773 -0.3280257399161368 -0.2052977161118334 -0.9220910810281898 10.801606178283691
0.9518179590111534 -0.021809291766069924 -0.30588711593740736 7.63761043548584 0.047903389191590415 -0.9746491885183705 0.21855027939684973 7.749371528625488 -0.3028990561355408 -0.2226731104402696 -0.9266438623759691 10.81309700012207
0.960955398758912 -0.04618492928228973 -0.27282168884326397 7.634984970092773 0.016844374423865948 -0.9743792606683582 0.22427956534123314 7.751304626464844 -0.27619013133413994 -0.22011816982378749 -0.9355570547364053 10.82058334350586
0.9684851639671781 -0.07472496483277839 -0.23759769949687734 7.631218910217285 -0.02292248770439895 -0.9766269594912311 0.21371556226057836 7.752933502197266 -0.24801420671588567 -0.20153402101296325 -0.9475616030852225 10.82783317565918
0.9743086501071143 -0.10412042181326049 -0.19970376082558328 7.623596668243408 -0.06348574299425609 -0.9777305497061677 0.20003132906558124 7.762711524963379 -0.216083814208562 -0.18221391256625902 -0.9592214943923929 10.851600646972656
0.9774069321447094 -0.13865938884418744 -0.1595282510429543 7.610494136810303 -0.10887058566013649 -0.9771922656470848 0.18232518075552778 7.767569541931152 -0.18117087120584893 -0.16083796145460633 -0.9702104233523985 10.875582695007324
0.9776186111871061 -0.1733592594709321 -0.11919906969554725 7.598670959472656 -0.15310084270156774 -0.9748266184102621 0.1620900860721688 7.783912658691406 -0.1442982433180103 -0.14021280681344095 -0.9795500935535828 10.911641120910645
0.9743946283206355 -0.21100303301297527 -0.07767128400648265 7.579098701477051 -0.19916928033756667 -0.9702960482065541 0.13732143534262983 7.799357891082764 -0.10433937928560913 -0.11833553521267208 -0.9874765794874449 10.946024894714355
0.9675351559851781 -0.2500392483699528 -0.036825211572047274 7.55855131149292 -0.24479735642404274 -0.9633743137018493 0.10947230694240147 7.818757057189941 -0.06284883627034926 -0.09690359113098047 -0.9933074638828516 10.994413375854492
0.9572739452565066 -0.28918119598180986 0.0009108367431343006 7.540696620941162 -0.2883367912584672 -0.9542285246448977 0.07943436007668572 7.843943119049072 -0.0221017768474323 -0.07630307100341055 -0.9968396826047979 11.042888641357422
0.9436310869194925 -0.32876228709481614 0.038415236343447595 7.512775421142578 -0.3303458707683413 -0.9426923849542052 0.04693264339091753 7.872256755828857 0.02078406758658062 -0.05697741599562427 -0.9981591038511938 11.097145080566406
0.9270524208378922 -0.3678015373704733 0.07277250941475422 7.48478889465332 -0.3696152043438412 -0.9290971569201828 0.012770032133626886 7.905014991760254 0.06291589414817705 -0.03873631514160496 -0.9972668089096247 11.159311294555664
0.9072955852922419 -0.4071554025405293 0.10506759296408846 7.451455593109131 -0.4070879434889165 -0.913097660934712 -0.02306659622748864 7.940878868103027 0.10532866264779259 -0.02184352942216221 -0.9941975322073627 11.229120254516602
0.8854253487197302 -0.44563839713277803 0.13201655519468952 7.41913366317749 -0.44154144613699425 -0.8952004849213447 -0.06047514481041879 7.978443145751953 0.1451313308276192 -0.004744554512046299 -0.9894010238597323 11.304963111877441
0.8621492189459662 -0.4823892854228648 0.1549170796912946 7.385807037353516 -0.472434187240291 -0.8758821824569963 -0.09816486734557922 8.016719818115234 0.18304279007233976 0.011444639076329352 -0.9830383294861632 11.382379531860352
0.8391740116529769 -0.5153834720691797 0.17368608143477246 7.35223388671875 -0.49789797341708586 -0.8565151477369128 -0.13593899280329078 8.06122875213623 0.21882546980049686 0.027598521973674517 -0.9753736388438332 11.459640502929688
0.8155989028214755 -0.5476339372224592 0.18680337394874022 7.316850662231445 -0.5220300081910045 -0.8356797027261024 -0.17065785947243353 8.104033470153809 0.24956582351056208 0.0416713961110102 -0.9674607973874984 11.540336608886719
0.7935126203041444 -0.5757771780610812 0.19702376161790433 7.277273178100586 -0.5414625350946458 -0.8157801019542984 -0.20327603976935943 8.150371551513672 0.27776976888590726 0.054621117522920246 -0.9590935767763317 11.62315559387207
0.773833817904466 -0.6005920016797044 0.20117273618898776 7.236630439758301 -0.5575834169890932 -0.7966171971331227 -0.23345615076612333 8.196710586547852 0.30046955813553733 0.06848568281132864 -0.9513294675787675 11.703255653381348
0.7562390224904392 -0.622723793366718 0.20079247505240344 7.196063995361328 -0.570952608830857 -0.7779489224148053 -0.262313919918257 8.2442626953125 0.3195554088604094 0.08372903491984351 -0.9438611070382379 11.789268493652344
0.7412898032334703 -0.6421504074811075 0.19527488777088192 7.155102729797363 -0.5825695426707966 -0.7600699952245131 -0.2879345938086413 8.291875839233398 0.33331989975760773 0.09968177632474305 -0.9375294064157786 11.87955093383789
0.7317946625582479 -0.6560246873364297 0.18468400433280632 7.112554550170898 -0.5904168378306891 -0.745601372046423 -0.309008983054703 8.344512939453125 0.3404181685181775 0.11709057864589889 -0.93295512589572 11.97021198272705
0.7262336198018857 -0.666250842453943 0.16939464099805832 7.068098068237305 -0.5964309300438276 -0.7331834122021712 -0.3266683788777782 8.396505355834961 0.3418404235261018 0.13620535599231054 -0.9298350530295698 12.063763618469238
0.7255121167049777 -0.6719235473522852 0.14883183472558678 7.024025917053223 -0.6009611573797805 -0.7239300513705528 -0.3387786416576227 8.450658798217773 0.33537718442824616 0.15634585775181412 -0.9290199766037498 12.158611297607422
0.7284055417591024 -0.673699921342212 0.12471480552896085 6.9743475914001465 -0.6078423552317916 -0.7194190044329334 -0.3361011265184869 8.499298095703125 0.31615350373022527 0.1690109820225446 -0.9335321365838876 12.252547264099121
0.736236978633944 -0.6697954581186658 0.09658755393718571 6.923798561096191 -0.6116431607345216 -0.7196924456694593 -0.3285352759948267 8.557971954345703 0.2895647686073812 0.18280270219534367 -0.9395400027946839 12.34904956817627
0.7464121880234539 -0.6623745663880249 0.06425557853071227 6.872828483581543 -0.6128745649170435 -0.7218198073593803 -0.3214979523751469 8.61439037322998 0.25933301611593 0.2005893803418903 -0.9447276259569589 12.44783878326416
0.758929001353541 -0.6505187287577012 0.029191684432065837 6.818666458129883 -0.6108558240660971 -0.7267531378434904 -0.31414174959589525 8.674179077148438 0.2255702398567827 0.22057937385463988 -0.9489271872598279 12.550946235656738
0.7730828956758005 -0.634240084497038 -0.009074779926234164 6.765810966491699 -0.6058512461361696 -0.7340913494134644 -0.3066825040193349 8.737420082092285 0.18784861982130663 0.2425889649870932 -0.9517686116371569 12.655147552490234
0.78793548567566 -0.6137569744111636 -0.04959885860295777 6.709888458251953 -0.5979375730627005 -0.7434080276473334 -0.2996917802499586 8.795482635498047 0.14706573065452608 0.26579480956398693 -0.9527459210492031 12.756979942321777
0.8019535678670809 -0.5901811506163954 -0.09250234830731054 6.654712677001953 -0.5882887338805203 -0.7532944344482692 -0.2940473781867756 8.864269256591797 0.10385971584071328 0.2902304334255281 -0.9513040812164723 12.878161430358887
0.8149908602883212 -0.5628964549448648 -0.13761351189837984 6.599972724914551 -0.5765009521931731 -0.7635898898134271 -0.290821478393675 8.930522918701172 0.058622092822301686 0.31635116751044523 -0.9468291234683855 12.989435195922852
0.8263055586395259 -0.5330986787862051 -0.1817276050516911 6.537222862243652 -0.563045666000676 -0.7737910109501919 -0.29021896797165986 8.99576187133789 0.014096161153882583 0.34213048687464626 -0.939546714214701 13.102446556091309
0.8356964479850624 -0.49922329639989604 -0.2288832609798538 6.481230735778809 -0.5481195937849296 -0.7842052340251895 -0.2908385494334302 9.066375732421875 -0.03429807187283364 0.36850814273109295 -0.9289915989968298 13.218592643737793
0.8423434215801591 -0.46383902942981603 -0.2744283420097806 6.420485496520996 -0.5328692107373488 -0.793014082371196 -0.2952610191155025 9.136268615722656 -0.08067195528054188 0.3949455911117081 -0.9151557330272473 13.336715698242188
0.8455477912141571 -0.42667916635240594 -0.32092650525264566 6.362977504730225 -0.5183506189393741 -0.8000723472074236 -0.30198820354307254 9.205116271972656 -0.1279123474025408 0.4216979111103354 -0.8976688159600688 13.45595645904541
0.8456504068066424 -0.38949669906950374 -0.3649215133172079 6.30167818069458 -0.5040240707114233 -0.8077020488234425 -0.3059038026404704 9.276714324951172 -0.17559933260478786 0.4426169017789245 -0.879349277959776 13.577215194702148
0.843511843128521 -0.3497809947405073 -0.4076040066293102 6.237588405609131 -0.48532459250238724 -0.8214683934725228 -0.2994156282461963 9.359940528869629 -0.23010391220993454 0.4503808768631433 -0.8626756373873491 13.698199272155762
0.8376336147086898 -0.3121823846224418 -0.44823217894468514 6.171392440795898 -0.46834814265815167 -0.8327605005841245 -0.29522866719805263 9.435604095458984 -0.2811048643810955 0.4572221641590931 -0.8437582282994114 13.824808120727539
0.8296139391322069 -0.2752711505480103 -0.4857638373464178 6.104330539703369 -0.45090450711370766 -0.8434099329681947 -0.29213834126168614 9.512579917907715 -0.3292807881764237 0.4613951437180063 -0.8238256392534485 13.952743530273438
0.8195100137737408 -0.23896451199837593 -0.5208639931209889 6.0375752449035645 -0.43329148392594347 -0.8532273039560545 -0.2902785864323041 9.596057891845703 -0.37504909982803225 0.4635721408683451 -0.8027696076265731 14.08615493774414
0.8082035270630824 -0.20400300033892185 -0.5524398923824304 5.969226360321045 -0.41516755201270394 -0.8626849472341113 -0.2888089084004465 9.682221412658691 -0.41766369557165517 0.46277149617105473 -0.7819204433527948 14.215944290161133
0.7956517233422729 -0.17233442531173465 -0.5807229812870726 5.9011993408203125 -0.3998265961590481 -0.86958930738263 -0.28974666432880203 9.764745712280273 -0.4550571701955052 0.4627259257252312 -0.7607941176924193 14.345582008361816
0.7828562968349827 -0.14353640553245234 -0.6054199524236389 5.836658954620361 -0.38432924762198556 -0.876762145576755 -0.2891006217668233 9.862181663513184 -0.4893128323763197 0.45900483697938166 -0.741544005235964 14.498851776123047
0.7698890358345003 -0.11841847664098631 -0.62709483883369 5.766423225402832 -0.37303672346306016 -0.880784061330814 -0.2916556878470589 9.953545570373535 -0.5177977167290021 0.4584719202913357 -0.7222804322800163 14.654134750366211
0.7594893591797955 -0.09670968156792578 -0.6432908757192923 5.662837982177734 -0.3610558551857621 -0.8852567129742583 -0.2931880310825961 10.027344703674316 -0.5411234450000679 0.4549371271121338 -0.7072606504296819 14.784652709960938
0.7487963611805405 -0.07428474144747677 -0.6586241619245858 5.600097179412842 -0.3486816199464046 -0.8892305343859473 -0.2961252853561031 10.16586685180664 -0.5636711252089579 0.4513876758439069 -0.691754312384031 14.952836036682129
0.7394463106565202 -0.058814253091708124 -0.670641511755517 5.536225318908691 -0.34271908874278956 -0.8903161839857766 -0.2998011319930539 10.228131294250488 -0.5794504119144043 0.45152848876484986 -0.6784977847907522 15.109613418579102
0.7305184618720459 -0.04318657027786313 -0.6815260061154933 5.471368312835693 -0.33445643833567007 -0.8927361516179482 -0.3019288897243756 10.324618339538574 -0.5953836307120968 0.44850538875470747 -0.6666042668165804 15.272628784179688
0.7233905517302734 -0.030514834858704404 -0.6897644195817269 5.4046854972839355 -0.32691778735369836 -0.895075253369165 -0.3032574007635875 10.413893699645996 -0.6081372131181685 0.44486979629962636 -0.6574648236683058 15.433176040649414
0.7181616255748743 -0.022113558989796916 -0.6955248881675326 5.301351547241211 -0.3212515311979808 -0.8971496518704373 -0.3031830401782165 10.485067367553711 -0.6172854552430397 0.4411728602912446 -0.6514024670569148 15.593680381774902
0.7144010605227402 -0.008144177782384493 -0.6996890717256009 5.229371547698975 -0.31444276113052483 -0.8970201284773591 -0.3106133272721467 10.624930381774902 -0.6251054908546204 0.44191465406197034 -0.6433930088435009 15.756536483764648
0.7114187723670449 0.0002897334104856042 -0.7027682735997104 5.150691032409668 -0.30867504317696465 -0.8982470619594252 -0.3128449031084882 10.725025177001953 -0.6313501786199681 0.4394907641075193 -0.6389403886284877 15.923662185668945
0.7107820378077115 0.007422702136619552 -0.7033731571668825 5.04810905456543 -0.3037296672464134 -0.8986830635136772 -0.3164127693188992 10.841886520385742 -0.6344581814148983 0.438535807941225 -0.6365132843775038 16.08840560913086
0.7106150862209735 0.014564943426549237 -0.7034302109364798 4.9874958992004395 -0.2970843505808274 -0.9000754918762706 -0.31875538828960714 10.952593803405762 -0.6377829473066265 0.43549049512781746 -0.635280206505918 16.24591064453125
0.7117556272228893 0.018328297092577273 -0.7021880094691434 4.8779120445251465 -0.2937292066706841 -0.9002966257667788 -0.3212306628912679 11.052749633789062 -0.6380651066036774 0.4348908589044371 -0.6354076333946572 16.43001937866211
0.7126712214038572 0.022415203231432174 -0.7011399923316513 4.797599792480469 -0.2886084022147176 -0.9016128540031557 -0.3221792228982992 11.159839630126953 -0.639378542300101 0.43196275320955374 -0.6360843179059047 16.621789932250977
0.7156518692479212 0.027208432830573948 -0.6979270042238375 4.713070869445801 -0.28185835076274673 -0.9030155457110298 -0.32422028670259895 11.280776023864746 -0.6390604604787098 0.4287454085901272 -0.6385758392435656 16.793628692626953
0.7193694682920303 0.02969734609695536 -0.6939925329022204 4.616972923278809 -0.2757300646626214 -0.9047943692470689 -0.3245305545244479 11.380645751953125 -0.6375582322661896 0.4248119784252754 -0.6426929931592652 16.968122482299805
0.7233012645849533 0.031912814017300936 -0.6897947904640225 4.514774322509766 -0.26952763879955355 -0.9066489218823848 -0.3245652236032792 11.484418869018555 -0.6357594927116266 0.42067719780255075 -0.6471789263225811 17.15811538696289
0.728344149294328 0.03514306113687571 -0.6843096999478024 4.4177165031433105 -0.2618389354674928 -0.9086184220712344 -0.32535048016874074 11.596551895141602 -0.6332102115900942 0.41614604206541467 -0.6525850899394793 17.30147933959961
0.7337377397031924 0.038311633371294146 -0.6783517878532297 4.328233242034912 -0.2537224416338937 -0.9107309980049673 -0.3258741657207752 11.707210540771484 -0.6302807723122965 0.4112192456844638 -0.6585171827918502 17.480606079101562
0.7397624787286058 0.04182628849212833 -0.671566851963587 4.201309680938721 -0.24217785875448677 -0.914628673636951 -0.32373488241183357 11.810315132141113 -0.6277749276567207 0.40212554128292466 -0.6664785737392568 17.631103515625
0.7446229243852436 0.0484089420832607 -0.665727628093012 4.117302894592285 -0.2296830635462248 -0.9178770757731192 -0.3236469744802333 12.003865242004395 -0.6267235361784245 0.3939013177136723 -0.6723535982676407 17.868173599243164
0.7520434097468408 0.0517328551545022 -0.6570802245950705 4.03932523727417 -0.21675225128549958 -0.9220561119306826 -0.3206727116764691 12.03351879119873 -0.6224541520618306 0.3835834174581007 -0.6822130095741002 17.895280838012695
0.7556015439706103 0.057248531337170644 -0.6525250281858671 3.8558545112609863 -0.20461962130293107 -0.9256926560887069 -0.31815706347852823 12.254087448120117 -0.6222516511244264 0.373919392547608 -0.6877406273805213 18.26849365234375
0.759624270831894 0.05917561582585379 -0.6476644298205239 3.8243370056152344 -0.19216226357655486 -0.9309672221431838 -0.31044113089624337 12.23058032989502 -0.6213249002094219 0.3602752805656181 -0.6958139770032773 18.337316513061523
0.7631712166649572 0.06855252024584757 -0.6425498004217817 3.689453125 -0.17836780278771672 -0.9333782731746464 -0.311432056946932 12.480520248413086 -0.6210914755354567 0.35228617789157946 -0.7000998699355195 18.676616668701172
0.766137315666843 0.07671218521648143 -0.6380821688326013 3.5958809852600098 -0.16137316979012023 -0.938079649285231 -0.306537553439684 12.638672828674316 -0.6220870627289183 0.3378192005144324 -0.70631853589517 18.83422088623047
0.7682577646539489 0.08307022780065249 -0.6347277718062017 3.5296106338500977 -0.1469908737412199 -0.9421574956472049 -0.30121908377886725 12.73343276977539 -0.6230358658100756 0.3247130897406743 -0.711609246191584 19.007387161254883
0.7696754088898577 0.08907546515645032 -0.6321908940006905 3.5194292068481445 -0.1346001210074652 -0.9453219971875194 -0.2970675496552516 12.798852920532227 -0.6240853886889245 0.3137385585811244 -0.7156015263290264 19.174179077148438
0.7687894701827545 0.09183724384434498 -0.6328733452905048 3.4512686729431152 -0.12334725501043926 -0.9497569598712485 -0.2876580815091308 12.843494415283203 -0.6274935897820072 0.29921169398804986 -0.7188352780458762 19.393890380859375
0.7750789366447143 0.09912639926125207 -0.6240405427047171 3.2443246841430664 -0.10661618481791742 -0.9529403345904709 -0.28379166274834927 12.921957969665527 -0.6228046492316597 0.2864937620265055 -0.728035502716268 19.426067352294922
0.7708848485288256 0.10966729607956288 -0.6274628550593944 3.2141590118408203 -0.08692784892199273 -0.9577387160648496 -0.2741898992163065 13.097858428955078 -0.6310151340423495 0.26591283519426173 -0.7287731229185559 19.55341339111328
0.76367209996767 0.10874230528125575 -0.6363804167108594 3.2064414024353027 -0.08616980292769355 -0.9597249398909882 -0.26740008379699853 13.070613861083984 -0.6398278587201182 0.2590427586198031 -0.7235448572219079 19.9721622467041
0.7604117268655181 0.12271207007837857 -0.6377427016457973 2.927489757537842 -0.06672027545072819 -0.9620298120799101 -0.2646640238363955 13.393261909484863 -0.6460049616598778 0.24380399612510922 -0.7233513675830355 20.258296966552734
0.7567896593629639 0.12717797449157997 -0.6411670408602645 2.8212409019470215 -0.05203360672597554 -0.9660560719134648 -0.253037881927219 13.441014289855957 -0.6515841582269903 0.22485868611940643 -0.7244837168800129 20.270973205566406
0.7490207989036937 0.13244338745144363 -0.6491737763727519 2.718502998352051 -0.04141382903045149 -0.968541029714411 -0.24538371691044467 13.529167175292969 -0.6612508885247033 0.2106822794639727 -0.7199723880435662 20.424846649169922
0.7350476339570226 0.13758508679600231 -0.6639091200650277 2.6966681480407715 -0.03302321988751101 -0.9707676592494389 -0.23773855115152498 13.628745079040527 -0.67721078163482 0.19667357638153038 -0.7090169684787905 20.66241455078125
0.723770233051895 0.1419828191710694 -0.6752758908833048 2.553248405456543 -0.024032574404764938 -0.97282215374089 -0.23030304504807508 13.712520599365234 -0.6896224221380023 0.18291510667840333 -0.7006875042651634 20.808273315429688
0.7099480295091508 0.14329499282978622 -0.6895218201231818 2.4279351234436035 -0.017299307508127387 -0.9752372700523478 -0.22048356188292895 13.773054122924805 -0.7040415679175579 0.16846012029781893 -0.6898888740322106 20.96898078918457
0.6893237423019511 0.14749535146251302 -0.7092798457560898 2.3990468978881836 -0.012607786174581234 -0.9764644329379264 -0.21530967218169664 13.920332908630371 -0.7243437181522381 0.15736051761532624 -0.6712405272845401 21.19234275817871
0.6740576274369102 0.14728435805066736 -0.7238464151791639 2.1951751708984375 -0.009854809049569035 -0.9780401830266033 -0.2081832921343236 13.977757453918457 -0.7386130229238586 0.14746090417087307 -0.6578039860842958 21.29571533203125
0.6516418197737207 0.14445978134628285 -0.7446437472344596 2.0512466430664062 -0.010358763232220555 -0.9799109593723933 -0.19916628159950833 14.031527519226074 -0.7584560862345904 0.1374986664490242 -0.6370545361100944 21.457012176513672
0.6218841842442114 0.1484111171357292 -0.7689175519504263 2.0157437324523926 -0.008279288787152644 -0.9805768896480106 -0.1959602430734668 14.19482135772705 -0.7830654600760338 0.1282306663741483 -0.6085765206094885 21.62871742248535
0.5924396903443108 0.14991905647798498 -0.791542475050763 1.8934283256530762 -0.011714146442470999 -0.9808252264777317 -0.19453702444015733 14.345273971557617 -0.8055296345125121 0.124523698988011 -0.5793236196742557 21.85277557373047
0.5556939028493746 0.14584008153167827 -0.8184955448595083 1.8141779899597168 -0.013810202528511853 -0.9827390244510827 -0.1844811321708965 14.461345672607422 -0.8312722566296503 0.11381862958131128 -0.544088002916882 22.17474365234375
0.5203590192300136 0.14176671498463445 -0.8420977910126851 1.6913418769836426 -0.017032227605231647 -0.9842043314951672 -0.17621503082584794 14.565594673156738 -0.8537777195082933 0.10603788185651569 -0.509724997702292 22.388309478759766
0.48094652777341323 0.13662963991019986 -0.8660385551005837 1.6155366897583008 -0.023851773632067558 -0.9853782968345737 -0.16870300833713509 14.664555549621582 -0.8764254276989584 0.1017936816575763 -0.47065541116329884 22.636878967285156
0.44204404538125863 0.13524609503656243 -0.8867387189698738 1.5184526443481445 -0.03986833208384661 -0.9846284624028572 -0.17005089568431386 14.818431854248047 -0.8961069010111594 0.11052277956849615 -0.4298571124881263 22.872879028320312
0.40316864356935217 0.13395952656490728 -0.9052678554355913 1.4189982414245605 -0.05465169876385586 -0.9839377088679009 -0.16994050985568643 14.970890998840332 -0.9134923298335205 0.11798911098186898 -0.38937171574863366 23.064594268798828
0.35963380961256963 0.1293029158375148 -0.9240910555456461 1.3110246658325195 -0.07432599035558368 -0.9832354189492932 -0.16650452871099072 15.101816177368164 -0.9301285772092005 0.1285646408602459 -0.3439941321872574 23.338167190551758
0.31944785737079984 0.12701169545022772 -0.9390532975502849 1.19842529296875 -0.08900538501136779 -0.9825739831294774 -0.16317600655749537 15.25520133972168 -0.9434146001945186 0.1357070259637731 -0.30257642876450985 23.57184600830078
0.2772526942798641 0.12200543855659321 -0.9530192109696265 1.0990266799926758 -0.10239685890736103 -0.982503467251646 -0.15556934185243473 15.37201976776123 -0.9553249849137528 0.14071819285759415 -0.259908759757017 23.827787399291992
0.24089578521007277 0.11973135175393124 -0.9631373858776321 0.9977116584777832 -0.11211809504623133 -0.982284719800771 -0.1501541275127819 15.511211395263672 -0.9640532938749945 0.14415662542213215 -0.22320419780030215 24.03278350830078
0.2043258715574363 0.1169022064181601 -0.9718975318143679 0.8780429363250732 -0.12295162309857113 -0.9819162891513898 -0.1439558942057992 15.651105880737305 -0.9711507795341161 0.1489102925715017 -0.18625758555438432 24.269851684570312
0.1715760139238115 0.11802134482359548 -0.9780759856023695 0.765600323677063 -0.130792689974915 -0.9812812428256684 -0.14135202413703796 15.802925109863281 -0.976450174712024 0.15217780601829545 -0.1529279950182969 24.494169235229492
0.13782739338826674 0.11421511982294474 -0.9838488278366889 0.703850269317627 -0.13714703801153444 -0.9815592215111171 -0.1331622492719042 15.908526420593262 -0.9809150317924887 0.15328535830378712 -0.11962148357724425 24.764223098754883
0.10936387218172579 0.11250052917311004 -0.9876148917453552 0.5985045433044434 -0.14149881667190994 -0.9816940010997273 -0.12749499239287002 16.029590606689453 -0.9838788687342913 0.15368968456138812 -0.0914431655048789 25.012283325195312
0.08808562742194252 0.11376905648142957 -0.9895946261116255 0.5026674866676331 -0.1460946304060344 -0.9812377815859522 -0.12581245945773084 16.170032501220703 -0.9853412004012654 0.1556567305824077 -0.06981189738281597 25.245546340942383
0.07092097171638478 0.11505482881973413 -0.9908242034468403 0.39747387170791626 -0.14977588930774877 -0.9808354333531141 -0.12461555144155101 16.310466766357422 -0.9861731079039201 0.15723943221810022 -0.05232936272163779 25.484350204467773
0.06040926873114035 0.11537101345604797 -0.9914838624533903 0.2974475622177124 -0.14953458807003442 -0.9810426463827393 -0.1232669174964494 16.42685890197754 -0.9869093814642224 0.15570759529475672 -0.0420121118896715 25.710662841796875
0.05591023672487197 0.1176519890541463 -0.9914797299496201 0.19894564151763916 -0.1507920461716984 -0.9806473766299627 -0.12486985833308367 16.557022094726562 -0.9869831833626757 0.15648876055607014 -0.03708724280536088 25.94609832763672
0.05835116703428121 0.12172580829730266 -0.9908470966300026 0.0991206169128418 -0.16123033824093602 -0.9783589245370224 -0.12968651745449175 16.694725036621094 -0.9851902960019708 0.16732197217678604 -0.03746249178071405 26.1802978515625
0.06713907564880539 0.12489357781562332 -0.9898959231865929 -0.011500746011734009 -0.17192168780126055 -0.9758467508179275 -0.13478149792037467 16.828718185424805 -0.9828200637881739 0.17923368304676132 -0.0440455341312057 26.411258697509766
0.08027631909535414 0.12752235424007033 -0.9885816920020171 -0.10995692014694214 -0.1803621824255737 -0.9735528240955522 -0.1402297466526225 16.940162658691406 -0.9803189255253543 0.18955987936439672 -0.055153027044491564 26.651979446411133
0.09800576438375484 0.1330154185798118 -0.9862564415848413 -0.1936466097831726 -0.19054635769943706 -0.970184130715783 -0.1497826360922345 17.07636833190918 -0.9767737484776268 0.20260713444323233 -0.06973803379553979 26.91183853149414
0.12608335983683772 0.13700289025430917 -0.9825137120845796 -0.3083930015563965 -0.1946042558374651 -0.9677578730785171 -0.15991836262446896 17.203676223754883 -0.9727446581617402 0.2113643942496239 -0.09535681864076963 27.078731536865234
0.1527079898906957 0.14159050830570924 -0.9780758650438494 -0.4219682216644287 -0.20160856704780983 -0.9644078314992598 -0.1710892171816339 17.336544036865234 -0.9674886332750748 0.22331516406331747 -0.11872692189601172 27.30923843383789
0.18351387478593967 0.14485056013629702 -0.9722864665258135 -0.5218820571899414 -0.2077442138134802 -0.9610298421570104 -0.18238416628285198 17.46091651916504 -0.9608147581027624 0.23545691264406104 -0.14627044438319575 27.538654327392578
0.21880534222963147 0.15006203522776707 -0.964160571582905 -0.623328685760498 -0.21238157892528842 -0.9570905359502739 -0.19715925270607706 17.59691619873047 -0.9523750769234646 0.24790944229237752 -0.1775461102849257 27.735990524291992
0.25390133220841055 0.1541993501619109 -0.9548595048028999 -0.7318582534790039 -0.21451640200304467 -0.9536471900161976 -0.21104442718508093 17.7335205078125 -0.9431419971427754 0.2584174866061799 -0.2090540022139791 27.951839447021484
0.28505521236025066 0.15547673585665475 -0.9458173769357445 -0.802635669708252 -0.2206701050951876 -0.9496058137428874 -0.22260616169142114 17.86136245727539 -0.932763759278592 0.2721686666629138 -0.23638101925366273 28.255041122436523
0.32162556628509215 0.1567964076654405 -0.9337943465533547 -0.9040822982788086 -0.22243025499256275 -0.9460855639563077 -0.23547162745736153 17.97542953491211 -0.9203704562705917 0.28343781013952235 -0.2694090403226566 28.474456787109375
0.3581157929165813 0.1586992303550877 -0.9200911004614877 -1.0102453231811523 -0.22347185095648303 -0.9422372076215817 -0.2494982492996059 18.110553741455078 -0.9065392493950893 0.29496372464794324 -0.3019652139700874 28.69361686706543
0.3980994490077127 0.16225726889852243 -0.9028784012198698 -1.100961685180664 -0.21733489453543126 -0.939528859335919 -0.26467161935541916 18.25116729736328 -0.8912252085287022 0.30159260794081066 -0.3387617548048067 28.81943702697754
0.4320977005659067 0.16041441145340907 -0.8874450933797043 -1.223383903503418 -0.21860961509807536 -0.936071322785836 -0.27564526994789146 18.349645614624023 -0.8749293762083469 0.3131097176007653 -0.36940613339743256 29.058866500854492
0.4606965964339751 0.16242578796741952 -0.872568913861429 -1.3469953536987305 -0.21925905679427082 -0.9318145874115511 -0.2892179812887289 18.52181053161621 -0.8600489009631009 0.3245603766484808 -0.39367048385922765 29.35223960876465
0.4898726160671849 0.16172687112408551 -0.85666168303707 -1.453080177307129 -0.2159237463086427 -0.9295176038382447 -0.2989547790801287 18.645904541015625 -0.8446311359448767 0.3314233596342012 -0.42042454838085463 29.569826126098633
0.5138663357111191 0.1615533220952899 -0.8425211648040678 -1.5442075729370117 -0.21433441320412244 -0.9267835467549324 -0.3084364063802986 18.781700134277344 -0.8306636794390809 0.3390763654168833 -0.4416164286758411 29.820709228515625
0.5355880225945353 0.16277193689718078 -0.828643932344898 -1.661025047302246 -0.2091382552855378 -0.9251148849570923 -0.31689689144412114 18.933212280273438 -0.8181727569586981 0.34302732571847117 -0.46143861301481603 30.05734634399414
0.5555099651048844 0.15615193236553612 -0.8167161396027869 -1.7699909210205078 -0.2115172074295981 -0.9233620014733727 -0.32041080692803026 19.016874313354492 -0.8041574159518485 0.3507409132872813 -0.4799079725489558 30.294010162353516
0.5682068557559266 0.1564099565357413 -0.8078842086391163 -1.8788213729858398 -0.20888773365642627 -0.922194875554704 -0.32545741077524426 19.163944244384766 -0.7959314567221512 0.35368423345850697 -0.49132532929111505 30.550724029541016
0.5787828645034626 0.15551357337210253 -0.8005160362255126 -1.992903709411621 -0.2050045496257838 -0.9223759250266635 -0.32740767792453546 19.29396629333496 -0.7892930573556922 0.3536073831642185 -0.5019743899661192 30.775890350341797
0.5860703539465257 0.15600753919406737 -0.795099483045742 -2.107210159301758 -0.19881274771899807 -0.9236029252881659 -0.3277668801809681 19.435035705566406 -0.7854903128425051 0.35017036441388727 -0.51028000579763 30.9954833984375
0.5865104552933095 0.15111302450006095 -0.7957200133577633 -2.1942520141601562 -0.20561449834735926 -0.922477005686675 -0.3267397313592426 19.544815063476562 -0.7834080443172631 0.35524783997343345 -0.5099713798765683 31.25979995727539
0.5861551762405404 0.15053785635468528 -0.7960907380258593 -2.295037269592285 -0.20387569950560955 -0.9235633283683342 -0.3247544882589043 19.676136016845703 -0.7841280561984245 0.35266008038526353 -0.5106604147426546 31.488849639892578
0.5826095164483649 0.1502816692041244 -0.7987374858143471 -2.3938417434692383 -0.20297704873572242 -0.9247118589507477 -0.322037723880897 19.80999755859375 -0.7869983920125495 0.34974762017356864 -0.5082421993032324 31.71218490600586
0.5751105480934555 0.15150736411632695 -0.8039237377327332 -2.4961729049682617 -0.19972085945102333 -0.9269627448538948 -0.31757148479213 19.95792007446289 -0.7933217731613006 0.3431990505107148 -0.5028468712806653 31.959514617919922
0.5665077669770863 0.15141922823762954 -0.8100254114992663 -2.5904130935668945 -0.1988842081648461 -0.9287921754079004 -0.31271419322394395 20.089561462402344 -0.7996962058790059 0.3382562818647728 -0.4960530879671468 32.18643569946289
0.5567146700644393 0.1504804682961578 -0.8169604670952026 -2.677827835083008 -0.19799990129184875 -0.9310741884850647 -0.3064260018753247 20.209463119506836 -0.8067619321853634 0.3323499423773794 -0.48854754177898785 32.4030647277832
0.5460904860433664 0.14991836333818767 -0.8242024419928147 -2.7665491104125977 -0.1971480582666266 -0.9332248696787993 -0.3003730775796772 20.328962326049805 -0.8141976566992923 0.32652079098732306 -0.4800691084400186 32.61025619506836
0.5340027466087895 0.15006399208516769 -0.8320588109585353 -2.84853458404541 -0.1960024221542338 -0.9353411348770755 -0.2944826173419034 20.4505672454834 -0.8224500696844413 0.32034006881176624 -0.47006182911371397 32.82051086425781
0.5232653949971934 0.1484094294814764 -0.8391471668541902 -2.9350404739379883 -0.19616257070633597 -0.9372967435707908 -0.28808863279461994 20.565898895263672 -0.8292849765022355 0.3153560776845348 -0.4613425755500058 33.017520904541016
0.5110821080132718 0.1461084247007269 -0.8470226721287821 -3.0022077560424805 -0.19739974033544974 -0.9391543932619418 -0.2811091747565189 20.673561096191406 -0.8365574824148114 0.31087192515289325 -0.45114324196149347 33.21217346191406
0.5006718180651353 0.14681747213165694 -0.8530957510574191 -3.0931224822998047 -0.19399137395844043 -0.9414158871668663 -0.27586858142879944 20.78326988220215 -0.8436202210859269 0.30361284107674325 -0.44285908064331214 33.39967727661133
0.4920376643901265 0.14472885671647898 -0.8584593728622517 -3.1681156158447266 -0.193573952806013 -0.9432110323735493 -0.2699668001882441 20.883010864257812 -0.8487803376708046 0.2990092079558166 -0.4360796165163771 33.57752227783203
0.4843623750361459 0.1423777176538848 -0.8632043067345149 -3.2330141067504883 -0.1940352314528055 -0.9446128486311418 -0.2646826310055413 20.981199264526367 -0.8530787880403544 0.2956943552329499 -0.4299086294539456 33.753807067871094
0.4798291507512198 0.13773123378352273 -0.8664837524903927 -3.3051061630249023 -0.19631394281513456 -0.945706706854318 -0.2590360215629036 21.07117462158203 -0.8551168469546951 0.2943958760771448 -0.42673908445680386 33.92498016357422
0.4768425488665216 0.13593478683573768 -0.8684140241373361 -3.368955612182617 -0.19622653732292705 -0.9465737679472025 -0.2559164861522015 21.16572380065918 -0.8568058879587215 0.29243774647291787 -0.42469263567562426 34.09059143066406
0.477787138204756 0.13280253793657598 -0.8683794887511529 -3.428534507751465 -0.19726379693920765 -0.9470435398638956 -0.253368364282499 21.250959396362305 -0.8560411467816464 0.2923559808173357 -0.4262880897903402 34.246734619140625
0.48152232176539034 0.13098728378615176 -0.8665902059958872 -3.4930953979492188 -0.19809120731173957 -0.9469162587435754 -0.2531984844205189 21.337158203125 -0.8537541374584638 0.2935846222359006 -0.4300138862399193 34.402042388916016
0.49045263842556186 0.12815640990860033 -0.8619931229776393 -3.5518064498901367 -0.19876760514593422 -0.946605413815036 -0.25382992274476596 21.419029235839844 -0.8484972885083103 0.2958278640280572 -0.43879178007187225 34.547061920166016
0.5037354528521661 0.12640888853946952 -0.8545591766741722 -3.6005859375 -0.1976858050263618 -0.9461169941092761 -0.2564818823010846 21.49595832824707 -0.8409345491956568 0.2981332359128115 -0.45160342958535366 34.67516326904297
0.5210346186202184 0.12379526846069609 -0.8445103064534072 -3.6546459197998047 -0.19846934439035624 -0.9447340411291094 -0.2609358366900265 21.570358276367188 -0.8301402565449683 0.3035660110068421 -0.46766957504722084 34.808868408203125
0.5410067070118249 0.12131014868927768 -0.8322232818139657 -3.7067394256591797 -0.19814642770942092 -0.9433007277761806 -0.26631134065774165 21.641075134277344 -0.8173430957402266 0.30897829179719705 -0.48629484784837007 34.93928909301758
0.5647938854004105 0.11625596968684997 -0.8170020908948017 -3.7542219161987305 -0.20098001245412334 -0.9408395010927478 -0.27281507982054404 21.70448875427246 -0.8003842212389298 0.31828537933075035 -0.5080152711248275 35.060569763183594
0.5908788761078794 0.11289877187232641 -0.7988216453497049 -3.8006820678710938 -0.2016595785265121 -0.9380589127763226 -0.2817425962637053 21.768606185913086 -0.7811501572412304 0.3275657849510906 -0.5315120773523185 35.17841339111328
0.6188025762133522 0.10566350594139698 -0.7784077306809659 -3.840543746948242 -0.2050785673273098 -0.9348190294672469 -0.28992440975001293 21.8254451751709 -0.7583047889171589 0.3390407138649984 -0.5567991033103554 35.28635025024414
0.6480084165746026 0.10003148584625779 -0.7550356242508467 -3.880526542663574 -0.20563940797649485 -0.9315411865068987 -0.29990573807180754 21.881650924682617 -0.7333467978627524 0.3496065212216569 -0.5830761137139285 35.390750885009766
0.6779292608545218 0.0933754435064916 -0.7291727805035014 -3.919548988342285 -0.20585532634293738 -0.9281032876124324 -0.31023841177268335 21.933818817138672 -0.7057163041148221 0.36042379787267137 -0.6099665433723027 35.48875427246094
0.7091628514758214 0.08753630307621851 -0.6995894837191527 -3.957040786743164 -0.20520678525355346 -0.9236771863911092 -0.3235902202269193 21.98642349243164 -0.6745207375407996 0.3730386722370116 -0.6370745039970312 35.580467224121094
0.7394306175328205 0.07898643351993055 -0.6685832073682624 -3.988384246826172 -0.20440779455936803 -0.9198724379540917 -0.3347419176257591 22.030582427978516 -0.6414513351598908 0.3841820417617108 -0.6640364021718961 35.66665267944336
0.7688564256178676 0.06963306118866082 -0.635618622741352 -4.019504547119141 -0.20301032777477518 -0.9160387803069641 -0.34591871847373096 22.072593688964844 -0.6063386872061648 0.39499897438249915 -0.6901660717782923 35.7462272644043
0.79591294585451 0.06029846769587091 -0.6024007614659248 -4.038326263427734 -0.20016899148249637 -0.9128565766966252 -0.3558444115489224 22.11581802368164 -0.5713623696657633 0.4038031267526894 -0.714484483634652 35.820709228515625
0.8223248353165703 0.04886581354970185 -0.5669162173440631 -4.066526412963867 -0.19856605399294855 -0.9090312181406494 -0.3663792661265048 22.146984100341797 -0.5332479605429773 0.4138530859035034 -0.7378158549834114 35.89166259765625
0.8480792546513073 0.03824838079187484 -0.5284871230189843 -4.094104766845703 -0.19578151370679253 -0.9041910269463783 -0.3796158396067411 22.18097496032715 -0.49237300567837816 0.4254123272267198 -0.7593373263068176 35.95233154296875
0.8716822063120571 0.0264725369932505 -0.4893560421452723 -4.114721298217773 -0.19290720528480226 -0.8993919144012739 -0.3922766810031141 22.214635848999023 -0.4505074265183113 0.43634090926104185 -0.7788771851563605 36.00200653076172
0.8912890969915731 0.013769583708118746 -0.45322637185897646 -4.127033233642578 -0.1900566552599688 -0.8961544626585426 -0.400980855962691 22.23699951171875 -0.4116821751974932 0.4435285533330228 -0.7961157007640137 36.05415344238281
0.9095150901418583 0.0006966389627178493 -0.41567032068503895 -4.139913558959961 -0.18672224309003982 -0.8927417765635397 -0.41005722077973344 22.258562088012695 -0.3713719223900369 0.45056812478506575 -0.8118320393948477 36.09551239013672
0.9254911917416759 -0.012346557320238205 -0.3785678493096196 -4.158989906311035 -0.18342228022600063 -0.8890688899754804 -0.4194195703522452 22.276655197143555 -0.3313945097995247 0.4576068961457045 -0.8250900602204754 36.13555908203125
0.9387551315835787 -0.02567993303309192 -0.34362675094484985 -4.161467552185059 -0.1805316040891039 -0.8860576230580572 -0.4269780188086046 22.292762756347656 -0.29350833523174935 0.46286329478596805 -0.8364271800278642 36.15817642211914
0.9500043161409041 -0.038895705236175554 -0.3098046536574853 -4.17434024810791 -0.17790376302054398 -0.8828301560996329 -0.43469663741996967 22.30277442932129 -0.25659705847258657 0.46807909544785165 -0.8456121510408524 36.185638427734375
0.9588316977596689 -0.051504489421252714 -0.27926521971195534 -4.174371719360352 -0.17071182701448515 -0.8904238125565136 -0.4219039062982223 22.316326141357422 -0.22693445637162973 0.45220871464599033 -0.8625590014077495 36.19847106933594
0.9661107093555023 -0.06408178423105293 -0.2500472399335236 -4.182111740112305 -0.16569903231385644 -0.8967239608520711 -0.4104022036052252 22.318401336669922 -0.19792404593393878 0.43792654973584094 -0.8769529115509008 36.210426330566406
0.9715925620601458 -0.07654694278939597 -0.22393851588996194 -4.186827659606934 -0.16257620678151136 -0.9035150111495158 -0.39652188037487346 22.314836502075195 -0.17197927298932586 0.42166478413200115 -0.8902931761419806 36.21879959106445
0.9757880614464436 -0.08789470912701938 -0.20028025176254524 -4.181958198547363 -0.16134732068137847 -0.9074947715434718 -0.38784053647111527 22.323135375976562 -0.14766415017712417 0.4107648472407769 -0.8997041397169012 36.21529006958008
0.9789526328388922 -0.0986048896398571 -0.17868636880554967 -4.187101364135742 -0.16097996502756046 -0.9112502434654819 -0.37908896666063163 22.32549285888672 -0.12544797135676095 0.3998750673938195 -0.9079442367013857 36.222991943359375
0.9811432164390564 -0.10885400499713717 -0.1597147282867392 -4.187570571899414 -0.16181074532521791 -0.9145448735686804 -0.3707087224851128 22.328622817993164 -0.1057131568581752 0.3895619075645489 -0.9149132465112467 36.226600646972656
0.9827812668558001 -0.11746980418015956 -0.14262477562886317 -4.1936354637146 -0.16246366325826106 -0.9170503965300228 -0.36417595794455465 22.33548927307129 -0.08801442857858566 0.38107665282722664 -0.9203445251817289 36.234046936035156
0.9834940430431187 -0.12625260039855324 -0.12961384259138237 -4.189635276794434 -0.16519286926066806 -0.9188022250218084 -0.35848819679370486 22.337997436523438 -0.07382941990919503 0.37398228860144894 -0.9244925443551693 36.239810943603516
0.9840324971170622 -0.1338135507802116 -0.11736259304033234 -4.19818115234375 -0.16733658639692592 -0.9202161086126912 -0.35383722289032843 22.343950271606445 -0.06065073347110553 0.3678263817037973 -0.9279144580467045 36.25313949584961
0.9841301937302719 -0.1405378697582955 -0.10833683100505652 -4.198821067810059 -0.17005980679147417 -0.9213089770715833 -0.349670460407166 22.351913452148438 -0.0506697533294201 0.3625449984913781 -0.9305878250688767 36.26063537597656
0.9842155356118016 -0.14533543625307718 -0.10098212925811426 -4.2036027908325195 -0.17176619250469735 -0.9218828306919722 -0.34731602552689156 22.355484008789062 -0.04261636508213731 0.35917914394419515 -0.9322951185020232 36.27328109741211
0.984244134923539 -0.14900265253169098 -0.09519292204326386 -4.212541580200195 -0.1730425808006223 -0.9223463080567081 -0.34544688917982824 22.366071701049805 -0.03632833740311893 0.35647650350714644 -0.9335977476134166 36.2876091003418
0.9839183677928997 -0.15260025882275163 -0.0928321416697139 -4.213921546936035 -0.1755311625835747 -0.9222813377017701 -0.34436310064972453 22.37002182006836 -0.03306745351271074 0.35512011367178686 -0.9342356492790896 36.30127716064453
0.9836272638990169 -0.1550576477713508 -0.09183970591280065 -4.221584320068359 -0.17745843415863602 -0.9221630622005912 -0.3436914180755665 22.37647247314453 -0.03139920159015269 0.35436197959211785 -0.9345810171189315 36.316654205322266
0.9833869507139974 -0.1555649262934769 -0.09353961124962572 -4.222987651824951 -0.17854662943014987 -0.92186779553928 -0.34391985791268487 22.38323402404785 -0.03272928787124381 0.3549074826695736 -0.9343283536640572 36.32958984375
0.9834422225426902 -0.1535060493892978 -0.09631867794558038 -4.232485771179199 -0.1776422803517227 -0.9216982590845584 -0.3448413250060585 22.39739418029785 -0.03584152831191678 0.35624178867924045 -0.9337061490891454 36.34656524658203
0.9831679200900229 -0.1519457277548669 -0.10145608272992981 -4.239879608154297 -0.1780793751225074 -0.9211047603989907 -0.3461990128904119 22.407087326049805 -0.040848219812322006 0.3584389992556085 -0.9326590517176158 36.37136459350586
0.9831178985043781 -0.14697558553108078 -0.10898336982370838 -4.2441277503967285 -0.17632276108242537 -0.9201235853152162 -0.3496896791026895 22.421581268310547 -0.04888232364163114 0.3630024311274898 -0.9305051066119555 36.38127136230469
0.982825826139731 -0.1420354356121939 -0.11781057042222387 -4.234371185302734 -0.17551007409210423 -0.9166884137846362 -0.3589966099076594 22.44426727294922 -0.057005345055876316 0.37350808165749566 -0.9258736974186049 36.36740493774414
0.9823176118878635 -0.1348322854523633 -0.12989366487483853 -4.251291751861572 -0.17317808453451977 -0.9180120993744375 -0.3567395919141752 22.446401596069336 -0.07114394149805849 0.37292632007117704 -0.9251294500697135 36.41504669189453
0.9817315785940106 -0.12598127329201436 -0.1425897134124159 -4.262703895568848 -0.1682348378486792 -0.9248106355231227 -0.34120716252351235 22.464908599853516 -0.08888277068892891 0.35896240360661835 -0.9291102441968975 36.43690490722656
0.9805529297760841 -0.11773345827428372 -0.15701842156357212 -4.274710178375244 -0.16373159291587513 -0.9318657470704498 -0.3237563820499343 22.475648880004883 -0.10820313021705194 0.3431691452325083 -0.933020375110652 36.45916748046875
0.9788062642657619 -0.1071431265777793 -0.17452405983486005 -4.2769856452941895 -0.15710420813879017 -0.9395257730812087 -0.3043182372143366 22.494796752929688 -0.13136424482783562 0.32528706113722927 -0.9364463481895356 36.48044204711914
0.9765333405278595 -0.09592185241148506 -0.19282539528664 -4.293872833251953 -0.14944552800075936 -0.946504020059547 -0.2860003044958004 22.50996208190918 -0.15507633281089006 0.30810572575183603 -0.9386278244122429 36.50815963745117
0.9735212237573817 -0.08338908040009055 -0.2128442814922614 -4.308626174926758 -0.14007307076657824 -0.9534234673829295 -0.26713896512776486 22.529165267944336 -0.180654260231944 0.2898792043481892 -0.9398585452856775 36.53466033935547
0.969495718966207 -0.06993791991328697 -0.23491857794648754 -4.318963050842285 -0.12916953933186454 -0.9603223266299619 -0.2471765747088725 22.55088996887207 -0.20831053985574324 0.26998095550282725 -0.9400622333924435 36.55950164794922
0.964253911466865 -0.05632870440815415 -0.2589236784856688 -4.331699848175049 -0.11859912760394986 -0.9655501934253375 -0.2316183734246382 22.5741024017334 -0.2369570449521035 0.2540470449267063 -0.9377160859298378 36.58395004272461
0.9573542908926914 -0.04295015171689305 -0.285706223552878 -4.336559772491455 -0.10677758241444359 -0.9714727619479181 -0.2117527347804739 22.59257698059082 -0.2684610020153354 0.23322940908208573 -0.9346297305008774 36.61094284057617
0.9492590403913104 -0.02736719429996738 -0.3133022676450277 -4.346905708312988 -0.09270060510422533 -0.9762948278420798 -0.19558887223488586 22.618385314941406 -0.3005226647836719 0.21470781496012636 -0.929293646887984 36.63515090942383
0.93966455118143 -0.012228909207691173 -0.3418786115459577 -4.355556488037109 -0.0779936619675615 -0.980700022408104 -0.17928874683491497 22.640644073486328 -0.3330878561969673 0.19513564468936606 -0.922482823810706 36.660099029541016
0.9280240851566761 0.0025316483122586816 -0.372511594619466 -4.370466232299805 -0.06426251325519092 -0.9838974848435773 -0.1667814998991459 22.662704467773438 -0.36693545312389847 0.1787157801519089 -0.9129178731766914 36.69126892089844
0.9146833638245492 0.01669770686999174 -0.4038261142223108 -4.379670143127441 -0.04968160838054622 -0.9869239471906678 -0.15333903694204382 22.681106567382812 -0.4011060729175376 0.16031939697639608 -0.9018933469217939 36.71522521972656
0.899423506593862 0.033711025258006594 -0.43577622991904347 -4.396004676818848 -0.033650709080646365 -0.9887210139393381 -0.14593966689401708 22.7102108001709 -0.4357808916930281 0.14592574608622358 -0.8881445214965908 36.74755096435547
0.8810149222415595 0.04716099953647718 -0.4707319268016767 -4.399075508117676 -0.018979952152359564 -0.9906941868860428 -0.13477681360863436 22.720489501953125 -0.472707592708212 0.12767485340866003 -0.8719212485099124 36.78208541870117
0.8617239914239002 0.062457581040507526 -0.5035184337986354 -4.421843528747559 -0.006940873501523549 -0.9908504212857442 -0.13478600414323216 22.75600242614746 -0.507329860031418 0.11964319123306594 -0.853406069765191 36.807106018066406
0.839336574081613 0.07814207603305623 -0.5379664779167792 -4.434638023376465 0.006927322633938034 -0.9910717346528313 -0.13314964879169983 22.77880096435547 -0.5435679604337122 0.1080307026982225 -0.8323840698045957 36.839683532714844
0.8146864614662527 0.09432025936891786 -0.5721797428921931 -4.446285247802734 0.020177805767865147 -0.9906972025010173 -0.13458049305546738 22.799156188964844 -0.5795505376220356 0.09809557395335661 -0.80901077416359 36.868629455566406
0.7866253774848848 0.11184225015134622 -0.6072164577626713 -4.441612243652344 0.031517403180321285 -0.9894485020451071 -0.1414153990817918 22.82477569580078 -0.6166256309897695 0.09210305576785746 -0.7818502787137007 36.884063720703125
0.7577593430008497 0.12876621339924058 -0.6397030876756357 -4.45159912109375 0.04106132084809023 -0.9878031303000795 -0.1501963504868688 22.835336685180664 -0.6512409277871983 0.0875456341354918 -0.7538043618331508 36.90529251098633
0.7255197988260864 0.1489947746438334 -0.6718791399055255 -4.455272674560547 0.04780244295743003 -0.984835268594215 -0.16677655764603772 22.858699798583984 -0.686539108834054 0.08888223029263943 -0.7216398001631765 36.92021942138672
0.6899282208209294 0.16575784402287966 -0.7046441564788245 -4.455503463745117 0.05261146036150697 -0.9823375793736973 -0.1795686898901227 22.862533569335938 -0.7219633538854288 0.08681714862348434 -0.6864631806232517 36.93633270263672
0.6529022880683786 0.185998273157569 -0.7342501240159776 -4.454607009887695 0.05476888487221407 -0.9784365546354727 -0.19915390481464218 22.873218536376953 -0.7554594439709721 0.08981397962159199 -0.649010383260239 36.94084930419922
0.6132474383483516 0.2061592381293012 -0.7625129165418322 -4.44603157043457 0.05329068369757556 -0.9739384395653895 -0.22046319186653185 22.87835121154785 -0.7880911637559641 0.09456365301150517 -0.6082516199229476 36.94168472290039
0.5715863974890099 0.22780936712735073 -0.7882841381472621 -4.448511123657227 0.04920405744578077 -0.9684744313536706 -0.24420531637344994 22.87862777709961 -0.819065291009458 0.1007976590165685 -0.564775956464483 36.94727325439453
0.5293546138458718 0.24952657978607085 -0.8108761796848848 -4.444890975952148 0.03134482928600192 -0.9608699039321451 -0.27522087383492827 22.883575439453125 -0.8478214402084435 0.12027266396690368 -0.5164622849978349 36.949676513671875
0.4841993457812916 0.2730751746772332 -0.8312526345943017 -4.446160316467285 0.015307181589843677 -0.9525473217498778 -0.30400541116715407 22.89460563659668 -0.8748238015376266 0.1344750861763376 -0.46540280130347494 36.97102737426758
0.4412285051847092 0.29760736413874206 -0.8466092741181481 -4.45125150680542 -0.003524152642117584 -0.942825921275462 -0.3332669538361575 22.91517448425293 -0.8973878685165197 0.15003046017881394 -0.4149528581151252 36.98965072631836
0.39886993434862633 0.32388737365997233 -0.8579042747628479 -4.463871002197266 -0.024131405038013864 -0.9315163805626876 -0.36289793060071524 22.938241958618164 -0.91668994254525 0.16545150929210545 -0.3637380201592218 37.01578903198242
0.35407125202736384 0.3435452336278475 -0.869833444367002 -4.4702982902526855 -0.0450651468059248 -0.9227379806297547 -0.382784210289143 22.956666946411133 -0.9341320468922664 0.17473205646048476 -0.31123307570686404 37.056396484375
0.30898669210799906 0.36425270211779026 -0.8785483442019824 -4.472541809082031 -0.06545472326891694 -0.913416097118402 -0.40172965129148175 22.9807186126709 -0.948811310694569 0.18163425482236087 -0.25839135854973866 37.10318374633789
0.27017265137725693 0.39287849923734636 -0.8790069529217581 -4.50148868560791 -0.08858584085932697 -0.8989423220330824 -0.4290166086027626 23.02118492126465 -0.9587279526784589 0.193776124676856 -0.20806615836841516 37.15244674682617
0.2277945020112338 0.41522725151135775 -0.8807360526603745 -4.51638650894165 -0.11151085088759996 -0.8874407599941002 -0.4472295021970459 23.062911987304688 -0.9673029489191987 0.20008804837725241 -0.15585178185957588 37.21623992919922
0.18011310697693964 0.44977338686003904 -0.8747932150900367 -4.5439019203186035 -0.1293098918294247 -0.8707927823514611 -0.47434047063229123 23.13089942932129 -0.9751093377515038 0.19855435194689308 -0.09868104555978993 37.29927444458008
0.1412470384004533 0.47209176463254143 -0.8701601231435705 -4.5679731369018555 -0.15048806193906217 -0.858518452040962 -0.49020343809383393 23.182239532470703 -0.9784695280676479 0.2001884943530056 -0.05021901404598448 37.37885284423828
0.1102256339609604 0.4953472322245196 -0.8616736210105379 -4.601578712463379 -0.17096090277246853 -0.8445854167447445 -0.507393184370197 23.23566436767578 -0.9790927838265008 0.2032402355578589 -0.008409952987923866 37.4484748840332
0.0773009739602639 0.5132759531611029 -0.8547352545270119 -4.625278949737549 -0.18993181331286663 -0.8340194114108949 -0.5180130574430637 23.289094924926758 -0.9787494397017455 0.20238433065923295 0.03301691970995001 37.5313720703125
0.04897230021944597 0.5297800427291888 -0.8467200364566057 -4.654634475708008 -0.2082568643192229 -0.8236885550236654 -0.5274146782058222 23.344532012939453 -0.9768473740944086 0.20216396970994877 0.06999240727374421 37.61582565307617
0.02122010572395687 0.5469621376209024 -0.8368883600112006 -4.690734386444092 -0.2242417207053991 -0.8131458909053223 -0.537130720401348 23.409027099609375 -0.9743024981021785 0.19906325656173285 0.10539668912680249 37.7139778137207
0.002642326488974764 0.5608247535199351 -0.827930319501605 -4.725286483764648 -0.24090009365412637 -0.8031933486664017 -0.5448372137946209 23.473295211791992 -0.9705463219177943 0.20088812930921612 0.13298043658555514 37.80119705200195
-0.011571893582468226 0.5708004328143763 -0.8210072820492137 -4.761314392089844 -0.253807824320912 -0.7958493243655921 -0.5497321540717043 23.534435272216797 -0.9671854421942058 0.2020166300227574 0.1540830996632896 37.89143753051758
-0.03187561283116616 0.575388552004206 -0.8172588081685879 -4.785390853881836 -0.26853251181173843 -0.7925406435685554 -0.5475122084410711 23.598926544189453 -0.9627430786075359 0.20200827338117427 0.1797732518447631 38.00320816040039
-0.039499420576079525 0.5841126614492422 -0.8107109191992157 -4.833220481872559 -0.2812594912650423 -0.7850386894244579 -0.5519124520067105 23.674663543701172 -0.9588184887388664 0.20621991863399786 0.1952958033627547 38.106361389160156
-0.050695167046978074 0.589862378122773 -0.8059108976266707 -4.877323150634766 -0.29144128602868513 -0.7805629852546097 -0.5529768556172658 23.75251007080078 -0.9552444592019498 0.20684245436021892 0.21148102098820976 38.228363037109375
-0.05485273960976582 0.5885779430388445 -0.8065774494278066 -4.9105224609375 -0.30093816200227 -0.779976639085249 -0.5487008885831832 23.826719284057617 -0.9520648085125292 0.21263218817818255 0.21990941985863005 38.34358596801758
-0.06067537730662695 0.6003747774721606 -0.7974137101680359 -4.984607696533203 -0.3062317529897358 -0.7715559532592161 -0.5576051689601663 23.915220260620117 -0.9500213745224535 0.2103604943080232 0.23066826913329944 38.472110748291016
-0.060524732835717104 0.5996226360624055 -0.7979908840561633 -5.03652286529541 -0.3114243419523197 -0.7708940715398558 -0.5556412599009077 23.99429702758789 -0.9483415186285632 0.2148837471431368 0.23339524258003788 38.600624084472656
-0.05914697315257876 0.5976307885703062 -0.7995868158741251 -5.088922500610352 -0.3151736033249515 -0.771198642029997 -0.553098774450147 24.076305389404297 -0.9471891233191259 0.21929453956704542 0.23397151446708908 38.73721694946289
-0.05544492765902724 0.5986137739677407 -0.7991166433087122 -5.158472061157227 -0.3170302060566125 -0.7694861209161841 -0.554421282207912 24.163537979125977 -0.946793382129695 0.22260426620678672 0.2324427504181426 38.878604888916016
-0.049335316940558135 0.5954996230228067 -0.8018392765898099 -5.225927352905273 -0.3176376877265318 -0.7704912151680832 -0.5526749376302067 24.246116638183594 -0.9469278356021207 0.22742798053121283 0.2271655515992188 39.024925231933594
-0.04439580748796021 0.5902295713855784 -0.8060136880596316 -5.287757873535156 -0.3178807118589275 -0.773221765637823 -0.548707530631747 24.330167770385742 -0.9470907376305366 0.23185589103131407 0.22195040096499477 39.17971420288086
-0.03386472066897099 0.5835824221593249 -0.8113474824270226 -5.356431007385254 -0.3163153895085761 -0.7763391486357554 -0.5451991385315536 24.410783767700195 -0.9480494475785797 0.23817867839537166 0.21088660958862177 39.334022521972656
-0.02518880786448162 0.5812072022075685 -0.8133656693396993 -5.438785552978516 -0.313178647729708 -0.7772549974355384 -0.5457048685577884 24.50170135498047 -0.9493601311223039 0.2409831053487614 0.20159981243024516 39.500274658203125
-0.011316751986241061 0.5713481829767402 -0.8206297489938197 -5.507729530334473 -0.31245765034118855 -0.7816072745886344 -0.5398706188091652 24.580432891845703 -0.9498642786565592 0.2503024612729664 0.1873673664567811 39.66399002075195
0.0019432589658774646 0.5636795494150726 -0.8259912767794899 -5.586802005767822 -0.3084460136452094 -0.7853809321035516 -0.5366915763774717 24.668495178222656 -0.9512398648137967 0.2558166473460569 0.17233851145246762 39.83918380737305
0.01544847391445002 0.5558492946928579 -0.8311395227295879 -5.669588088989258 -0.30453327044434064 -0.7891309733035201 -0.5334152174108963 24.755489349365234 -0.9523764128989067 0.26135008812413263 0.15708373433083211 40.01823425292969
0.031682734699427464 0.5474430053466111 -0.836243003091228 -5.7530999183654785 -0.3012026970270573 -0.7925390618882006 -0.5302440670908041 24.84212875366211 -0.9530336508358936 0.2686782300046672 0.13978150484225998 40.19966125488281
0.045262193314905774 0.5375086199273528 -0.8420426458084629 -5.8374834060668945 -0.29774140199890486 -0.7973388832836203 -0.5249769163875262 24.928804397583008 -0.9535729607072814 0.27447256458127445 0.12394926341099222 40.3956184387207
0.06154296771623084 0.530762461241722 -0.8452831909255666 -5.929250717163086 -0.294000932986872 -0.7996748317304162 -0.523529956067252 25.021759033203125 -0.9538217414839772 0.28073363395496354 0.10683029644680746 40.58946228027344
0.08104938350028722 0.5256484672596777 -0.8468321476548789 -6.026030540466309 -0.2908876293159055 -0.800163859173071 -0.5245209105309625 25.116165161132812 -0.9533180920055989 0.28884509229136845 0.088051849009519 40.78194808959961
0.09512755447738226 0.5250250373185684 -0.8457537812908604 -6.12769079208374 -0.28714909214787465 -0.7990198172526113 -0.5283112061240562 25.222909927368164 -0.9531506424788287 0.29311438351988034 0.07475166162672515 40.997066497802734
0.10884953785141231 0.5168627477686494 -0.8491199432816163 -6.2246294021606445 -0.2847465566486345 -0.8021888414621458 -0.5247975429728746 25.319076538085938 -0.9524028436466787 0.2989079500492783 0.059857003024360186 41.210811614990234
0.12340587530681953 0.5090355893067804 -0.8518531321529883 -6.310299873352051 -0.28251806096130905 -0.8048703681662378 -0.5218881447959965 25.427255630493164 -0.9512909834379908 0.30506795844048207 0.04448601535917225 41.42757034301758
0.13647178073555224 0.5097915676689644 -0.8494045035178983 -6.4141387939453125 -0.2808433591986362 -0.802339712040731 -0.5266668720134416 25.548974990844727 -0.9500012950816927 0.3104247799645139 0.033674847098242006 41.65562438964844
0.15138093379130307 0.503175113247203 -0.8508223188734164 -6.494957447052002 -0.28112611237837837 -0.8032813428933239 -0.5250782733064828 25.677749633789062 -0.9476560145028851 0.31867521015630096 0.019854183648413126 41.874107360839844
0.16372307770702876 0.5006081752239583 -0.8500507095021316 -6.581070899963379 -0.2814601857751415 -0.8021583053215371 -0.5266139164768654 25.83111000061035 -0.9455024683466254 0.3254742817837053 0.009569443443593437 42.09535217285156
0.1737830234929818 0.49780440187680935 -0.8497000872176665 -6.6735405921936035 -0.27859581035070685 -0.8027298899733588 -0.527265680846376 25.989479064941406 -0.9445548344064896 0.32835270855504084 -0.0008146065907402855 42.3213005065918
0.18436208040917984 0.4909335753991997 -0.8514662928460276 -6.777315139770508 -0.2793172084111153 -0.8044263338123154 -0.5242901587429416 26.150562286376953 -0.9423335504971796 0.3344884123778215 -0.011179516641775633 42.533451080322266
