0.000000000000000000e+00 0.000000000000000000e+00 0.000000000000000000e+00 0.000000000000000000e+00 0.000000000000000000e+00 0.000000000000000000e+00 1.000000000000000000e+00
2.101287394762039185e-01 1.970415934920310974e-02 1.114738285541534424e-01 8.127824403345584869e-03 -1.147582475095987320e-02 4.679064266383647919e-03 9.998901486396789551e-01
4.114257991313934326e-01 4.667240381240844727e-02 2.320055514574050903e-01 1.549750845879316330e-02 -2.255214937031269073e-02 9.108531288802623749e-03 9.995840787887573242e-01
6.089677214622497559e-01 7.218718528747558594e-02 3.523415923118591309e-01 1.483601145446300507e-02 -3.318892791867256165e-02 1.272168848663568497e-02 9.992579817771911621e-01
7.982114553451538086e-01 1.070907860994338989e-01 4.774034619331359863e-01 1.479748357087373734e-02 -4.333820566534996033e-02 1.640046574175357819e-02 9.988161921501159668e-01
9.891742467880249023e-01 1.389336287975311279e-01 5.964449048042297363e-01 1.458404678851366043e-02 -5.334992334246635437e-02 1.919348724186420441e-02 9.982848763465881348e-01
1.176383733749389648e+00 1.664465963840484619e-01 7.203978300094604492e-01 1.369478274136781693e-02 -6.349668651819229126e-02 2.178659103810787201e-02 9.976502060890197754e-01
1.353427171707153320e+00 2.079609632492065430e-01 8.420093059539794922e-01 1.478097308427095413e-02 -7.247776538133621216e-02 2.408755384385585785e-02 9.969695210456848145e-01
1.532079458236694336e+00 2.422055155038833618e-01 9.579408764839172363e-01 1.499789394438266754e-02 -8.128264546394348145e-02 2.596684917807579041e-02 9.962399005889892578e-01
1.708049416542053223e+00 2.681539654731750488e-01 1.075518369674682617e+00 1.425930019468069077e-02 -9.009118378162384033e-02 2.733964286744594574e-02 9.954560399055480957e-01
1.881332039833068848e+00 3.001967966556549072e-01 1.193345069885253906e+00 1.464890409260988235e-02 -9.885749220848083496e-02 2.816633693873882294e-02 9.945949912071228027e-01
2.048972606658935547e+00 3.444309234619140625e-01 1.305387496948242188e+00 1.570583134889602661e-02 -1.063555330038070679e-01 3.063105791807174683e-02 9.937320947647094727e-01
2.223886728286743164e+00 3.680950999259948730e-01 1.413627386093139648e+00 1.481933519244194031e-02 -1.145603880286216736e-01 3.171117231249809265e-02 9.927994012832641602e-01
2.389942169189453125e+00 4.064171612262725830e-01 1.516779422760009766e+00 1.591607742011547089e-02 -1.217240840196609497e-01 3.332901746034622192e-02 9.918765425682067871e-01
2.554302692413330078e+00 4.420446753501892090e-01 1.620574712753295898e+00 1.680597849190235138e-02 -1.290221065282821655e-01 3.490846231579780579e-02 9.908846020698547363e-01
2.719309091567993164e+00 4.700532853603363037e-01 1.716359496116638184e+00 1.724103279411792755e-02 -1.358578950166702271e-01 3.531474247574806213e-02 9.899486303329467773e-01
2.882557868957519531e+00 4.994751811027526855e-01 1.809336423873901367e+00 1.788262650370597839e-02 -1.425117701292037964e-01 3.607259690761566162e-02 9.889739155769348145e-01
3.047406435012817383e+00 5.260657668113708496e-01 1.898375153541564941e+00 1.797114685177803040e-02 -1.490830481052398682e-01 3.742835670709609985e-02 9.879526495933532715e-01
3.207668542861938477e+00 5.528072118759155273e-01 1.984800577163696289e+00 1.891403459012508392e-02 -1.556906253099441528e-01 3.804621100425720215e-02 9.868916869163513184e-01
3.373265027999877930e+00 5.807596445083618164e-01 2.071012020111083984e+00 1.925001852214336395e-02 -1.627815663814544678e-01 3.974576294422149658e-02 9.856733083724975586e-01
3.538028478622436523e+00 5.876524448394775391e-01 2.145453214645385742e+00 1.845026202499866486e-02 -1.691777110099792480e-01 3.859934955835342407e-02 9.846565723419189453e-01
3.694190263748168945e+00 6.123787164688110352e-01 2.224370241165161133e+00 1.899784244596958160e-02 -1.750228852033615112e-01 3.976968303322792053e-02 9.835773706436157227e-01
3.859854698181152344e+00 6.328082680702209473e-01 2.302316188812255859e+00 1.940317824482917786e-02 -1.812482774257659912e-01 4.049634933471679688e-02 9.824116230010986328e-01
4.025902748107910156e+00 6.604521870613098145e-01 2.372653961181640625e+00 1.878951303660869598e-02 -1.868953406810760498e-01 4.175994172692298889e-02 9.813119769096374512e-01
4.199830055236816406e+00 6.749832630157470703e-01 2.447806835174560547e+00 1.749904826283454895e-02 -1.932789534330368042e-01 4.187742620706558228e-02 9.800935387611389160e-01
4.381590366363525391e+00 6.977485418319702148e-01 2.521803855895996094e+00 1.715960912406444550e-02 -1.994169503450393677e-01 4.249630868434906006e-02 9.788423776626586914e-01
4.555754661560058594e+00 7.263082861900329590e-01 2.591245651245117188e+00 1.759008876979351044e-02 -2.047547399997711182e-01 4.371251910924911499e-02 9.776785373687744141e-01
4.734519481658935547e+00 7.440944314002990723e-01 2.655039787292480469e+00 1.767883822321891785e-02 -2.096452265977859497e-01 4.422119259834289551e-02 9.766170382499694824e-01
4.927376747131347656e+00 7.451490759849548340e-01 2.727007150650024414e+00 1.656738482415676117e-02 -2.156612426042556763e-01 4.339744523167610168e-02 9.753627181053161621e-01
5.104997158050537109e+00 7.927826046943664551e-01 2.778310537338256836e+00 1.933023147284984589e-02 -2.186100333929061890e-01 4.607146978378295898e-02 9.745324254035949707e-01
5.304619312286376953e+00 7.980799078941345215e-01 2.852947473526000977e+00 1.887590438127517700e-02 -2.238893806934356689e-01 4.606411606073379517e-02 9.733423590660095215e-01
5.507054805755615234e+00 8.238931298255920410e-01 2.910728931427001953e+00 1.996344886720180511e-02 -2.277598232030868530e-01 4.727029427886009216e-02 9.723643660545349121e-01
5.705399513244628906e+00 8.268219828605651855e-01 2.963871240615844727e+00 2.022116072475910187e-02 -2.305949628353118896e-01 4.627251252532005310e-02 9.717385768890380859e-01
5.905786514282226562e+00 8.360341787338256836e-01 3.014729499816894531e+00 2.055892720818519592e-02 -2.331290096044540405e-01 4.619134217500686646e-02 9.711305499076843262e-01
6.102608680725097656e+00 8.447715044021606445e-01 3.062416315078735352e+00 2.127918414771556854e-02 -2.350688725709915161e-01 4.544530063867568970e-02 9.706825017929077148e-01
6.303645610809326172e+00 8.677247762680053711e-01 3.096619606018066406e+00 2.254436723887920380e-02 -2.351707369089126587e-01 4.607918485999107361e-02 9.705993533134460449e-01
6.487093925476074219e+00 8.929140567779541016e-01 3.132693529129028320e+00 2.417129464447498322e-02 -2.340346425771713257e-01 4.570350795984268188e-02 9.708525538444519043e-01
6.683173656463623047e+00 9.086238145828247070e-01 3.184597492218017578e+00 2.453368343412876129e-02 -2.335906028747558594e-01 4.502759128808975220e-02 9.709820151329040527e-01
6.859640121459960938e+00 9.613516330718994141e-01 3.221409559249877930e+00 2.700084447860717773e-02 -2.303215712308883667e-01 4.575802013278007507e-02 9.716630578041076660e-01
7.059299945831298828e+00 9.313970804214477539e-01 3.302437067031860352e+00 2.443686686456203461e-02 -2.296539247035980225e-01 4.097414761781692505e-02 9.721023440361022949e-01
7.236015319824218750e+00 9.562300443649291992e-01 3.351728439331054688e+00 2.505411766469478607e-02 -2.252018302679061890e-01 3.878886252641677856e-02 9.732173085212707520e-01
7.422184944152832031e+00 9.864820837974548340e-01 3.422129869461059570e+00 2.508303150534629822e-02 -2.204611003398895264e-01 3.722489625215530396e-02 9.743623733520507812e-01
7.594654083251953125e+00 1.013181567192077637e+00 3.482813119888305664e+00 2.488749660551548004e-02 -2.139295190572738647e-01 3.450336679816246033e-02 9.759222865104675293e-01
7.777453422546386719e+00 1.041137218475341797e+00 3.546634197235107422e+00 2.436752058565616608e-02 -2.066548317670822144e-01 3.143575415015220642e-02 9.776051044464111328e-01
7.954998016357421875e+00 1.060100317001342773e+00 3.610299110412597656e+00 2.356257289648056030e-02 -1.980345547199249268e-01 2.745016291737556458e-02 9.795272350311279297e-01
8.080348968505859375e+00 1.087598085403442383e+00 3.669088125228881836e+00 2.245663478970527649e-02 -1.869172155857086182e-01 2.368898130953311920e-02 9.818332195281982422e-01
8.243831634521484375e+00 1.112528681755065918e+00 3.729706048965454102e+00 2.159572020173072815e-02 -1.762657016515731812e-01 1.949687488377094269e-02 9.839125275611877441e-01
8.421424865722656250e+00 1.130014896392822266e+00 3.789824485778808594e+00 1.991060562431812286e-02 -1.656303256750106812e-01 1.497489213943481445e-02 9.858731627464294434e-01
8.558468818664550781e+00 1.132896542549133301e+00 3.853580951690673828e+00 1.747781969606876373e-02 -1.531921029090881348e-01 9.351649321615695953e-03 9.879975914955139160e-01
8.782011985778808594e+00 1.184181213378906250e+00 3.918707847595214844e+00 1.741398125886917114e-02 -1.438140273094177246e-01 6.313455756753683090e-03 9.894313812255859375e-01
8.867938041687011719e+00 1.188658356666564941e+00 3.950674057006835938e+00 1.532613579183816910e-02 -1.294842809438705444e-01 7.877536118030548096e-04 9.914627075195312500e-01
9.100051879882812500e+00 1.233391046524047852e+00 4.038438796997070312e+00 1.468781474977731705e-02 -1.207660585641860962e-01 -3.172769444063305855e-03 9.925673007965087891e-01
9.231473922729492188e+00 1.278860807418823242e+00 4.062740325927734375e+00 1.405611354857683182e-02 -1.077659726142883301e-01 -6.472264882177114487e-03 9.940558671951293945e-01
9.375909805297851562e+00 1.245312809944152832e+00 4.133313179016113281e+00 1.117818243801593781e-02 -9.797076880931854248e-02 -1.317424234002828598e-02 9.950392842292785645e-01
9.508328437805175781e+00 1.305157184600830078e+00 4.207138061523437500e+00 1.048815157264471054e-02 -8.826956152915954590e-02 -1.712145097553730011e-02 9.958942532539367676e-01
9.568531036376953125e+00 1.340752005577087402e+00 4.272507667541503906e+00 8.433682844042778015e-03 -7.764874398708343506e-02 -2.284570410847663879e-02 9.966832995414733887e-01
9.677218437194824219e+00 1.384555578231811523e+00 4.335233688354492188e+00 7.643566932529211044e-03 -6.880173832178115845e-02 -2.640433050692081451e-02 9.972515702247619629e-01
9.764842033386230469e+00 1.450015664100646973e+00 4.425176143646240234e+00 6.862794514745473862e-03 -6.067387014627456665e-02 -3.066637553274631500e-02 9.976628422737121582e-01
9.950330734252929688e+00 1.551214694976806641e+00 4.555953025817871094e+00 7.512615062296390533e-03 -5.880476906895637512e-02 -3.239951282739639282e-02 9.977153539657592773e-01
1.017837810516357422e+01 1.640982508659362793e+00 4.595450878143310547e+00 9.260197170078754425e-03 -5.824093520641326904e-02 -3.404274955391883850e-02 9.976789951324462891e-01
1.028460121154785156e+01 1.700798034667968750e+00 4.657706260681152344e+00 9.812841191887855530e-03 -5.678374692797660828e-02 -3.690315410494804382e-02 9.976559877395629883e-01
1.040434837341308594e+01 1.766672492027282715e+00 4.736416816711425781e+00 1.068744156509637833e-02 -5.776182189583778381e-02 -3.743428364396095276e-02 9.975710511207580566e-01
1.046644783020019531e+01 1.845848917961120605e+00 4.818328380584716797e+00 1.199504639953374863e-02 -6.037596613168716431e-02 -3.914280608296394348e-02 9.973357915878295898e-01
1.054706764221191406e+01 1.939343214035034180e+00 4.925171852111816406e+00 1.367033459246158600e-02 -6.684906780719757080e-02 -3.983964398503303528e-02 9.968736767768859863e-01
1.054970836639404297e+01 2.042480707168579102e+00 4.995067119598388672e+00 1.605726592242717743e-02 -7.377852499485015869e-02 -3.926055505871772766e-02 9.963721632957458496e-01
1.055620002746582031e+01 2.166805267333984375e+00 5.088801860809326172e+00 1.756071485579013824e-02 -8.369722962379455566e-02 -3.782765567302703857e-02 9.956181049346923828e-01
1.054540634155273438e+01 2.301406383514404297e+00 5.158513545989990234e+00 1.945289038121700287e-02 -9.545368701219558716e-02 -3.611316531896591187e-02 9.945883750915527344e-01
1.051060104370117188e+01 2.416450738906860352e+00 5.233330726623535156e+00 2.056544832885265350e-02 -1.079735904932022095e-01 -3.419066220521926880e-02 9.933527708053588867e-01
1.047844600677490234e+01 2.530626773834228516e+00 5.297261714935302734e+00 2.227465808391571045e-02 -1.222068518400192261e-01 -3.211117163300514221e-02 9.917349219322204590e-01
1.044561862945556641e+01 2.630901098251342773e+00 5.386117935180664062e+00 2.288424596190452576e-02 -1.372748166322708130e-01 -2.928881160914897919e-02 9.898353815078735352e-01
1.042212677001953125e+01 2.761518239974975586e+00 5.424262046813964844e+00 2.601761929690837860e-02 -1.536313295364379883e-01 -2.659865096211433411e-02 9.874274730682373047e-01
1.038187980651855469e+01 2.881734848022460938e+00 5.508670330047607422e+00 2.796736545860767365e-02 -1.695131510496139526e-01 -2.305339463055133820e-02 9.848612546920776367e-01
1.035978126525878906e+01 2.993371486663818359e+00 5.588979721069335938e+00 3.003986366093158722e-02 -1.862987279891967773e-01 -1.866764016449451447e-02 9.818563461303710938e-01
1.031771373748779297e+01 3.107971191406250000e+00 5.665391445159912109e+00 3.198749572038650513e-02 -2.022834569215774536e-01 -1.498877722769975662e-02 9.786897301673889160e-01
1.026499557495117188e+01 3.214007854461669922e+00 5.710301399230957031e+00 3.414975106716156006e-02 -2.166945338249206543e-01 -9.833950549364089966e-03 9.755924344062805176e-01
1.024224948883056641e+01 3.347157478332519531e+00 5.798077106475830078e+00 3.683931380510330200e-02 -2.322264313697814941e-01 -4.779634065926074982e-03 9.719521403312683105e-01
1.022010135650634766e+01 3.464849472045898438e+00 5.852543354034423828e+00 3.917061164975166321e-02 -2.462969124317169189e-01 7.638866081833839417e-04 9.684022665023803711e-01
1.015620326995849609e+01 3.565134286880493164e+00 5.913241863250732422e+00 4.037610441446304321e-02 -2.579067051410675049e-01 6.083294283598661423e-03 9.653066396713256836e-01
1.011148166656494141e+01 3.676123619079589844e+00 5.988757133483886719e+00 4.087437689304351807e-02 -2.685507833957672119e-01 1.215583924204111099e-02 9.623211622238159180e-01
1.008064842224121094e+01 3.799410581588745117e+00 6.064181804656982422e+00 4.214562848210334778e-02 -2.782257795333862305e-01 1.908490434288978577e-02 9.594008326530456543e-01
1.003286361694335938e+01 3.907675743103027344e+00 6.129583835601806641e+00 4.192708805203437805e-02 -2.851659357547760010e-01 2.529704011976718903e-02 9.572264552116394043e-01
9.983364105224609375e+00 4.025977611541748047e+00 6.193164825439453125e+00 4.138789325952529907e-02 -2.898241281509399414e-01 3.214197605848312378e-02 9.556442499160766602e-01
9.940655708312988281e+00 4.133233547210693359e+00 6.270079612731933594e+00 3.963190317153930664e-02 -2.926172912120819092e-01 3.882396966218948364e-02 9.546188712120056152e-01
9.893310546875000000e+00 4.251367092132568359e+00 6.339495658874511719e+00 3.530273213982582092e-02 -2.932603359222412109e-01 4.475799947977066040e-02 9.543315768241882324e-01
9.861619949340820312e+00 4.362771034240722656e+00 6.422670364379882812e+00 2.961557731032371521e-02 -2.922890186309814453e-01 5.081210657954216003e-02 9.545198678970336914e-01
9.806636810302734375e+00 4.490158081054687500e+00 6.504266738891601562e+00 2.384627610445022583e-02 -2.884367704391479492e-01 5.652853846549987793e-02 9.555312991142272949e-01
9.762236595153808594e+00 4.598747253417968750e+00 6.594347000122070312e+00 1.614507287740707397e-02 -2.829791009426116943e-01 6.253331154584884644e-02 9.569491744041442871e-01
9.708673477172851562e+00 4.708069324493408203e+00 6.668253898620605469e+00 8.237211033701896667e-03 -2.749022543430328369e-01 6.844802945852279663e-02 9.589972496032714844e-01
9.650012969970703125e+00 4.809924602508544922e+00 6.752395153045654297e+00 -1.091981539502739906e-03 -2.653808593750000000e-01 7.403413951396942139e-02 9.612963795661926270e-01
9.596839904785156250e+00 4.921538829803466797e+00 6.852973461151123047e+00 -1.043597888201475143e-02 -2.545779049396514893e-01 7.976095378398895264e-02 9.637008309364318848e-01
9.537323951721191406e+00 5.022842407226562500e+00 6.941988945007324219e+00 -1.971393637359142303e-02 -2.418376058340072632e-01 8.541087806224822998e-02 9.663492441177368164e-01
9.473064422607421875e+00 5.130876541137695312e+00 7.040894508361816406e+00 -2.981714345514774323e-02 -2.279025316238403320e-01 9.107936918735504150e-02 9.689561128616333008e-01
9.410648345947265625e+00 5.224754333496093750e+00 7.147154808044433594e+00 -4.047494754195213318e-02 -2.130606919527053833e-01 9.664987772703170776e-02 9.714040160179138184e-01
9.348158836364746094e+00 5.311028480529785156e+00 7.247136116027832031e+00 -5.146546661853790283e-02 -1.973216086626052856e-01 1.014425307512283325e-01 9.737170338630676270e-01
9.299755096435546875e+00 5.390433788299560547e+00 7.354224205017089844e+00 -6.254928559064865112e-02 -1.815180033445358276e-01 1.067312657833099365e-01 9.755753278732299805e-01
9.248778343200683594e+00 5.462769031524658203e+00 7.451808452606201172e+00 -7.382067292928695679e-02 -1.646275967359542847e-01 1.118316799402236938e-01 9.772112965583801270e-01
9.202431678771972656e+00 5.524617195129394531e+00 7.544662475585937500e+00 -8.524279296398162842e-02 -1.474718302488327026e-01 1.169566512107849121e-01 9.784205555915832520e-01
9.157622337341308594e+00 5.589152812957763672e+00 7.627677917480468750e+00 -9.601560235023498535e-02 -1.302750110626220703e-01 1.214968338608741760e-01 9.793099164962768555e-01
9.120860099792480469e+00 5.647857666015625000e+00 7.710452556610107422e+00 -1.068486422300338745e-01 -1.132858619093894958e-01 1.264225095510482788e-01 9.796769618988037109e-01
9.082760810852050781e+00 5.698005199432373047e+00 7.785294055938720703e+00 -1.173935607075691223e-01 -9.623315185308456421e-02 1.304071545600891113e-01 9.797713160514831543e-01
9.051664352416992188e+00 5.744853496551513672e+00 7.852829456329345703e+00 -1.277890503406524658e-01 -8.004800230264663696e-02 1.348090022802352905e-01 9.793307781219482422e-01
9.019515037536621094e+00 5.780826568603515625e+00 7.911538600921630859e+00 -1.379446089267730713e-01 -6.392649561166763306e-02 1.391860842704772949e-01 9.785254001617431641e-01
8.997128486633300781e+00 5.824159622192382812e+00 7.969224929809570312e+00 -1.470627635717391968e-01 -4.934381321072578430e-02 1.427729874849319458e-01 9.775242209434509277e-01
8.978907585144042969e+00 5.852766036987304688e+00 8.018715858459472656e+00 -1.563544720411300659e-01 -3.580233454704284668e-02 1.469401121139526367e-01 9.760532975196838379e-01
8.955743789672851562e+00 5.875162124633789062e+00 8.056846618652343750e+00 -1.649601012468338013e-01 -2.263496816158294678e-02 1.509373039007186890e-01 9.744197130203247070e-01
8.944212913513183594e+00 5.897829055786132812e+00 8.094280242919921875e+00 -1.729790568351745605e-01 -1.122791972011327744e-02 1.539055109024047852e-01 9.727616310119628906e-01
8.930181503295898438e+00 5.914623260498046875e+00 8.120543479919433594e+00 -1.801054179668426514e-01 -5.063212011009454727e-04 1.571392565965652466e-01 9.710144400596618652e-01
8.921951293945312500e+00 5.929307937622070312e+00 8.140283584594726562e+00 -1.864840388298034668e-01 8.783453144133090973e-03 1.590941697359085083e-01 9.694511890411376953e-01
8.916684150695800781e+00 5.939336776733398438e+00 8.152972221374511719e+00 -1.924198716878890991e-01 1.625021733343601227e-02 1.566017568111419678e-01 9.686002135276794434e-01
8.910418510437011719e+00 5.940332412719726562e+00 8.157756805419921875e+00 -1.977157890796661377e-01 2.316073887050151825e-02 1.544393748044967651e-01 9.677398800849914551e-01
8.906439781188964844e+00 5.945035934448242188e+00 8.164950370788574219e+00 -2.023276388645172119e-01 2.859518118202686310e-02 1.528027206659317017e-01 9.669008255004882812e-01
8.902716636657714844e+00 5.953436851501464844e+00 8.175565719604492188e+00 -2.061751335859298706e-01 3.297428414225578308e-02 1.514233648777008057e-01 9.661653637886047363e-01
8.898164749145507812e+00 5.958832740783691406e+00 8.187284469604492188e+00 -2.096642702817916870e-01 3.642368316650390625e-02 1.507144272327423096e-01 9.654011130332946777e-01
8.890142440795898438e+00 5.971061706542968750e+00 8.200939178466796875e+00 -2.117208689451217651e-01 3.926096111536026001e-02 1.497635245323181152e-01 9.649889469146728516e-01
8.882699012756347656e+00 5.980719566345214844e+00 8.217449188232421875e+00 -2.132918536663055420e-01 4.094451665878295898e-02 1.493252217769622803e-01 9.646409153938293457e-01
8.875975608825683594e+00 5.998755455017089844e+00 8.237092971801757812e+00 -2.133924514055252075e-01 4.149344936013221741e-02 1.485590487718582153e-01 9.647135138511657715e-01
8.867795944213867188e+00 6.012297153472900391e+00 8.258476257324218750e+00 -2.132657468318939209e-01 4.148120433092117310e-02 1.490075439214706421e-01 9.646729230880737305e-01
8.854738235473632812e+00 6.028686046600341797e+00 8.279466629028320312e+00 -2.115288823843002319e-01 4.075293615460395813e-02 1.491370052099227905e-01 9.650662541389465332e-01
8.842123031616210938e+00 6.044693946838378906e+00 8.302756309509277344e+00 -2.093537747859954834e-01 3.882519900798797607e-02 1.495950967073440552e-01 9.655490517616271973e-01
8.829793930053710938e+00 6.062358856201171875e+00 8.330314636230468750e+00 -2.059480249881744385e-01 3.621520474553108215e-02 1.503015011548995972e-01 9.662728905677795410e-01
8.816748619079589844e+00 6.085117340087890625e+00 8.359806060791015625e+00 -2.012228965759277344e-01 3.232302144169807434e-02 1.511699855327606201e-01 9.672704935073852539e-01
8.798921585083007812e+00 6.104332923889160156e+00 8.388815879821777344e+00 -1.960530132055282593e-01 2.717663347721099854e-02 1.483154147863388062e-01 9.689309597015380859e-01
8.784135818481445312e+00 6.127272605895996094e+00 8.419737815856933594e+00 -1.897905468940734863e-01 1.992044970393180847e-02 1.425413638353347778e-01 9.712181687355041504e-01
8.767065048217773438e+00 6.156058788299560547e+00 8.454892158508300781e+00 -1.819247156381607056e-01 1.171593461185693741e-02 1.358989626169204712e-01 9.738057255744934082e-01
8.749741554260253906e+00 6.185615539550781250e+00 8.493438720703125000e+00 -1.732766032218933105e-01 2.779667032882571220e-03 1.282051354646682739e-01 9.764890670776367188e-01
8.727400779724121094e+00 6.211041450500488281e+00 8.528643608093261719e+00 -1.639108061790466309e-01 -7.104826625436544418e-03 1.198870167136192322e-01 9.791373014450073242e-01
8.708016395568847656e+00 6.243498802185058594e+00 8.570710182189941406e+00 -1.535305976867675781e-01 -1.799059472978115082e-02 1.106739938259124756e-01 9.817616343498229980e-01
8.684079170227050781e+00 6.277347087860107422e+00 8.612506866455078125e+00 -1.422326862812042236e-01 -2.935047447681427002e-02 1.003193408250808716e-01 9.842989444732666016e-01
8.662858009338378906e+00 6.309033393859863281e+00 8.656281471252441406e+00 -1.306360960006713867e-01 -4.149712249636650085e-02 9.020742028951644897e-02 9.864455461502075195e-01
8.637037277221679688e+00 6.349361419677734375e+00 8.705333709716796875e+00 -1.178296133875846863e-01 -5.373809114098548889e-02 7.902967929840087891e-02 9.884243607521057129e-01
8.616161346435546875e+00 6.390696048736572266e+00 8.756056785583496094e+00 -1.043403819203376770e-01 -6.696264445781707764e-02 6.707260012626647949e-02 9.900153279304504395e-01
8.586729049682617188e+00 6.429079055786132812e+00 8.809737205505371094e+00 -9.151730686426162720e-02 -7.957579940557479858e-02 5.567121505737304688e-02 9.910565018653869629e-01
8.561676025390625000e+00 6.474215507507324219e+00 8.865641593933105469e+00 -7.764666527509689331e-02 -9.285983443260192871e-02 4.354193434119224548e-02 9.916915297508239746e-01
8.528348922729492188e+00 6.518075466156005859e+00 8.921623229980468750e+00 -6.392140686511993408e-02 -1.054148077964782715e-01 3.121344372630119324e-02 9.918807744979858398e-01
8.506334304809570312e+00 6.563247680664062500e+00 8.982061386108398438e+00 -5.018980428576469421e-02 -1.191242933273315430e-01 1.913709007203578949e-02 9.914253354072570801e-01
8.479145050048828125e+00 6.606745719909667969e+00 9.043963432312011719e+00 -3.667189925909042358e-02 -1.321667730808258057e-01 7.143611554056406021e-03 9.905230998992919922e-01
8.448299407958984375e+00 6.659297943115234375e+00 9.111664772033691406e+00 -2.308772504329681396e-02 -1.443407833576202393e-01 -5.774610675871372223e-03 9.892417788505554199e-01
8.411186218261718750e+00 6.710838794708251953e+00 9.176568984985351562e+00 -9.988833218812942505e-03 -1.560057252645492554e-01 -1.808465830981731415e-02 9.875400662422180176e-01
8.381109237670898438e+00 6.760199069976806641e+00 9.250129699707031250e+00 2.337708370760083199e-03 -1.675291061401367188e-01 -2.999761700630187988e-02 9.854078888893127441e-01
8.343825340270996094e+00 6.808929920196533203e+00 9.319919586181640625e+00 1.444961689412593842e-02 -1.780992895364761353e-01 -4.120557010173797607e-02 9.830431938171386719e-01
8.306467056274414062e+00 6.858761787414550781e+00 9.393075942993164062e+00 2.529109455645084381e-02 -1.879122704267501831e-01 -5.234669893980026245e-02 9.804637432098388672e-01
8.275327682495117188e+00 6.918103694915771484e+00 9.484155654907226562e+00 3.612316027283668518e-02 -1.977946460247039795e-01 -6.351945549249649048e-02 9.775160551071166992e-01
8.234184265136718750e+00 6.973649024963378906e+00 9.559843063354492188e+00 4.578127712011337280e-02 -2.056314945220947266e-01 -7.332540303468704224e-02 9.748041629791259766e-01
8.193870544433593750e+00 7.025110244750976562e+00 9.632117271423339844e+00 4.722258821129798889e-02 -2.145955264568328857e-01 -6.753047555685043335e-02 9.732206463813781738e-01
8.158050537109375000e+00 7.079573631286621094e+00 9.724964141845703125e+00 4.868274554610252380e-02 -2.232173979282379150e-01 -6.244251504540443420e-02 9.715476632118225098e-01
8.113327026367187500e+00 7.136165618896484375e+00 9.808048248291015625e+00 4.982877150177955627e-02 -2.297436743974685669e-01 -5.777554214000701904e-02 9.702560901641845703e-01
8.076054573059082031e+00 7.191553592681884766e+00 9.897853851318359375e+00 5.071429908275604248e-02 -2.362575232982635498e-01 -5.525355041027069092e-02 9.687917828559875488e-01
8.031087875366210938e+00 7.251433849334716797e+00 9.986926078796386719e+00 5.154762789607048035e-02 -2.405215799808502197e-01 -5.259815603494644165e-02 9.678458571434020996e-01
7.984406471252441406e+00 7.308523178100585938e+00 1.008446025848388672e+01 5.164185166358947754e-02 -2.434403598308563232e-01 -5.074149370193481445e-02 9.672099947929382324e-01
7.932780265808105469e+00 7.366417884826660156e+00 1.018432807922363281e+01 5.163696035742759705e-02 -2.444323301315307617e-01 -4.887448623776435852e-02 9.670562148094177246e-01
7.894936561584472656e+00 7.424168109893798828e+00 1.028357505798339844e+01 5.149715393781661987e-02 -2.450889796018600464e-01 -4.901424422860145569e-02 9.668903946876525879e-01
7.849110603332519531e+00 7.469317436218261719e+00 1.036321258544921875e+01 5.081875994801521301e-02 -2.435493320226669312e-01 -4.904909059405326843e-02 9.673134684562683105e-01
7.810711860656738281e+00 7.516695976257324219e+00 1.043850708007812500e+01 5.054314434528350830e-02 -2.405699789524078369e-01 -5.070644617080688477e-02 9.679877758026123047e-01
7.781234264373779297e+00 7.564080238342285156e+00 1.050966358184814453e+01 5.049988999962806702e-02 -2.366951555013656616e-01 -5.367942899465560913e-02 9.687846899032592773e-01
7.749015808105468750e+00 7.603887081146240234e+00 1.057472610473632812e+01 4.963685572147369385e-02 -2.305873334407806396e-01 -5.737044289708137512e-02 9.700898528099060059e-01
7.723461627960205078e+00 7.635689735412597656e+00 1.063072872161865234e+01 4.831176996231079102e-02 -2.234715223312377930e-01 -6.147813424468040466e-02 9.715692996978759766e-01
7.702804565429687500e+00 7.668747425079345703e+00 1.068728542327880859e+01 4.744153097271919250e-02 -2.147252261638641357e-01 -6.745726615190505981e-02 9.731864929199218750e-01
7.681099414825439453e+00 7.690895080566406250e+00 1.072620582580566406e+01 4.201086610555648804e-02 -2.050620913505554199e-01 -7.421200722455978394e-02 9.750267863273620605e-01
7.663602828979492188e+00 7.711660385131835938e+00 1.075684165954589844e+01 3.519794717431068420e-02 -1.943506449460983276e-01 -8.246027678251266479e-02 9.768260717391967773e-01
7.649891853332519531e+00 7.729239463806152344e+00 1.077961540222167969e+01 2.717000991106033325e-02 -1.823064386844635010e-01 -9.157939255237579346e-02 9.785904884338378906e-01
7.642312049865722656e+00 7.739965438842773438e+00 1.080160617828369141e+01 1.754782721400260925e-02 -1.691513210535049438e-01 -1.016970425844192505e-01 9.801722168922424316e-01
7.637610435485839844e+00 7.749371528625488281e+00 1.081309700012207031e+01 6.646706722676753998e-03 -1.550704389810562134e-01 -1.123887300491333008e-01 9.814671277999877930e-01
7.634984970092773438e+00 7.751304626464843750e+00 1.082058334350585938e+01 -7.456461898982524872e-03 -1.395231187343597412e-01 -1.129370182752609253e-01 9.837290644645690918e-01
7.631218910217285156e+00 7.752933502197265625e+00 1.082783317565917969e+01 -2.474610880017280579e-02 -1.230652183294296265e-01 -1.052337884902954102e-01 9.864929914474487305e-01
7.623596668243408203e+00 7.762711524963378906e+00 1.085160064697265625e+01 -4.237420856952667236e-02 -1.051194593310356140e-01 -9.663928300142288208e-02 9.888453483581542969e-01
7.610494136810302734e+00 7.767569541931152344e+00 1.087558269500732422e+01 -6.247244402766227722e-02 -8.598678559064865112e-02 -8.660866320133209229e-02 9.905565977096557617e-01
7.598670959472656250e+00 7.783912658691406250e+00 1.091164112091064453e+01 -8.231777697801589966e-02 -6.644154340028762817e-02 -7.622647285461425781e-02 9.914630055427551270e-01
7.579098701477050781e+00 7.799357891082763672e+00 1.094602489471435547e+01 -1.034237667918205261e-01 -4.589346423745155334e-02 -6.446316838264465332e-02 9.914846420288085938e-01
7.558551311492919922e+00 7.818757057189941406e+00 1.099441337585449219e+01 -1.248979493975639343e-01 -2.515796944499015808e-02 -5.208977311849594116e-02 9.904817938804626465e-01
7.540696620941162109e+00 7.843943119049072266e+00 1.104288864135742188e+01 -1.460626721382141113e-01 -5.359495989978313446e-03 -3.938825428485870361e-02 9.884763956069946289e-01
7.512775421142578125e+00 7.872256755828857422e+00 1.109714508056640625e+01 -1.672091782093048096e-01 1.501827407628297806e-02 -2.636094763875007629e-02 9.854545593261718750e-01
7.484788894653320312e+00 7.905014991760253906e+00 1.115931129455566406e+01 -1.878278702497482300e-01 3.456127643585205078e-02 -1.311921328306198120e-02 9.815060496330261230e-01
7.451455593109130859e+00 7.940878868103027344e+00 1.122912025451660156e+01 -2.084492146968841553e-01 5.386219546198844910e-02 3.131094854325056076e-04 9.765489101409912109e-01
7.419133663177490234e+00 7.978443145751953125e+00 1.130496311187744141e+01 -2.284596115350723267e-01 7.136895507574081421e-02 1.435130555182695389e-02 9.708278179168701172e-01
7.385807037353515625e+00 8.016719818115234375e+00 1.138237953186035156e+01 -2.474908679723739624e-01 8.759941905736923218e-02 2.841085568070411682e-02 9.645037055015563965e-01
7.352233886718750000e+00 8.061228752136230469e+00 1.145964050292968750e+01 -2.644260227680206299e-01 1.024298518896102905e-01 4.267676547169685364e-02 9.580008983612060547e-01
7.316850662231445312e+00 8.104033470153808594e+00 1.154033660888671875e+01 -2.811504006385803223e-01 1.146952509880065918e-01 5.580860748887062073e-02 9.511492252349853516e-01
7.277273178100585938e+00 8.150371551513671875e+00 1.162315559387207031e+01 -2.957198321819305420e-01 1.256721019744873047e-01 6.826225668191909790e-02 9.445086717605590820e-01
7.236630439758300781e+00 8.196710586547851562e+00 1.170325565338134766e+01 -3.085767626762390137e-01 1.336543262004852295e-01 8.044742792844772339e-02 9.383203983306884766e-01
7.196063995361328125e+00 8.244262695312500000e+00 1.178926849365234375e+01 -3.200285732746124268e-01 1.395069807767868042e-01 9.277525544166564941e-02 9.324764013290405273e-01
7.155102729797363281e+00 8.291875839233398438e+00 1.187955093383789062e+01 -3.302156925201416016e-01 1.425226181745529175e-01 1.045112460851669312e-01 9.272121191024780273e-01
7.112554550170898438e+00 8.344512939453125000e+00 1.197021198272705078e+01 -3.374755978584289551e-01 1.421720683574676514e-01 1.153669878840446472e-01 9.233568310737609863e-01
7.068098068237304688e+00 8.396505355834960938e+00 1.206376361846923828e+01 -3.429351449012756348e-01 1.388477087020874023e-01 1.257131248712539673e-01 9.204961061477661133e-01
7.024025917053222656e+00 8.450658798217773438e+00 1.215861129760742188e+01 -3.462577760219573975e-01 1.317174583673477173e-01 1.346867531538009644e-01 9.190296530723571777e-01
6.974347591400146484e+00 8.499298095703125000e+00 1.225254726409912109e+01 -3.484636247158050537e-01 1.198763176798820496e-01 1.373448222875595093e-01 9.194232821464538574e-01
6.923798561096191406e+00 8.557971954345703125e+00 1.234904956817626953e+01 -3.477105796337127686e-01 1.047800853848457336e-01 1.387484520673751831e-01 9.213399887084960938e-01
6.872828483581542969e+00 8.614390373229980469e+00 1.244783878326416016e+01 -3.451433181762695312e-01 8.757852762937545776e-02 1.413017660379409790e-01 9.237098693847656250e-01
6.818666458129882812e+00 8.674179077148437500e+00 1.255094623565673828e+01 -3.403105437755584717e-01 6.873308867216110229e-02 1.442642360925674438e-01 9.266349673271179199e-01
6.765810966491699219e+00 8.737420082092285156e+00 1.265514755249023438e+01 -3.333895504474639893e-01 4.806204885244369507e-02 1.476676464080810547e-01 9.299116730690002441e-01
6.709888458251953125e+00 8.795482635498046875e+00 1.275697994232177734e+01 -3.245775699615478516e-01 2.610852755606174469e-02 1.514773368835449219e-01 9.332857728004455566e-01
6.654712677001953125e+00 8.864269256591796875e+00 1.287816143035888672e+01 -3.146649301052093506e-01 3.032546956092119217e-03 1.560088545083999634e-01 9.362894892692565918e-01
6.599972724914550781e+00 8.930522918701171875e+00 1.298943519592285156e+01 -3.034173548221588135e-01 -2.103512547910213470e-02 1.616878509521484375e-01 9.388037323951721191e-01
6.537222862243652344e+00 8.995761871337890625e+00 1.310244655609130859e+01 -2.913117408752441406e-01 -4.454979673027992249e-02 1.680534332990646362e-01 9.406969547271728516e-01
6.481230735778808594e+00 9.066375732421875000e+00 1.321859264373779297e+01 -2.779792845249176025e-01 -6.985196471214294434e-02 1.749997287988662720e-01 9.419253468513488770e-01
6.420485496520996094e+00 9.136268615722656250e+00 1.333671569824218750e+01 -2.644797861576080322e-01 -9.422702342271804810e-02 1.831485778093338013e-01 9.421402812004089355e-01
6.362977504730224609e+00 9.205116271972656250e+00 1.345595645904541016e+01 -2.510222494602203369e-01 -1.192222088575363159e-01 1.922281384468078613e-01 9.411813020706176758e-01
6.301678180694580078e+00 9.276714324951171875e+00 1.357721519470214844e+01 -2.376956194639205933e-01 -1.437900960445404053e-01 1.991225033998489380e-01 9.397741556167602539e-01
6.237588405609130859e+00 9.359940528869628906e+00 1.369819927215576172e+01 -2.223147600889205933e-01 -1.697652190923690796e-01 1.996044963598251343e-01 9.391027688980102539e-01
6.171392440795898438e+00 9.435604095458984375e+00 1.382480812072753906e+01 -2.081850767135620117e-01 -1.945306211709976196e-01 2.006955891847610474e-01 9.373036026954650879e-01
6.104330539703369141e+00 9.512579917907714844e+00 1.395274353027343750e+01 -1.941660195589065552e-01 -2.179279476404190063e-01 2.014809995889663696e-01 9.349932670593261719e-01
6.037575244903564453e+00 9.596057891845703125e+00 1.408615493774414062e+01 -1.802999526262283325e-01 -2.402850836515426636e-01 2.021837681531906128e-01 9.321355819702148438e-01
5.969226360321044922e+00 9.682221412658691406e+00 1.421594429016113281e+01 -1.666073054075241089e-01 -2.610368728637695312e-01 2.022363394498825073e-01 9.290868043899536133e-01
5.901199340820312500e+00 9.764745712280273438e+00 1.434558200836181641e+01 -1.545583158731460571e-01 -2.797961235046386719e-01 2.032660245895385742e-01 9.254776239395141602e-01
5.836658954620361328e+00 9.862181663513183594e+00 1.449885177612304688e+01 -1.431132107973098755e-01 -2.968003749847412109e-01 2.028239071369171143e-01 9.221120476722717285e-01
5.766423225402832031e+00 9.953545570373535156e+00 1.465413475036621094e+01 -1.337977349758148193e-01 -3.116948008537292480e-01 2.042208015918731689e-01 9.182801246643066406e-01
5.662837982177734375e+00 1.002734470367431641e+01 1.478465270996093750e+01 -1.250145733356475830e-01 -3.234604597091674805e-01 2.043110281229019165e-01 9.154242873191833496e-01
5.600097179412841797e+00 1.016586685180664062e+01 1.495283603668212891e+01 -1.158958747982978821e-01 -3.349178433418273926e-01 2.048240154981613159e-01 9.123843908309936523e-01
5.536225318908691406e+00 1.022813129425048828e+01 1.510961341857910156e+01 -1.103803515434265137e-01 -3.436466455459594727e-01 2.065383344888687134e-01 9.094311594963073730e-01
5.471368312835693359e+00 1.032461833953857422e+01 1.527262878417968750e+01 -1.041028946638107300e-01 -3.519990742206573486e-01 2.068683356046676636e-01 9.068983793258666992e-01
5.404685497283935547e+00 1.041389369964599609e+01 1.543317604064941406e+01 -9.874084591865539551e-02 -3.585456311702728271e-01 2.066703140735626221e-01 9.049766063690185547e-01
5.301351547241210938e+00 1.048506736755371094e+01 1.559368038177490234e+01 -9.498840570449829102e-02 -3.631754219532012939e-01 2.059183716773986816e-01 9.037026166915893555e-01
5.229371547698974609e+00 1.062493038177490234e+01 1.575653648376464844e+01 -8.940332382917404175e-02 -3.671600520610809326e-01 2.085592895746231079e-01 9.020551443099975586e-01
5.150691032409667969e+00 1.072502517700195312e+01 1.592366218566894531e+01 -8.554904162883758545e-02 -3.700972497463226318e-01 2.087051272392272949e-01 9.011945128440856934e-01
5.048109054565429688e+00 1.084188652038574219e+01 1.608840560913085938e+01 -8.223165571689605713e-02 -3.712774217128753662e-01 2.095147222280502319e-01 9.008299112319946289e-01
4.987495899200439453e+00 1.095259380340576172e+01 1.624591064453125000e+01 -7.840540260076522827e-02 -3.722164034843444824e-01 2.093199640512466431e-01 9.008288979530334473e-01
4.877912044525146484e+00 1.105274963378906250e+01 1.643001937866210938e+01 -7.641233503818511963e-02 -3.718646764755249023e-01 2.097923755645751953e-01 9.010354876518249512e-01
4.797599792480468750e+00 1.115983963012695312e+01 1.662178993225097656e+01 -7.382452487945556641e-02 -3.717718720436096191e-01 2.091494947671890259e-01 9.014388918876647949e-01
4.713070869445800781e+00 1.128077602386474609e+01 1.679362869262695312e+01 -7.054860889911651611e-02 -3.704010844230651855e-01 2.086027860641479492e-01 9.023917317390441895e-01
4.616972923278808594e+00 1.138064575195312500e+01 1.696812248229980469e+01 -6.806091964244842529e-02 -3.683516979217529297e-01 2.072933316230773926e-01 9.037224054336547852e-01
4.514774322509765625e+00 1.148441886901855469e+01 1.715811538696289062e+01 -6.562914699316024780e-02 -3.661177158355712891e-01 2.058357447385787964e-01 9.051421284675598145e-01
4.417716503143310547e+00 1.159655189514160156e+01 1.730147933959960938e+01 -6.249503791332244873e-02 -3.632110953330993652e-01 2.044141888618469238e-01 9.068555235862731934e-01
4.328233242034912109e+00 1.170721054077148438e+01 1.748060607910156250e+01 -5.926306918263435364e-02 -3.600264191627502441e-01 2.027865648269653320e-01 9.087059497833251953e-01
4.201309680938720703e+00 1.181031513214111328e+01 1.763110351562500000e+01 -5.497140437364578247e-02 -3.565065264701843262e-01 1.991577446460723877e-01 9.111626744270324707e-01
4.117302894592285156e+00 1.200386524200439453e+01 1.786817359924316406e+01 -4.963264614343643188e-02 -3.538716435432434082e-01 1.964638978242874146e-01 9.130790829658508301e-01
4.039325237274169922e+00 1.203351879119873047e+01 1.789528083801269531e+01 -4.503745213150978088e-02 -3.492133021354675293e-01 1.922071129083633423e-01 9.160121083259582520e-01
3.855854511260986328e+00 1.225408744812011719e+01 1.826849365234375000e+01 -4.014482349157333374e-02 -3.472572863101959229e-01 1.885260343551635742e-01 9.177465438842773438e-01
3.824337005615234375e+00 1.223058032989501953e+01 1.833731651306152344e+01 -3.613337874412536621e-02 -3.447930514812469482e-01 1.822382211685180664e-01 9.201094508171081543e-01
3.689453125000000000e+00 1.248052024841308594e+01 1.867661666870117188e+01 -2.979253232479095459e-02 -3.428218066692352295e-01 1.800646185874938965e-01 9.215000271797180176e-01
3.595880985260009766e+00 1.263867282867431641e+01 1.883422088623046875e+01 -2.292144671082496643e-02 -3.411831557750701904e-01 1.744556725025177002e-01 9.233817458152770996e-01
3.529610633850097656e+00 1.273343276977539062e+01 1.900738716125488281e+01 -1.727705076336860657e-02 -3.399597406387329102e-01 1.691826134920120239e-01 9.249357581138610840e-01
3.519429206848144531e+00 1.279885292053222656e+01 1.917417907714843750e+01 -1.228942908346652985e-02 -3.391331136226654053e-01 1.648877561092376709e-01 9.260938167572021484e-01
3.451268672943115234e+00 1.284349441528320312e+01 1.939389038085937500e+01 -8.497764356434345245e-03 -3.399015367031097412e-01 1.582697331905364990e-01 9.270088672637939453e-01
3.244324684143066406e+00 1.292195796966552734e+01 1.942606735229492188e+01 -2.014415571466088295e-03 -3.353452980518341064e-01 1.533811390399932861e-01 9.295233488082885742e-01
3.214159011840820312e+00 1.309785842895507812e+01 1.955341339111328125e+01 6.114702206104993820e-03 -3.384083211421966553e-01 1.452351659536361694e-01 9.297038316726684570e-01
3.206441402435302734e+00 1.307061386108398438e+01 1.997216224670410156e+01 6.079008337110280991e-03 -3.436960875988006592e-01 1.417765021324157715e-01 9.282971024513244629e-01
2.927489757537841797e+00 1.339326190948486328e+01 2.025829696655273438e+01 1.508168317377567291e-02 -3.457841575145721436e-01 1.369585245847702026e-01 9.281423687934875488e-01
2.821240901947021484e+00 1.344101428985595703e+01 2.027097320556640625e+01 2.023601718246936798e-02 -3.481316864490509033e-01 1.286952495574951172e-01 9.283492565155029297e-01
2.718502998352050781e+00 1.352916717529296875e+01 2.042484664916992188e+01 2.454872429370880127e-02 -3.533934950828552246e-01 1.229912415146827698e-01 9.270294308662414551e-01
2.696668148040771484e+00 1.362874507904052734e+01 2.066241455078125000e+01 2.829167433083057404e-02 -3.628715574741363525e-01 1.175404265522956848e-01 9.239632487297058105e-01
2.553248405456542969e+00 1.371252059936523438e+01 2.080827331542968750e+01 3.199655190110206604e-02 -3.702581524848937988e-01 1.120943501591682434e-01 9.215855598449707031e-01
2.427935123443603516e+00 1.377305412292480469e+01 2.096898078918457031e+01 3.429130464792251587e-02 -3.792757391929626465e-01 1.058558970689773560e-01 9.185687303543090820e-01
2.399046897888183594e+00 1.392033290863037109e+01 2.119234275817871094e+01 3.692002221941947937e-02 -3.923965394496917725e-01 1.020034104585647583e-01 9.133768081665039062e-01
2.195175170898437500e+00 1.397775745391845703e+01 2.129571533203125000e+01 3.776961565017700195e-02 -4.019261598587036133e-01 9.774131327867507935e-02 9.096567630767822266e-01
2.051246643066406250e+00 1.403152751922607422e+01 2.145701217651367188e+01 3.708691522479057312e-02 -4.156965911388397217e-01 9.310790151357650757e-02 9.039645195007324219e-01
2.015743732452392578e+00 1.419482135772705078e+01 2.162871742248535156e+01 3.910066187381744385e-02 -4.330462515354156494e-01 9.045824408531188965e-02 8.959684371948242188e-01
1.893428325653076172e+00 1.434527397155761719e+01 2.185277557373046875e+01 3.891883417963981628e-02 -4.497393369674682617e-01 8.984826505184173584e-02 8.877764940261840820e-01
1.814177989959716797e+00 1.446134567260742188e+01 2.217474365234375000e+01 3.760011866688728333e-02 -4.698289930820465088e-01 8.495127409696578979e-02 8.778554797172546387e-01
1.691341876983642578e+00 1.456559467315673828e+01 2.238830947875976562e+01 3.592230007052421570e-02 -4.883953928947448730e-01 8.128605037927627563e-02 8.680852651596069336e-01
1.615536689758300781e+00 1.466455554962158203e+01 2.263687896728515625e+01 3.290359675884246826e-02 -5.083739757537841797e-01 7.891897857189178467e-02 8.568810224533081055e-01
1.518452644348144531e+00 1.481843185424804688e+01 2.287287902832031250e+01 2.821615152060985565e-02 -5.274294614791870117e-01 8.300372213125228882e-02 8.450635671615600586e-01
1.418998241424560547e+00 1.497089099884033203e+01 2.306459426879882812e+01 2.379791624844074249e-02 -5.457557439804077148e-01 8.639910072088241577e-02 8.331383466720581055e-01
1.311024665832519531e+00 1.510181617736816406e+01 2.333816719055175781e+01 1.676979102194309235e-02 -5.655986666679382324e-01 9.000591188669204712e-02 8.195827007293701172e-01
1.198425292968750000e+00 1.525520133972167969e+01 2.357184600830078125e+01 1.177484914660453796e-02 -5.832130312919616699e-01 9.259784966707229614e-02 8.069384098052978516e-01
1.099026679992675781e+00 1.537201976776123047e+01 2.382778739929199219e+01 6.176532711833715439e-03 -6.011118888854980469e-01 9.332800656557083130e-02 7.936726212501525879e-01
9.977116584777832031e-01 1.551121139526367188e+01 2.403278350830078125e+01 2.433761954307556152e-03 -6.160731911659240723e-01 9.408356249332427979e-02 7.820461392402648926e-01
8.780429363250732422e-01 1.565110588073730469e+01 2.426985168457031250e+01 -1.963723916560411453e-03 -6.307402253150939941e-01 9.506839513778686523e-02 7.701460719108581543e-01
7.656003236770629883e-01 1.580292510986328125e+01 2.449416923522949219e+01 -4.205302335321903229e-03 -6.435793042182922363e-01 9.665244072675704956e-02 7.592406272888183594e-01
7.038502693176269531e-01 1.590852642059326172e+01 2.476422309875488281e+01 -7.662713062018156052e-03 -6.565269231796264648e-01 9.571662545204162598e-02 7.481657862663269043e-01
5.985045433044433594e-01 1.602959060668945312e+01 2.501228332519531250e+01 -9.814430959522724152e-03 -6.672493815422058105e-01 9.516657143831253052e-02 7.386645078659057617e-01
5.026674866676330566e-01 1.617003250122070312e+01 2.524554634094238281e+01 -1.105088647454977036e-02 -6.751555800437927246e-01 9.622363001108169556e-02 7.312891483306884766e-01
3.974738717079162598e-01 1.631046676635742188e+01 2.548435020446777344e+01 -1.196826715022325516e-02 -6.814662814140319824e-01 9.715474396944046021e-02 7.252733707427978516e-01
2.974475622177124023e-01 1.642685890197753906e+01 2.571066284179687500e+01 -1.183423772454261780e-02 -6.853139996528625488e-01 9.663657099008560181e-02 7.217104434967041016e-01
1.989456415176391602e-01 1.655702209472656250e+01 2.594609832763671875e+01 -1.150683965533971786e-02 -6.869588494300842285e-01 9.769290685653686523e-02 7.200077772140502930e-01
9.912061691284179688e-02 1.669472503662109375e+01 2.618029785156250000e+01 -1.371495705097913742e-02 -6.860293745994567871e-01 1.031137108802795410e-01 7.200993895530700684e-01
-1.150074601173400879e-02 1.682871818542480469e+01 2.641125869750976562e+01 -1.627657562494277954e-02 -6.827631592750549316e-01 1.086816340684890747e-01 7.223280668258666992e-01
-1.099569201469421387e-01 1.694016265869140625e+01 2.665197944641113281e+01 -1.819260790944099426e-02 -6.778870820999145508e-01 1.135456636548042297e-01 7.261167764663696289e-01
-1.936466097831726074e-01 1.707636833190917969e+01 2.691183853149414062e+01 -1.967319659888744354e-02 -6.712749600410461426e-01 1.205026954412460327e-01 7.310827374458312988e-01
-3.083930015563964844e-01 1.720367622375488281e+01 2.707873153686523438e+01 -1.946526207029819489e-02 -6.607415676116943359e-01 1.254677921533584595e-01 7.397969365119934082e-01
-4.219682216644287109e-01 1.733654403686523438e+01 2.730923843383789062e+01 -2.006925828754901886e-02 -6.505714654922485352e-01 1.318836957216262817e-01 7.476367354393005371e-01
-5.218820571899414062e-01 1.746091651916503906e+01 2.753865432739257812e+01 -2.077695541083812714e-02 -6.386011242866516113e-01 1.380340456962585449e-01 7.567718029022216797e-01
-6.233286857604980469e-01 1.759691619873046875e+01 2.773599052429199219e+01 -2.031152509152889252e-02 -6.246477365493774414e-01 1.450592130422592163e-01 7.670466303825378418e-01
-7.318582534790039062e-01 1.773352050781250000e+01 2.795183944702148438e+01 -1.940025761723518372e-02 -6.104694604873657227e-01 1.509968042373657227e-01 7.772712707519531250e-01
-8.026356697082519531e-01 1.786136245727539062e+01 2.825504112243652344e+01 -2.073640003800392151e-02 -5.975302457809448242e-01 1.573756486177444458e-01 7.859774231910705566e-01
-9.040822982788085938e-01 1.797542953491210938e+01 2.847445678710937500e+01 -2.060285210609436035e-02 -5.820332765579223633e-01 1.628887355327606201e-01 7.964169979095458984e-01
-1.010245323181152344e+00 1.811055374145507812e+01 2.869361686706542969e+01 -2.007618919014930725e-02 -5.661616921424865723e-01 1.687552779912948608e-01 8.065851330757141113e-01
-1.100961685180664062e+00 1.825116729736328125e+01 2.881943702697753906e+01 -1.683334819972515106e-02 -5.483310222625732422e-01 1.730670630931854248e-01 8.179838061332702637e-01
-1.223383903503417969e+00 1.834964561462402344e+01 2.905886650085449219e+01 -1.758628711104393005e-02 -5.325803756713867188e-01 1.779186874628067017e-01 8.272809386253356934e-01
-1.346995353698730469e+00 1.852181053161621094e+01 2.935223960876464844e+01 -1.702424697577953339e-02 -5.190008282661437988e-01 1.838555932044982910e-01 8.345929384231567383e-01
-1.453080177307128906e+00 1.864590454101562500e+01 2.956982612609863281e+01 -1.608048938214778900e-02 -5.047822594642639160e-01 1.870364099740982056e-01 8.425875306129455566e-01
-1.544207572937011719e+00 1.878170013427734375e+01 2.982070922851562500e+01 -1.554466318339109421e-02 -4.927729666233062744e-01 1.907002627849578857e-01 8.488619327545166016e-01
-1.661025047302246094e+00 1.893321228027343750e+01 3.005734634399414062e+01 -1.356194540858268738e-02 -4.816866815090179443e-01 1.930249482393264771e-01 8.547136187553405762e-01
-1.769990921020507812e+00 1.901687431335449219e+01 3.029401016235351562e+01 -1.609352417290210724e-02 -4.711539447307586670e-01 1.950897276401519775e-01 8.600552678108215332e-01
-1.878821372985839844e+00 1.916394424438476562e+01 3.055072402954101562e+01 -1.519537717103958130e-02 -4.643981754779815674e-01 1.966511160135269165e-01 8.633838891983032227e-01
-1.992903709411621094e+00 1.929396629333496094e+01 3.077589035034179688e+01 -1.427935902029275894e-02 -4.586988687515258789e-01 1.964895278215408325e-01 8.664774894714355469e-01
-2.107210159301757812e+00 1.943503570556640625e+01 3.099548339843750000e+01 -1.231591030955314636e-02 -4.547671377658843994e-01 1.950560361146926880e-01 8.689006567001342773e-01
-2.194252014160156250e+00 1.954481506347656250e+01 3.125979995727539062e+01 -1.568374037742614746e-02 -4.544213712215423584e-01 1.962537020444869995e-01 8.687575459480285645e-01
-2.295037269592285156e+00 1.967613601684570312e+01 3.148884963989257812e+01 -1.534527726471424103e-02 -4.546283483505249023e-01 1.948919147253036499e-01 8.689618706703186035e-01
-2.393841743469238281e+00 1.980999755859375000e+01 3.171218490600585938e+01 -1.517254021018743515e-02 -4.565797150135040283e-01 1.934266388416290283e-01 8.682689070701599121e-01
-2.496172904968261719e+00 1.995792007446289062e+01 3.195951461791992188e+01 -1.390663813799619675e-02 -4.607074260711669922e-01 1.905917972326278687e-01 8.667352795600891113e-01
-2.590413093566894531e+00 2.008956146240234375e+01 3.218643569946289062e+01 -1.372174918651580811e-02 -4.653577506542205811e-01 1.881904006004333496e-01 8.647764325141906738e-01
-2.677827835083007812e+00 2.020946311950683594e+01 3.240306472778320312e+01 -1.377210207283496857e-02 -4.705879092216491699e-01 1.851303130388259888e-01 8.626030683517456055e-01
-2.766549110412597656e+00 2.032896232604980469e+01 3.261025619506835938e+01 -1.372727844864130020e-02 -4.761998653411865234e-01 1.822062730789184570e-01 8.601430654525756836e-01
-2.848534584045410156e+00 2.045056724548339844e+01 3.282051086425781250e+01 -1.339727267622947693e-02 -4.825133681297302246e-01 1.793040633201599121e-01 8.572347760200500488e-01
-2.935040473937988281e+00 2.056589889526367188e+01 3.301752090454101562e+01 -1.396815106272697449e-02 -4.880288839340209961e-01 1.765120923519134521e-01 8.546789884567260742e-01
-3.002207756042480469e+00 2.067356109619140625e+01 3.321217346191406250e+01 -1.505606807768344879e-02 -4.941986203193664551e-01 1.737703084945678711e-01 8.516718745231628418e-01
-3.093122482299804688e+00 2.078326988220214844e+01 3.339967727661132812e+01 -1.388682331889867783e-02 -4.994709789752960205e-01 1.705849170684814453e-01 8.492565751075744629e-01
-3.168115615844726562e+00 2.088301086425781250e+01 3.357752227783203125e+01 -1.441283989697694778e-02 -5.037593245506286621e-01 1.678891181945800781e-01 8.472497463226318359e-01
-3.233014106750488281e+00 2.098119926452636719e+01 3.375380706787109375e+01 -1.527584530413150787e-02 -5.075287818908691406e-01 1.657112687826156616e-01 8.454117178916931152e-01
-3.305106163024902344e+00 2.107117462158203125e+01 3.392498016357421875e+01 -1.734378002583980560e-02 -5.096907019615173340e-01 1.638469994068145752e-01 8.444339632987976074e-01
-3.368955612182617188e+00 2.116572380065917969e+01 3.409059143066406250e+01 -1.786280237138271332e-02 -5.111356377601623535e-01 1.624624133110046387e-01 8.438170552253723145e-01
-3.428534507751464844e+00 2.125095939636230469e+01 3.424673461914062500e+01 -1.908803172409534454e-02 -5.106291174888610840e-01 1.615978926420211792e-01 8.442628383636474609e-01
-3.493095397949218750e+00 2.133715820312500000e+01 3.440204238891601562e+01 -1.984506100416183472e-02 -5.087681412696838379e-01 1.617035716772079468e-01 8.453479409217834473e-01
-3.551806449890136719e+00 2.141902923583984375e+01 3.454706192016601562e+01 -2.081902883946895599e-02 -5.043215751647949219e-01 1.620612889528274536e-01 8.479165434837341309e-01
-3.600585937500000000e+00 2.149595832824707031e+01 3.467516326904296875e+01 -2.092237211763858795e-02 -4.976891875267028809e-01 1.627997457981109619e-01 8.516830205917358398e-01
-3.654645919799804688e+00 2.157035827636718750e+01 3.480886840820312500e+01 -2.179974317550659180e-02 -4.888838827610015869e-01 1.647960841655731201e-01 8.563641309738159180e-01
-3.706739425659179688e+00 2.164107513427734375e+01 3.493928909301757812e+01 -2.229020558297634125e-02 -4.785392284393310547e-01 1.668915301561355591e-01 8.617717623710632324e-01
-3.754221916198730469e+00 2.170448875427246094e+01 3.506056976318359375e+01 -2.440227754414081573e-02 -4.658407270908355713e-01 1.702491641044616699e-01 8.679931759834289551e-01
-3.800682067871093750e+00 2.176860618591308594e+01 3.517841339111328125e+01 -2.536872401833534241e-02 -4.515717029571533203e-01 1.741464138031005859e-01 8.747071027755737305e-01
-3.840543746948242188e+00 2.182544517517089844e+01 3.528635025024414062e+01 -2.818464860320091248e-02 -4.356653988361358643e-01 1.783146411180496216e-01 8.818192481994628906e-01
-3.880526542663574219e+00 2.188165092468261719e+01 3.539075088500976562e+01 -2.969221584498882294e-02 -4.184664487838745117e-01 1.826137453317642212e-01 8.891886472702026367e-01
-3.919548988342285156e+00 2.193381881713867188e+01 3.548875427246093750e+01 -3.136078268289566040e-02 -4.000648260116577148e-01 1.869889199733734131e-01 8.966603279113769531e-01
-3.957040786743164062e+00 2.198642349243164062e+01 3.558046722412109375e+01 -3.253638744354248047e-02 -3.799473047256469727e-01 1.926208436489105225e-01 9.041452407836914062e-01
-3.988384246826171875e+00 2.203058242797851562e+01 3.566665267944335938e+01 -3.439966216683387756e-02 -3.593067824840545654e-01 1.971812546253204346e-01 9.115014672279357910e-01
-4.019504547119140625e+00 2.207259368896484375e+01 3.574622726440429688e+01 -3.630036488175392151e-02 -3.380149006843566895e-01 2.016504257917404175e-01 9.185670018196105957e-01
-4.038326263427734375e+00 2.211581802368164062e+01 3.582070922851562500e+01 -3.779868036508560181e-02 -3.171983361244201660e-01 2.052875310182571411e-01 9.251018762588500977e-01
-4.066526412963867188e+00 2.214698410034179688e+01 3.589166259765625000e+01 -4.018644616007804871e-02 -2.953347861766815186e-01 2.094503343105316162e-01 9.312856793403625488e-01
-4.094104766845703125e+00 2.218097496032714844e+01 3.595233154296875000e+01 -4.203285649418830872e-02 -2.723850309848785400e-01 2.147969305515289307e-01 9.369641542434692383e-01
-4.114721298217773438e+00 2.221463584899902344e+01 3.600200653076171875e+01 -4.416747763752937317e-02 -2.494155764579772949e-01 2.198937833309173584e-01 9.420657157897949219e-01
-4.127033233642578125e+00 2.223699951171875000e+01 3.605415344238281250e+01 -4.656216502189636230e-02 -2.284456491470336914e-01 2.230576872825622559e-01 9.465145468711853027e-01
-4.139913558959960938e+00 2.225856208801269531e+01 3.609551239013671875e+01 -4.892640560865402222e-02 -2.069991827011108398e-01 2.263521999120712280e-01 9.505378603935241699e-01
-4.158989906311035156e+00 2.227665519714355469e+01 3.613555908203125000e+01 -5.130784213542938232e-02 -1.860696375370025635e-01 2.298544347286224365e-01 9.538933634757995605e-01
-4.161467552185058594e+00 2.229276275634765625e+01 3.615817642211914062e+01 -5.388512089848518372e-02 -1.664897203445434570e-01 2.325243651866912842e-01 9.567183256149291992e-01
-4.174340248107910156e+00 2.230277442932128906e+01 3.618563842773437500e+01 -5.651919916272163391e-02 -1.476598232984542847e-01 2.353518754243850708e-01 9.589638710021972656e-01
-4.174371719360351562e+00 2.231632614135742188e+01 3.619847106933593750e+01 -5.767038092017173767e-02 -1.313707679510116577e-01 2.268528640270233154e-01 9.633035063743591309e-01
-4.182111740112304688e+00 2.231840133666992188e+01 3.621042633056640625e+01 -5.941010266542434692e-02 -1.158235073089599609e-01 2.193364053964614868e-01 9.669265151023864746e-01
-4.186827659606933594e+00 2.231483650207519531e+01 3.621879959106445312e+01 -6.161493808031082153e-02 -1.020162627100944519e-01 2.108224183320999146e-01 9.702320098876953125e-01
-4.181958198547363281e+00 2.232313537597656250e+01 3.621529006958007812e+01 -6.407282501459121704e-02 -8.944631367921829224e-02 2.052980512380599976e-01 9.724951386451721191e-01
-4.187101364135742188e+00 2.232549285888671875e+01 3.622299194335937500e+01 -6.659834831953048706e-02 -7.802783697843551636e-02 1.998487859964370728e-01 9.744417667388916016e-01
-4.187570571899414062e+00 2.232862281799316406e+01 3.622660064697265625e+01 -6.932740658521652222e-02 -6.798604875802993774e-02 1.947338581085205078e-01 9.760380983352661133e-01
-4.193635463714599609e+00 2.233548927307128906e+01 3.623404693603515625e+01 -7.161156088113784790e-02 -5.900128185749053955e-02 1.906478106975555420e-01 9.772635698318481445e-01
-4.189635276794433594e+00 2.233799743652343750e+01 3.623981094360351562e+01 -7.449207454919815063e-02 -5.199912935495376587e-02 1.872159689664840698e-01 9.781090021133422852e-01
-4.198181152343750000e+00 2.234395027160644531e+01 3.625313949584960938e+01 -7.691854983568191528e-02 -4.546744376420974731e-02 1.843243986368179321e-01 9.787955880165100098e-01
-4.198821067810058594e+00 2.235191345214843750e+01 3.626063537597656250e+01 -7.929163426160812378e-02 -4.059235751628875732e-02 1.818195432424545288e-01 9.792888760566711426e-01
-4.203602790832519531e+00 2.235548400878906250e+01 3.627328109741210938e+01 -8.092705160379409790e-02 -3.664756566286087036e-02 1.803036183118820190e-01 9.795908927917480469e-01
-4.212541580200195312e+00 2.236607170104980469e+01 3.628760910034179688e+01 -8.216949552297592163e-02 -3.355750814080238342e-02 1.790950000286102295e-01 9.798198938369750977e-01
-4.213921546936035156e+00 2.237002182006835938e+01 3.630127716064453125e+01 -8.371968567371368408e-02 -3.212211281061172485e-02 1.784666478633880615e-01 9.798514246940612793e-01
-4.221584320068359375e+00 2.237647247314453125e+01 3.631665420532226562e+01 -8.483909815549850464e-02 -3.144352510571479797e-02 1.781033277511596680e-01 9.798432588577270508e-01
-4.222987651824951172e+00 2.238323402404785156e+01 3.632958984375000000e+01 -8.525492250919342041e-02 -3.221991285681724548e-02 1.783190965652465820e-01 9.797427058219909668e-01
-4.232485771179199219e+00 2.239739418029785156e+01 3.634656524658203125e+01 -8.450690656900405884e-02 -3.372642770409584045e-02 1.789118647575378418e-01 9.796487689018249512e-01
-4.239879608154296875e+00 2.240708732604980469e+01 3.637136459350585938e+01 -8.424127846956253052e-02 -3.632419556379318237e-02 1.798639148473739624e-01 9.794043898582458496e-01
-4.244127750396728516e+00 2.242158126831054688e+01 3.638127136230468750e+01 -8.255849778652191162e-02 -4.031308740377426147e-02 1.819953322410583496e-01 9.789977669715881348e-01
-4.234371185302734375e+00 2.244426727294921875e+01 3.636740493774414062e+01 -8.117797970771789551e-02 -4.469029605388641357e-02 1.872589886188507080e-01 9.779299497604370117e-01
-4.251291751861572266e+00 2.244640159606933594e+01 3.641504669189453125e+01 -7.873966544866561890e-02 -5.139318481087684631e-02 1.865315437316894531e-01 9.779390692710876465e-01
-4.262703895568847656e+00 2.246490859985351562e+01 3.643690490722656250e+01 -7.511329650878906250e-02 -5.909486487507820129e-02 1.787531077861785889e-01 9.792410731315612793e-01
-4.274710178375244141e+00 2.247564888000488281e+01 3.645916748046875000e+01 -7.176645845174789429e-02 -6.762477755546569824e-02 1.700491160154342651e-01 9.804895520210266113e-01
-4.276985645294189453e+00 2.249479675292968750e+01 3.648044204711914062e+01 -6.729470938444137573e-02 -7.789923250675201416e-02 1.603388190269470215e-01 9.816794991493225098e-01
-4.293872833251953125e+00 2.250996208190917969e+01 3.650815963745117188e+01 -6.243088841438293457e-02 -8.851956576108932495e-02 1.511633992195129395e-01 9.825559854507446289e-01
-4.308626174926757812e+00 2.252916526794433594e+01 3.653466033935546875e+01 -5.681956931948661804e-02 -1.000546067953109741e-01 1.416326314210891724e-01 9.832094311714172363e-01
-4.318963050842285156e+00 2.255088996887207031e+01 3.655950164794921875e+01 -5.060678720474243164e-02 -1.126547530293464661e-01 1.314450055360794067e-01 9.836005568504333496e-01
-4.331699848175048828e+00 2.257410240173339844e+01 3.658395004272460938e+01 -4.447465762495994568e-02 -1.260755658149719238e-01 1.234783679246902466e-01 9.833005666732788086e-01
-4.336559772491455078e+00 2.259257698059082031e+01 3.661094284057617188e+01 -3.808765485882759094e-02 -1.409687399864196777e-01 1.131943017244338989e-01 9.827839136123657227e-01
-4.346905708312988281e+00 2.261838531494140625e+01 3.663515090942382812e+01 -3.057686425745487213e-02 -1.563186943531036377e-01 1.044875159859657288e-01 9.816882610321044922e-01
-4.355556488037109375e+00 2.264064407348632812e+01 3.666009902954101562e+01 -2.301222644746303558e-02 -1.721573770046234131e-01 9.550092369318008423e-02 9.801591038703918457e-01
-4.370466232299804688e+00 2.266270446777343750e+01 3.669126892089843750e+01 -1.578213460743427277e-02 -1.890472918748855591e-01 8.832995593547821045e-02 9.778597950935363770e-01
-4.379670143127441406e+00 2.268110656738281250e+01 3.671522521972656250e+01 -8.456298150122165680e-03 -2.063657194375991821e-01 8.041466027498245239e-02 9.751282930374145508e-01
-4.396004676818847656e+00 2.271021080017089844e+01 3.674755096435546875e+01 1.551926652609836310e-05 -2.242504060268402100e-01 7.509655505418777466e-02 9.716337919235229492e-01
-4.399075508117675781e+00 2.272048950195312500e+01 3.678208541870117188e+01 7.282502483576536179e-03 -2.438021749258041382e-01 6.782235205173492432e-02 9.674231410026550293e-01
-4.421843528747558594e+00 2.275600242614746094e+01 3.680710601806640625e+01 1.441923249512910843e-02 -2.625454068183898926e-01 6.608233600854873657e-02 9.625461697578430176e-01
-4.434638023376464844e+00 2.277880096435546875e+01 3.683968353271484375e+01 2.222476713359355927e-02 -2.825557887554168701e-01 6.300946325063705444e-02 9.569211602210998535e-01
-4.446285247802734375e+00 2.279915618896484375e+01 3.686862945556640625e+01 3.011274710297584534e-02 -3.029026091098785400e-01 6.119330972433090210e-02 9.505780339241027832e-01
-4.441612243652343750e+00 2.282477569580078125e+01 3.688406372070312500e+01 3.800131380558013916e-02 -3.244121074676513672e-01 6.190031766891479492e-02 9.431230425834655762e-01
-4.451599121093750000e+00 2.283533668518066406e+01 3.690529251098632812e+01 4.539242386817932129e-02 -3.450505137443542480e-01 6.354496628046035767e-02 9.353297352790832520e-01
-4.455272674560546875e+00 2.285869979858398438e+01 3.692021942138671875e+01 5.311481282114982605e-02 -3.666318655014038086e-01 6.900132447481155396e-02 9.262822270393371582e-01
-4.455503463745117188e+00 2.286253356933593750e+01 3.693633270263671875e+01 5.957638099789619446e-02 -3.892127275466918945e-01 7.267644256353378296e-02 9.163417816162109375e-01
-4.454607009887695312e+00 2.287321853637695312e+01 3.694084930419921875e+01 6.646717339754104614e-02 -4.112553596496582031e-01 7.977366447448730469e-02 9.055867195129394531e-01
-4.446031570434570312e+00 2.287835121154785156e+01 3.694168472290039062e+01 7.257021218538284302e-02 -4.337163269519805908e-01 8.811552077531814575e-02 8.937893509864807129e-01
-4.448511123657226562e+00 2.287862777709960938e+01 3.694727325439453125e+01 7.860522717237472534e-02 -4.561008810997009277e-01 9.789791703224182129e-02 8.810273408889770508e-01
-4.444890975952148438e+00 2.288357543945312500e+01 3.694967651367187500e+01 8.099038153886795044e-02 -4.782920181751251221e-01 1.140421256422996521e-01 8.669900298118591309e-01
-4.446160316467285156e+00 2.289460563659667969e+01 3.697102737426757812e+01 8.464061468839645386e-02 -5.007357597351074219e-01 1.286946237087249756e-01 8.517848253250122070e-01
-4.451251506805419922e+00 2.291517448425292969e+01 3.698965072631835938e+01 8.788974583148956299e-02 -5.212112069129943848e-01 1.444383263587951660e-01 8.365116715431213379e-01
-4.463871002197265625e+00 2.293824195861816406e+01 3.701578903198242188e+01 9.131224453449249268e-02 -5.405803322792053223e-01 1.609468311071395874e-01 8.206893801689147949e-01
-4.470298290252685547e+00 2.295666694641113281e+01 3.705639648437500000e+01 9.276831895112991333e-02 -5.606767535209655762e-01 1.732773780822753906e-01 8.043696880340576172e-01
-4.472541809082031250e+00 2.298071861267089844e+01 3.710318374633789062e+01 9.485326707363128662e-02 -5.800943970680236816e-01 1.851885765790939331e-01 7.875268459320068359e-01
-4.501488685607910156e+00 2.302118492126464844e+01 3.715244674682617188e+01 9.868027269840240479e-02 -5.959663391113281250e-01 2.019679248332977295e-01 7.709054946899414062e-01
-4.516386508941650391e+00 2.306291198730468750e+01 3.721623992919921875e+01 1.007677018642425537e-01 -6.131464838981628418e-01 2.147684544324874878e-01 7.535063028335571289e-01
-4.543901920318603516e+00 2.313089942932128906e+01 3.729927444458007812e+01 1.092876419425010681e-01 -6.308721303939819336e-01 2.294772714376449585e-01 7.330734729766845703e-01
-4.567973136901855469e+00 2.318223953247070312e+01 3.737885284423828125e+01 1.123093143105506897e-01 -6.455719470977783203e-01 2.410962432622909546e-01 7.158883810043334961e-01
-4.601578712463378906e+00 2.323566436767578125e+01 3.744847488403320312e+01 1.157571822404861450e-01 -6.568770408630371094e-01 2.535893619060516357e-01 7.005749344825744629e-01
-4.625278949737548828e+00 2.328909492492675781e+01 3.753137207031250000e+01 1.179647147655487061e-01 -6.689049601554870605e-01 2.628205120563507080e-01 6.852560639381408691e-01
-4.654634475708007812e+00 2.334453201293945312e+01 3.761582565307617188e+01 1.197358965873718262e-01 -6.791002750396728516e-01 2.716965973377227783e-01 6.713174581527709961e-01
-4.690734386444091797e+00 2.340902709960937500e+01 3.771397781372070312e+01 1.227164566516876221e-01 -6.887166500091552734e-01 2.799423635005950928e-01 6.574513912200927734e-01
-4.725286483764648438e+00 2.347329521179199219e+01 3.780119705200195312e+01 1.236768886446952820e-01 -6.952574253082275391e-01 2.882834672927856445e-01 6.466945409774780273e-01
-4.761314392089843750e+00 2.353443527221679688e+01 3.789143753051757812e+01 1.241364851593971252e-01 -7.002685666084289551e-01 2.943899929523468018e-01 6.383953094482421875e-01
-4.785390853881835938e+00 2.359892654418945312e+01 3.800320816040039062e+01 1.220263466238975525e-01 -7.078469991683959961e-01 2.980591356754302979e-01 6.286675930023193359e-01
-4.833220481872558594e+00 2.367466354370117188e+01 3.810636138916015625e+01 1.216192096471786499e-01 -7.106043100357055664e-01 3.044493794441223145e-01 6.225438714027404785e-01
-4.877323150634765625e+00 2.375251007080078125e+01 3.822836303710937500e+01 1.210900098085403442e-01 -7.146221399307250977e-01 3.083110749721527100e-01 6.161141991615295410e-01
-4.910522460937500000e+00 2.382671928405761719e+01 3.834358596801757812e+01 1.172248721122741699e-01 -7.167180180549621582e-01 3.102740943431854248e-01 6.134359240531921387e-01
-4.984607696533203125e+00 2.391522026062011719e+01 3.847211074829101562e+01 1.208833679556846619e-01 -7.181398868560791016e-01 3.156093060970306396e-01 6.083198785781860352e-01
-5.036522865295410156e+00 2.399429702758789062e+01 3.860062408447265625e+01 1.185700371861457825e-01 -7.184730172157287598e-01 3.170080482959747314e-01 6.076540946960449219e-01
-5.088922500610351562e+00 2.407630538940429688e+01 3.873721694946289062e+01 1.161645576357841492e-01 -7.183865904808044434e-01 3.176577985286712646e-01 6.078816056251525879e-01
-5.158472061157226562e+00 2.416353797912597656e+01 3.887860488891601562e+01 1.156676933169364929e-01 -7.171774506568908691e-01 3.191832304000854492e-01 6.086046695709228516e-01
-5.225927352905273438e+00 2.424611663818359375e+01 3.902492523193359375e+01 1.136645823717117310e-01 -7.153656482696533203e-01 3.191155791282653809e-01 6.111444830894470215e-01
-5.287757873535156250e+00 2.433016777038574219e+01 3.917971420288085938e+01 1.109320074319839478e-01 -7.140672206878662109e-01 3.179358541965484619e-01 6.137742996215820312e-01
-5.356431007385253906e+00 2.441078376770019531e+01 3.933402252197265625e+01 1.079802811145782471e-01 -7.108253240585327148e-01 3.164975345134735107e-01 6.187866926193237305e-01
-5.438785552978515625e+00 2.450170135498046875e+01 3.950027465820312500e+01 1.076266691088676453e-01 -7.078212499618530273e-01 3.158939778804779053e-01 6.225886344909667969e-01
-5.507729530334472656e+00 2.458043289184570312e+01 3.966399002075195312e+01 1.028859913349151611e-01 -7.036141157150268555e-01 3.140236139297485352e-01 6.290713548660278320e-01
-5.586802005767822266e+00 2.466849517822265625e+01 3.983918380737304688e+01 1.004207357764244080e-01 -6.992453336715698242e-01 3.118095695972442627e-01 6.354104280471801758e-01
-5.669588088989257812e+00 2.475548934936523438e+01 4.001823425292968750e+01 9.789895266294479370e-02 -6.947600841522216797e-01 3.095970153808593750e-01 6.417740583419799805e-01
-5.753099918365478516e+00 2.484212875366210938e+01 4.019966125488281250e+01 9.486398100852966309e-02 -6.893181204795837402e-01 3.077844977378845215e-01 6.489299535751342773e-01
-5.837483406066894531e+00 2.492880439758300781e+01 4.039561843872070312e+01 9.144624322652816772e-02 -6.848405003547668457e-01 3.049067854881286621e-01 6.554868221282958984e-01
-5.929250717163085938e+00 2.502175903320312500e+01 4.058946228027343750e+01 8.937548100948333740e-02 -6.791469454765319824e-01 3.036027252674102783e-01 6.622664928436279297e-01
-6.026030540466308594e+00 2.511616516113281250e+01 4.078194808959960938e+01 8.765687048435211182e-02 -6.721544265747070312e-01 3.037010729312896729e-01 6.695448756217956543e-01
-6.127690792083740234e+00 2.522290992736816406e+01 4.099706649780273438e+01 8.817733079195022583e-02 -6.668290495872497559e-01 3.044911324977874756e-01 6.744248867034912109e-01
-6.224629402160644531e+00 2.531907653808593750e+01 4.121081161499023438e+01 8.530037850141525269e-02 -6.620416045188903809e-01 3.027035295963287354e-01 6.802906394004821777e-01
-6.310299873352050781e+00 2.542725563049316406e+01 4.142757034301757812e+01 8.251930028200149536e-02 -6.568771600723266602e-01 3.012563288211822510e-01 6.862561702728271484e-01
-6.414138793945312500e+00 2.554897499084472656e+01 4.165562438964843750e+01 8.293621242046356201e-02 -6.518325805664062500e-01 3.032354414463043213e-01 6.901334524154663086e-01
-6.494957447052001953e+00 2.567774963378906250e+01 4.187410736083984375e+01 7.981782406568527222e-02 -6.464817523956298828e-01 3.032959699630737305e-01 6.954869031906127930e-01
-6.581070899963378906e+00 2.583111000061035156e+01 4.209535217285156250e+01 7.834088057279586792e-02 -6.418731808662414551e-01 3.046039342880249023e-01 6.993411183357238770e-01
-6.673540592193603516e+00 2.598947906494140625e+01 4.232130050659179688e+01 7.794500142335891724e-02 -6.379914283752441406e-01 3.042361438274383545e-01 7.030873894691467285e-01
-6.777315139770507812e+00 2.615056228637695312e+01 4.253345108032226562e+01 7.481828331947326660e-02 -6.342090964317321777e-01 3.036265075206756592e-01 7.071011066436767578e-01
