1.0 0.0 0.0 0.0 0.0 -1.0 0.0 0.0 0.0 0.0 -1.0 0.0
0.9999995587500665 0.0008353793091483266 -0.00042969882752232254 0.12436483800411224 0.0008340333651317297 -0.9999947756286454 -0.0031229959592134144 -0.05142398178577423 -0.0004323054688229576 0.0031226361980325433 -0.9999950311152335 -0.05468986928462982
0.9999926331868576 0.0020600688805041067 -0.0032387788165653634 0.25632500648498535 0.002038000048645855 -0.9999747857271506 -0.006802533773614469 -0.1006615087389946 -0.0032527108412481846 0.0067958830292335504 -0.9999716175202356 -0.106291763484478
0.9999804621075248 0.001954136675966637 -0.005937739727599594 0.3877180814743042 0.0018857886098594444 -0.9999321559281742 -0.011494665812991559 -0.15311987698078156 -0.00595979903520218 0.011483243909500248 -0.9999163044499149 -0.1554289609193802
0.9999633517615842 0.0012043513581803434 -0.008476123615432686 0.5140105485916138 0.0010696487984003004 -0.9998733544532246 -0.015878630479493193 -0.20566904544830322 -0.008494173602306896 0.015868982080217323 -0.9998379990891282 -0.2018021196126938
0.999930183637243 0.002280139764838919 -0.011594344045382243 0.6453821063041687 0.0020401965460009413 -0.9997843799756216 -0.02066473214962714 -0.25300124287605286 -0.011638962550140634 0.020639634672516564 -0.9997192305999429 -0.2502816617488861
0.9998967499758683 0.003285333682536013 -0.013989137582086725 0.7714287638664246 0.002915806798223341 -0.9996484146662356 -0.026354224063657842 -0.29572686553001404 -0.014070801626474286 0.02631071336692416 -0.999554780341584 -0.2926233410835266
0.9998567645043498 0.003525206631977812 -0.0165536519564497 0.8961724638938904 0.0030196887219376928 -0.9995312891119831 -0.030464463989380342 -0.3405389189720154 -0.01665328661003628 0.030410113520661333 -0.999398765779078 -0.3312000632286072
0.9997956915480493 0.004631759701964711 -0.01967541521851847 1.024161458015442 0.00394353373374599 -0.9993839052930542 -0.0348748961703753 -0.3788452744483948 -0.019824825438037527 0.0347901802706871 -0.9991979882150908 -0.36585310101509094
0.9997407095449521 0.003002929251018172 -0.022572020168098204 1.1522316932678223 0.002103827174932899 -0.999207389421613 -0.03975131238667054 -0.4298502206802368 -0.022673499724869702 0.03969351762137027 -0.9989546221270854 -0.39658644795417786
0.9996524571184933 0.004218422455388606 -0.026022488139055496 1.2836650609970093 0.003050451138802989 -0.998993081867882 -0.04476066496335057 -0.4660082459449768 -0.026185105018104973 0.044665728384292766 -0.998658757025187 -0.42516380548477173
0.9996006066545153 0.0037342526253500465 -0.028012185442317553 1.4084712266921997 0.0023551439854256756 -0.9987908527580192 -0.04910484440171561 -0.5071523785591125 -0.028161684479672634 0.0490192595235674 -0.9984007370405075 -0.4519276022911072
0.9995264877569523 0.0040869419005134305 -0.03049749462091793 1.538735270500183 0.0024506844096180173 -0.998564952901644 -0.05349793437565415 -0.5417324900627136 -0.030672372229345834 0.053397862714149626 -0.9981021359757656 -0.4700808823108673
0.999503224737859 0.0036808996454227873 -0.03130103379157333 1.6615649461746216 0.0018814708099420736 -0.998353847821642 -0.05732411889695973 -0.5800380706787109 -0.03146051185553447 0.057236749711367836 -0.9978648158324182 -0.4895230829715729
0.9994299300754805 0.004238456085427129 -0.033494034682787964 1.7928729057312012 0.002224431470176604 -0.9981994517804993 -0.059940857265681505 -0.6128563284873962 -0.033687783749519425 0.05983218160089285 -0.997639836449469 -0.5037788152694702
0.9994014865423735 0.005346284022964796 -0.03417727233176967 1.9192370176315308 0.0032277473740839483 -0.9980868026039031 -0.061743956099414625 -0.6420004963874817 -0.034441985189347775 0.0615966859097398 -0.9975066906748815 -0.5208636522293091
0.9993976254623431 0.006028214059168976 -0.03417670047689041 2.0421552658081055 0.0038523559022334355 -0.9979822248868786 -0.0633769529390496 -0.6693812608718872 -0.034489789419954 0.06320711546252383 -0.9974042886315833 -0.5307341814041138
0.9994241361099184 0.009200409774556438 -0.032661117876208165 2.164832353591919 0.007078759519374799 -0.9978931915863162 -0.06449084701988718 -0.6874410510063171 -0.03318564937755744 0.06422250887076801 -0.9973836684193972 -0.5456078052520752
0.9994982028544295 0.008816185473242151 -0.030423960367901 2.283233880996704 0.006842367903416697 -0.9979018728718039 -0.06438193939623689 -0.7222821712493896 -0.0309277301501502 0.0641414607929054 -0.9974614521449499 -0.5526862144470215
0.9995590702486644 0.005631641049745786 -0.02915389687010226 2.4124276638031006 0.0037441636853720985 -0.9979173876256436 -0.0643961855447052 -0.7635375261306763 -0.02945583680568048 0.06425863438867789 -0.9974984619459718 -0.5446417927742004
0.999662423279823 0.006309852696624154 -0.025203675153816815 2.530841588973999 0.004701225591455967 -0.9979782716569381 -0.06338191996594328 -0.7877191305160522 -0.02555265074802334 0.06324203554265079 -0.9976710414661598 -0.5479987263679504
0.9997581158250395 0.007873366515087053 -0.02053582094014789 2.6498541831970215 0.006608012348735363 -0.9981175400164928 -0.06097303079414352 -0.8073470592498779 -0.020977226097977576 0.060822581424531126 -0.9979281384819703 -0.5493109226226807
0.9998583305656452 0.010553108059518073 -0.013112997703230725 2.7531447410583496 0.00979570670673027 -0.9983523133259793 -0.05653938986919982 -0.8206365704536438 -0.013688057882567536 0.05640292888627141 -0.9983142524698592 -0.5493771433830261
0.9999049530144205 0.012062584110998831 -0.00667675084113392 2.8767545223236084 0.011695132320650095 -0.9985483183577993 -0.05257832048300697 -0.8453976511955261 -0.007301288737749621 0.05249523758757916 -0.998594482867491 -0.5544741749763489
0.9999075878427773 0.013593364935165043 0.00019027395563404038 2.992774486541748 0.01358735046957018 -0.9988093295683999 -0.04685410413550387 -0.8650466799736023 -0.0004468575341629664 0.0468523595655864 -0.9989017252570352 -0.5510955452919006
0.9998596359348617 0.01477882278124114 0.007892707102525147 3.101308822631836 0.01508899185334807 -0.9990532900083231 -0.04080252502474731 -0.88462233543396 0.007282221711481909 0.0409158908096378 -0.9991360563637961 -0.5493701100349426
0.9997240477299788 0.015593725553453695 0.017568839282954204 3.193068742752075 0.016190218463104353 -0.9992791548102927 -0.03433726237986329 -0.9027935862541199 0.01702072902385983 0.03461223028049745 -0.9992558672825024 -0.5427629947662354
0.9994780115051509 0.018758108080654902 0.026302811616710747 3.280540704727173 0.019441590741634443 -0.9994735288619794 -0.025974788807943214 -0.9100382328033447 0.025801726049714167 0.026472598765835725 -0.9993165026393984 -0.5423088073730469
0.9990954454609611 0.020227020320392447 0.03740532726928542 3.3483173847198486 0.02093122662916036 -0.9996091564323788 -0.018531544143617528 -0.9235547184944153 0.03701586971776625 0.019297720733458344 -0.9991283317790216 -0.5381138324737549
0.9986136012481669 0.022835931328779906 0.04742779398743119 3.416242837905884 0.023355767367978817 -0.9996727515892346 -0.010435413775278986 -0.9316073656082153 0.047173970924863015 0.011528658653792946 -0.9988201572339358 -0.5320343971252441
0.9979832120504922 0.024542149200646644 0.05854221876556644 3.469921350479126 0.0246546209689611 -0.9996953089113566 -0.0011995855552279348 -0.9437116384506226 0.0584949410655238 0.0026405024598827897 -0.9982842128454704 -0.5318759679794312
0.9972572199443519 0.027145274283553445 0.06885616423337364 3.5162250995635986 0.026574693390751216 -0.999604593570264 0.009189242864097797 -0.9496844410896301 0.0690783825813129 -0.0073342073394785275 -0.9975842753685784 -0.5283469557762146
0.9963069708481538 0.0304193680285559 0.08029372259472747 3.550370216369629 0.02902238991205502 -0.9994073890046524 0.018508692193014407 -0.9522351622581482 0.08080916237140703 -0.0161100233285485 -0.996599391142291 -0.5255408883094788
0.9952825223493483 0.03278890167113166 0.0913103971797294 3.575115203857422 0.030386802607113517 -0.9991577915948041 0.027574439662675584 -0.9551732540130615 0.09213763038647886 -0.024669726844760095 -0.9954406369262657 -0.5229892134666443
0.9943111024119505 0.03661667166447824 0.10002325217942 3.6019678115844727 0.03320620358331347 -0.9988160028506744 0.03555194077663952 -0.9514239430427551 0.10120661867642645 -0.03202829695156989 -0.9943497415549857 -0.5131078362464905
0.993187047434106 0.03961834522332062 0.10958957765631154 3.609851121902466 0.03474778806015103 -0.9983367957023797 0.04600253875203027 -0.9514793753623962 0.11122985226120628 -0.04188113021959901 -0.9929118243315866 -0.5125746130943298
0.9918722227261024 0.04341215502519731 0.1196030040611388 3.6249351501464844 0.03706058979703995 -0.9978077879753692 0.054828194750472 -0.9484679102897644 0.12172101900771323 -0.049950005523206734 -0.9913067085821395 -0.513831615447998
0.9904685554140713 0.04633934818819407 0.1297100826669083 3.641672372817993 0.038218881466005876 -0.9971914038342433 0.06440979132537406 -0.9517754316329956 0.13233048717302548 -0.05883849869417263 -0.9894577672826494 -0.5104501843452454
0.9892269916907167 0.050134182860923804 0.13753734990685984 3.675328493118286 0.040112721537945206 -0.9963994756769886 0.0746930682288609 -0.953799307346344 0.14078681927422687 -0.06837140176630471 -0.9876762743627877 -0.5107370018959045
0.9877159759012236 0.05307110346527094 0.14697145616231647 3.7053680419921875 0.04106015441649234 -0.9956543101992855 0.0835856345365542 -0.9568739533424377 0.15076874566297557 -0.07652419590275421 -0.9856027763620848 -0.5035986304283142
0.9863165545205321 0.05636104027188833 0.1549292981272979 3.7467007637023926 0.042553032776812855 -0.9949375521971535 0.0910412358738183 -0.9618709087371826 0.1592761554038835 -0.08320276658505599 -0.9837217116402133 -0.49918437004089355
0.9850919362090512 0.0589223056394873 0.16162313916648566 3.796266555786133 0.043175745888646026 -0.994123611780357 0.09926781687806617 -0.9728096127510071 0.16652246750172003 -0.0908097263452823 -0.9818471680553108 -0.4922447204589844
0.9839317480942236 0.06238536568612153 0.16729130652981974 3.851389169692993 0.04468966228265035 -0.9931965887182472 0.10753311231197206 -0.9791002869606018 0.1728616475025848 -0.09832905118349015 -0.9800256366626572 -0.4854707717895508
0.9828310001863021 0.0661733656911537 0.17223330324271838 3.9160125255584717 0.04683141666614957 -0.992371929088592 0.11403847057036684 -0.9815710783004761 0.1784658048081896 -0.10401461450244276 -0.9784328880838347 -0.48552438616752625
0.9817504185007438 0.06894874513257242 0.17723483381733338 3.987168550491333 0.047926304805402234 -0.9915831926539079 0.12027402609866712 -0.9896458387374878 0.18403582553762157 -0.1095848647894715 -0.9767916729414515 -0.4797389805316925
0.9806363086540607 0.07188448405898312 0.18216764559303925 4.061279296875 0.0495167087466639 -0.9909842137418331 0.1244925044706652 -0.9956903457641602 0.18947434049030334 -0.1130615277893163 -0.9753545843587911 -0.4719495475292206
0.9800691649181404 0.07448339186381799 0.18416475317801603 4.149662017822266 0.0509065050778766 -0.9902599649465779 0.1295906229815964 -1.0026293992996216 0.1920233311798719 -0.11763258970397222 -0.9743149460631927 -0.46818870306015015
0.9794588605181281 0.07593836431426743 0.18679856899292316 4.234820365905762 0.05073021166743427 -0.9893803003884162 0.1362096429314199 -1.0194332599639893 0.195158361790387 -0.1239354107130048 -0.9729096709328627 -0.46028509736061096
0.978815394484261 0.0780720360264828 0.1892754096846722 4.328127384185791 0.052036007223767666 -0.9889492596939704 0.13882224498601092 -1.025408387184143 0.19802191159775456 -0.1260322139035398 -0.9720613167829197 -0.44939473271369934
0.9788317511838324 0.07862280515744394 0.1889625819668197 4.4369096755981445 0.051887859176554925 -0.988436124169425 0.14248395877080086 -1.0384714603424072 0.19797993066082847 -0.1296629590364954 -0.9715922313961932 -0.4421245753765106
0.9786849051291483 0.07860780152190822 0.18972788411892205 4.532207012176514 0.05109055856160908 -0.9879938744392079 0.14580075067181936 -1.0546313524246216 0.19891106379036239 -0.13299969026466013 -0.9709508077607699 -0.42851293087005615
0.9787392428271013 0.07993545691048373 0.18889101958204577 4.62841272354126 0.05231386781336378 -0.9877611636119505 0.1469392489921305 -1.0611952543258667 0.19832486930447854 -0.13393358947059408 -0.9709423462939928 -0.4234668016433716
0.9789899593226855 0.07915512466487713 0.18791786978532685 4.715307712554932 0.051424040358858385 -0.9876329665506266 0.14811040292828828 -1.0742624998092651 0.1973175806119105 -0.13533510121804013 -0.9709532340745181 -0.4160839915275574
0.9793748152842365 0.07951375398198787 0.18574857769215813 4.801781177520752 0.05213919144443013 -0.9876316193319206 0.14786916247591805 -1.0770344734191895 0.19520880078133995 -0.13513455303326496 -0.9714073175934033 -0.40020424127578735
0.9798363152655138 0.0782125036123259 0.18385755237572685 4.877474308013916 0.05131375107897374 -0.9878406894748131 0.1467571843833605 -1.0848159790039062 0.19310021811770786 -0.1343635981083361 -0.9719355581859714 -0.38189631700515747
0.9805543929578333 0.07598884630870156 0.18093860198356793 4.949731826782227 0.049660670630693286 -0.9880621075628149 0.14583240171868064 -1.0942769050598145 0.18986021237638306 -0.13401106982335967 -0.9726222971540359 -0.3804320693016052
0.9813192801918381 0.07483214923896431 0.17723605661391312 5.017744064331055 0.04963945351519702 -0.9885439287144543 0.1425371027364623 -1.0964035987854004 0.1858719854590396 -0.13107650606447208 -0.9737918435576697 -0.3742952346801758
0.9823451098865127 0.07089509956454045 0.17312414603338563 5.080134868621826 0.04687648493334301 -0.9891707436453611 0.13908211630679612 -1.1078344583511353 0.1811095807580295 -0.12851118540351653 -0.9750303559294108 -0.3639609217643738
0.9835028576354996 0.06789575687873267 0.1676672157002377 5.140478610992432 0.04530811186980199 -0.9898029076286332 0.13504584054570848 -1.1123648881912231 0.175126537171268 -0.1252212851226477 -0.9765502166968338 -0.35624808073043823
0.9848318002784918 0.06343714111351559 0.16149939407802344 5.195558071136475 0.04256900614051097 -0.9906594797913965 0.1295441037471366 -1.1166713237762451 0.16820881331379145 -0.12070428421056006 -0.9783334149955129 -0.35216420888900757
0.9859018150708755 0.058563730839807204 0.15674150844647564 5.235966682434082 0.03965505940478194 -0.9918412566767784 0.12115443787758226 -1.121441125869751 0.1625579506008771 -0.1132307863787598 -0.9801804434452316 -0.3435889482498169
0.9872174385319495 0.05220157643330997 0.15058792938444174 5.27577018737793 0.03544708827316438 -0.9930899783306689 0.11187403126796616 -1.1278949975967407 0.1553873643233928 -0.10510609096084145 -0.9822461385271822 -0.33247971534729004
0.9885893565117216 0.04608798225952694 0.14341193145267103 5.31055212020874 0.03130217812804664 -0.9941159447952175 0.10369986474606498 -1.1319080591201782 0.14734740525771103 -0.09802747673564623 -0.9842150963933962 -0.3283880352973938
0.9899328671208442 0.040743126535006856 0.13554673081287308 5.343139171600342 0.027927272963904477 -0.9950718716513917 0.09514219712091787 -1.1315855979919434 0.1387551297023091 -0.09039893742931077 -0.986192195311313 -0.32872530817985535
0.9911433397779822 0.03356531532301905 0.12848443338013252 5.38209342956543 0.02259103610502976 -0.9960444000328231 0.08593717618676296 -1.1390690803527832 0.13086070877634984 -0.08227346334341225 -0.9879810484660277 -0.3162689507007599
0.9922837669532766 0.025653058227970378 0.12130476678419598 5.422821521759033 0.016468171517709677 -0.9969624596410555 0.0761226207728054 -1.1495143175125122 0.1228890766825071 -0.07353757318547716 -0.9896921239264823 -0.30889636278152466
0.9935329388075539 0.019945910744814773 0.11177862116248288 5.486964225769043 0.012638783530205675 -0.9977591912119933 0.06570279676593668 -1.1456369161605835 0.11283864876584879 -0.06386514696255902 -0.991558713515316 -0.3163951635360718
0.9943676794724019 0.012633805629315664 0.10522977228898175 5.548540115356445 0.006851227835367687 -0.9984555031771032 0.05513319193104692 -1.1536149978637695 0.10576378727058786 -0.054101710977366005 -0.9929184388314598 -0.3101019859313965
0.9952055179345742 0.005626815050981427 0.09764382225700506 5.619195938110352 0.0012667248435533776 -0.9990015456010666 0.044657667816970656 -1.1599490642547607 0.09779760979055814 -0.044319869574066 -0.9942189782337649 -0.29862356185913086
0.9958492063904704 -0.003473887197937885 0.09095213158143105 5.684392929077148 -0.006917427869750102 -0.9992699348448938 0.037573215283607006 -1.1795003414154053 0.09075520548782175 -0.03804641143153291 -0.9951462019492642 -0.2840370535850525
0.9963813727859461 -0.010996788538534181 0.08428066567743969 5.774503231048584 -0.013499860653633395 -0.999482799564078 0.029187105678454322 -1.190574049949646 0.08391611125121373 -0.030219265665987694 -0.9960144990185045 -0.27175188064575195
0.996666120899188 -0.01523410569875914 0.08015338717312297 5.864386558532715 -0.01692182474850512 -0.9996482938366393 0.020419120369821166 -1.1861313581466675 0.0798141296948504 -0.021707387061905913 -0.9965733761484896 -0.2621505856513977
0.9969096510648587 -0.021461693058586348 0.07556813710023833 5.96291971206665 -0.022671140065482792 -0.9996276736226584 0.015183330856003645 -1.1984502077102661 0.07521414110307084 -0.01684962488634801 -0.9970250363553146 -0.23876646161079407
0.997021800686314 -0.025724161665917542 0.07270348315456036 6.073234558105469 -0.026492960243424544 -0.9996026160971491 0.009629794871925307 -1.2003446817398071 0.07242687356057854 -0.011527245912219056 -0.9973071094642406 -0.22487594187259674
0.9970360502184809 -0.02856653855179004 0.0714357574321179 6.188187599182129 -0.02901791373183412 -0.9995649009171829 0.005288623362895218 -1.197595238685608 0.07125359813639677 -0.0073458647953676525 -0.9974311820988079 -0.21210317313671112
0.9968406147314611 -0.033381506983642735 0.07207262873868056 6.302866458892822 -0.033869610280437286 -0.9994107912023039 0.005560569020891243 -1.2133574485778809 0.07184454273815075 -0.0079840728883077 -0.9973838861034702 -0.18319514393806458
0.996815042863068 -0.033617751279630445 0.07231609171409502 6.447441577911377 -0.033967039621256495 -0.9994164506915928 0.0036053164059817165 -1.2078195810317993 0.07215268907856788 -0.00605019718027067 -0.997375247623888 -0.176497220993042
0.9964885017072922 -0.03535859726642084 0.07589753332294133 6.579860210418701 -0.03594289916430068 -0.9993336959691386 0.006346030280908526 -1.2133452892303467 0.07562257576161266 -0.009051723593457274 -0.9970954278980355 -0.15511956810951233
0.9961021689496707 -0.03612243433188581 0.08047135360922147 6.732463359832764 -0.037225884149819845 -0.9992317406376126 0.012254062656572418 -1.222542643547058 0.07996688416479636 -0.015201915677493013 -0.996681593688129 -0.13084596395492554
0.9954970755624111 -0.03574595393748361 0.08779407339784884 6.888197898864746 -0.03765437965291891 -0.9990870824015035 0.020177945173026946 -1.2338396310806274 0.08699264474449214 -0.023392916781605818 -0.995934260483496 -0.10755708813667297
0.9947114887250044 -0.032372023745794634 0.09747361836459977 7.053506851196289 -0.03540514959437498 -0.9989360761549857 0.02954980775370676 -1.2283883094787598 0.09641332677947516 -0.032844601301930995 -0.9947993277966323 -0.08741533756256104
0.9936059408744967 -0.02757785471612753 0.10948377134608611 7.222000598907471 -0.032337805737712146 -0.9985966152256339 0.04194122530371795 -1.228455662727356 0.10817347447029654 -0.045213515558551756 -0.9931033367338268 -0.062409043312072754
0.9921335962761086 -0.02236063793715708 0.12317032520570635 7.398612976074219 -0.029756463789496274 -0.9978416617934793 0.05853691870924421 -1.2295745611190796 0.12159555914169105 -0.061741556995848754 -0.9906576099423798 -0.03382223844528198
0.9902582320568623 -0.014853734659348236 0.13844854788074515 7.57916259765625 -0.025743972315262924 -0.9966829298833542 0.0772035308037383 -1.224291205406189 0.13684254357855338 -0.08001564750598768 -0.9873558702013925 -0.005001068115234375
0.9878355546732919 -0.0041990591325913726 0.15544544002868224 7.772991180419922 -0.019326735897918786 -0.9951999096102516 0.09593548452621153 -1.208126187324524 0.15429644909343102 -0.09777273553577132 -0.9831750088275283 0.011601924896240234
0.9849848663347247 0.0036293448155477115 0.17260255197352725 7.972306728363037 -0.017236541321446506 -0.9927161711374146 0.11923718046626815 -1.2272692918777466 0.17177809736645233 -0.12042188928297541 -0.9777478477842232 0.03907930850982666
0.9815191794745464 0.0159241129078745 0.19070008639670413 8.181607246398926 -0.011504604541375203 -0.9898189247392188 0.1418666285722016 -1.216126799583435 0.19101765467610507 -0.14143874595100772 -0.9713430582167386 0.062140583992004395
0.97770807310972 0.02896815548556712 0.20796098130140367 8.405121803283691 -0.00586803533782913 -0.9862806199565993 0.16497304282609382 -1.1993167400360107 0.20988685032024457 -0.16251579820371376 -0.9641245383231657 0.06920957565307617
0.9729797286633298 0.0417666776209957 0.22708146611015365 8.622215270996094 -0.0016402929733251824 -0.9822274274803818 0.18768747998796556 -1.19585382938385 0.23088472675600416 -0.18298859348542776 -0.9556188662877215 0.07280433177947998
0.9683816567111171 0.05510531135284662 0.24331126485664 8.861964225769043 0.0029868963958784543 -0.9777906180027834 0.20956284450172655 -1.1823043823242188 0.24945549782546883 -0.20221006900359925 -0.9470390924339961 0.08025956153869629
0.9631602499355688 0.07135054742523962 0.2592902472638932 9.099352836608887 0.009621743381988988 -0.9726873662614807 0.2319196187682168 -1.150541067123413 0.26875593946616955 -0.2208809337571319 -0.9375403234550682 0.08176183700561523
0.9573644443207752 0.08646168293668147 0.27564052338894274 9.319135665893555 0.01369032101907048 -0.9666671465179344 0.2556701057090353 -1.130972146987915 0.2885583058253016 -0.24099586143050516 -0.9266364437645438 0.06929874420166016
0.9526749763592899 0.10278878154866444 0.28608539949911344 9.566343307495117 0.01987216186074433 -0.9601438676877945 0.2787989428324708 -1.1009492874145508 0.30334054559489204 -0.25991964090707703 -0.9167476717553904 0.038631439208984375
0.9467614326161472 0.11917818018105739 0.29906412536336047 9.792397499084473 0.024641839329025833 -0.9530568882829417 0.3017869239230197 -1.0675383806228638 0.3209915411114487 -0.2783507303118988 -0.9052542744829927 0.013050079345703125
0.9422560861242382 0.13170668267588212 0.30790715792320716 10.04908561706543 0.028956484684847635 -0.9480168788778265 0.3168998569855162 -1.0579917430877686 0.3336390117425247 -0.289684910033745 -0.897088436410933 -0.004331827163696289
0.9386737581542681 0.14562986865030025 0.3125436243301711 10.31390380859375 0.035128182587599546 -0.9421051037905162 0.3334726138679954 -1.0279430150985718 0.3430125165947084 -0.3020429021989379 -0.8894450509675165 -0.02952718734741211
0.935158750452273 0.15973679750854936 0.31616809923560624 10.573369979858398 0.0422736020121296 -0.9365003461348468 0.34810924185122133 -0.9922583699226379 0.351697389847385 -0.31217183923445874 -0.882529143294153 -0.044913530349731445
0.9331533675773127 0.1690960804149464 0.3172243814201914 10.84104061126709 0.04773985546286279 -0.9329344837229478 0.3568671395365258 -0.9809519052505493 0.3562943990290979 -0.31786752691789577 -0.8786435776534165 -0.05458402633666992
0.9332178499353618 0.1805661074128205 0.3106450151150057 11.11152172088623 0.0583420093808442 -0.9292324988754139 0.36486048426098333 -0.9474531412124634 0.35454288105026993 -0.32237066226245764 -0.8777109442231188 -0.06463170051574707
0.9344717856228695 0.18806705395498516 0.3023131904027646 11.384933471679688 0.06807847723214613 -0.9278225673050371 0.36675687387865236 -0.9232659935951233 0.34946788523776784 -0.32214292917303383 -0.8798273298615245 -0.06818795204162598
0.9365854038914895 0.19262028142816207 0.29275451900859073 11.641839981079102 0.07816585233976253 -0.9291725408154979 0.3612872664826016 -0.9144779443740845 0.3416107152087213 -0.31549297389483594 -0.8853057679003219 -0.07242989540100098
0.939914972264216 0.19394962133736982 0.28096866248151026 11.911172866821289 0.08656723563159795 -0.9314627700002557 0.3533882027155893 -0.9056764841079712 0.3302513567400766 -0.30783218234379245 -0.8922854862009114 -0.03896212577819824
0.9442883529278734 0.19684014664264946 0.2637678206196966 12.177480697631836 0.0988953721047642 -0.9341004968960245 0.3430393083523529 -0.888725221157074 0.3139095600663102 -0.2978426067041126 -0.9015267992304361 -0.00879812240600586
0.9493189399550539 0.19478849533417483 0.2466799390466537 12.43896770477295 0.10740194488774521 -0.9386085601586844 0.32783958429568993 -0.8841662406921387 0.2953952817445505 -0.2847304214204889 -0.9119595466032298 0.04118800163269043
0.9544582366322573 0.19499439404987556 0.22580226042704696 12.701622009277344 0.12072029971493237 -0.9445434646347036 0.30539196559930554 -0.871598482131958 0.27282977066584757 -0.2642249604125098 -0.9250670713701946 0.09975337982177734
0.9603028981937445 0.19304820849976048 0.20137212546856498 12.965123176574707 0.13138144969099627 -0.9497830584797855 0.28399129652486954 -0.8669890761375427 0.24608384424375912 -0.24626110334321408 -0.9374423772064051 0.17140817642211914
0.9669245577272041 0.18753209483246908 0.17288323536941597 13.228889465332031 0.13980791280707772 -0.9565911143013819 0.25570918551387495 -0.8754327297210693 0.21333224599337913 -0.22308104681345425 -0.9511699108845033 0.23783183097839355
0.972078107714053 0.18476522412556112 0.14465809502719557 13.487564086914062 0.149161092651884 -0.9624227824781104 0.22692147585891448 -0.874139130115509 0.18114944367003188 -0.19900803933741718 -0.9631098999268541 0.3137204647064209
0.976690016243386 0.18149125533236898 0.11461909268692984 13.74556827545166 0.1571916012784626 -0.9683535131892593 0.19386148142818727 -0.8782427310943604 0.14617596470694832 -0.1713254147285201 -0.9743101095698912 0.3956894874572754
0.9804653847459432 0.1779230075588787 0.08385125339667189 13.998757362365723 0.1629980531515543 -0.9735813843454904 0.15990910769784705 -0.8891013860702515 0.11008752873869392 -0.1431177537453749 -0.9835639504267557 0.4883716106414795
0.983034056214801 0.17591027591091762 0.05195785937488827 14.240227699279785 0.1684973214539534 -0.9779800518227291 0.12314085796215539 -0.9092516303062439 0.07247549230408115 -0.11229689695515842 -0.9910281075476741 0.6092693209648132
0.9848483313724908 0.17228551859846344 0.019785456125120855 14.44115161895752 0.16998713352101877 -0.9816430394031489 0.08649461040235572 -0.9693713188171387 0.03432402409578319 -0.08182079975535854 -0.9960558308133464 0.7754690051078796
0.9850141394704128 0.17200069166954843 -0.01276350690678592 14.5403470993042 0.17241531923908995 -0.9839050663817404 0.046944414364506616 -1.0302897691726685 -0.004483607369667976 -0.048441536036140785 -0.9988159564461385 1.0164967775344849
0.9839131393474156 0.17288025426285222 -0.045026124700277025 14.59583854675293 0.17337677623363582 -0.9848282440483773 0.007336428792133147 -1.067802906036377 -0.04307467564991179 -0.015024893031294204 -0.9989588704781862 1.2798075675964355
0.9818370319068548 0.17366105265852858 -0.07640603095220397 14.649920463562012 0.17167016139567118 -0.9846363831906355 -0.0319460261010341 -1.098081111907959 -0.0807799384916923 0.01824915578309073 -0.996564884917426 1.5399277210235596
0.9784593829102775 0.17713394582688718 -0.10602264489549572 14.695741653442383 0.17037495343818138 -0.9829038417055642 -0.06980267331113271 -1.1022300720214844 -0.11657448792843365 0.05023547746603568 -0.9919106741879447 1.8088140487670898
0.974636292475917 0.17906308005029084 -0.13424049594553072 14.749435424804688 0.16546822267924935 -0.9804520584121256 -0.1064613941238622 -1.1242882013320923 -0.15067967571032687 0.08154860218501049 -0.9852134087645691 2.0847649574279785
0.9703797849076453 0.18130959251868795 -0.15965558149748335 14.772012710571289 0.1594783680840487 -0.9771669930300565 -0.14039700084348766 -1.1450681686401367 -0.18146548750613958 0.11077679988745355 -0.977138054448221 2.3374485969543457
0.9647102155294337 0.18853525003271526 -0.18381691855826462 14.83298110961914 0.1565535811949117 -0.9719863907705096 -0.175309533032196 -1.1007353067398071 -0.21171956987534793 0.1403457005113444 -0.9672010691059941 2.614994764328003
0.9593885648021316 0.19383210703464396 -0.20494559280310576 14.88591480255127 0.1510402696417986 -0.9665851855072689 -0.20712294924612173 -1.0660483837127686 -0.23824445150609258 0.16775635141594214 -0.9566072275945714 2.897261381149292
0.9539165332657304 0.20135761918535447 -0.22248226167111912 14.927803039550781 0.14768970307288523 -0.9604577007584476 -0.23602702527473246 -1.0099451541900635 -0.261210641376904 0.19229174254190418 -0.945934927244821 3.179727792739868
0.9488175478387854 0.2083034747626399 -0.2373919192285298 14.982149124145508 0.14429744051207596 -0.9545368270115712 -0.26084036217645845 -0.9296872019767761 -0.28093328313828975 0.21323486647472162 -0.9357389497849545 3.4646105766296387
0.9441765269255646 0.2147760119343649 -0.24980382443098867 15.03625202178955 0.14025268870015872 -0.9481769997576832 -0.2851132414373195 -0.8355979919433594 -0.298093725722557 0.23416157205674973 -0.9253693796840032 3.723384141921997
0.9401608296991764 0.2213626009840009 -0.2590293674179706 15.085491180419922 0.137734518110524 -0.9422396512924966 -0.305309092647199 -0.7245821356773376 -0.3116517556828739 0.2513623647601054 -0.91634608350884 3.984919548034668
0.9361547290253501 0.23064040590578513 -0.26536640044867754 15.13569450378418 0.1388301367853186 -0.9359239177930322 -0.32368597934280585 -0.5884047746658325 -0.3230178268201973 0.266179306608452 -0.9081894407500016 4.249794006347656
0.9341913226684703 0.2336145923054763 -0.2696493925690927 15.194320678710938 0.13529208318611433 -0.9313181287795503 -0.3381458194828363 -0.4886424243450165 -0.33012516547227366 0.2794114623069417 -0.9016355194053752 4.514232635498047
0.9322810487583285 0.23895699520032954 -0.27157245915390726 15.260947227478027 0.13531526633667257 -0.926618842971635 -0.3508094903877941 -0.37107107043266296 -0.33547253959498136 0.29030513997299134 -0.8962037161733684 4.776432037353516
0.9307358695504848 0.24429083997414885 -0.27212630640352975 15.33896255493164 0.1363007614707597 -0.9222603716084825 -0.36174287744622563 -0.26115158200263977 -0.33934177985416714 0.29959604881458085 -0.8916778364297822 5.0472869873046875
0.9297861434496892 0.24937642394953924 -0.27075658187215523 15.427448272705078 0.1382018256650146 -0.9182355673013884 -0.37113838163891655 -0.17030006647109985 -0.34117148595949565 0.3076602706246564 -0.8882269839671346 5.312069416046143
0.9291579667066907 0.25428493210282843 -0.2683368148632394 15.532108306884766 0.14052173116635602 -0.9143111997543458 -0.37985348895828125 -0.10976791381835938 -0.34193437378464725 0.31523674168667054 -0.8852720941695116 5.568480491638184
0.9291424862266718 0.25826410401475564 -0.26456358945624864 15.644611358642578 0.14364554442043143 -0.9115253868157079 -0.38534066325607536 -0.07538747787475586 -0.34067608935274113 0.32003300106071825 -0.8840354519901302 5.821622848510742
0.929444023538705 0.26220140227456423 -0.25958472943036387 15.759204864501953 0.14743987562468197 -0.9088781124771218 -0.3901308238729699 -0.06247451901435852 -0.33822372800257733 0.3243316224256834 -0.8834102719069789 6.052730560302734
0.9299314428717932 0.2653974187173644 -0.2545421805841712 15.880919456481934 0.1520196488160619 -0.9077254756357306 -0.39105560634739417 -0.061671674251556396 -0.33483957043967494 0.3249594913524559 -0.8844680836795228 6.276547431945801
0.9305668433126381 0.26839710790594695 -0.24901474372991522 16.002328872680664 0.1571000423796728 -0.9070633735267494 -0.3905836825708126 -0.07140851020812988 -0.33070368430281644 0.32434399774621353 -0.8862482972139055 6.48546028137207
0.9314094357045513 0.2710647928221936 -0.2428998583218814 16.11838722229004 0.16196785621072135 -0.9063150404182228 -0.3903325006532482 -0.08975720405578613 -0.32594919333391803 0.3242174048443053 -0.8880541637540986 6.6798200607299805
0.9322253902229042 0.27347665108615415 -0.23699439473214426 16.242033004760742 0.1664359848900669 -0.9055391065060342 -0.3902537501702275 -0.11196404695510864 -0.3213329811230508 0.3243600590377225 -0.8896829026926493 6.874372482299805
0.9333722466789369 0.2754313468191538 -0.23011697529495823 16.339553833007812 0.17101421317480622 -0.9049885105849198 -0.38955093967476206 -0.13175606727600098 -0.31554775870177776 0.3242427622918902 -0.8917938344032263 7.061124801635742
0.9343520989149634 0.2767628720473322 -0.22447375772974978 16.440614700317383 0.17464815334984363 -0.9047346823345803 -0.38852693228711366 -0.1550019383430481 -0.3106190235395957 0.3238170274044555 -0.8936768739193435 7.2326836585998535
0.935121791190694 0.2776715394797845 -0.22010395680958256 16.553346633911133 0.1773071027891696 -0.9045268149779481 -0.3878059209016278 -0.17897647619247437 -0.3067725980931461 0.32361977249354723 -0.8950758715943615 7.401442050933838
0.9356793239272466 0.27867521179387833 -0.2164355079618128 16.646377563476562 0.17964750395782764 -0.9041758837980255 -0.3875470880806383 -0.1968633532524109 -0.30369553354761936 0.32373769859208046 -0.8960819858771462 7.557352066040039
0.9363410532325264 0.2790746490255798 -0.21303232689583176 16.72884178161621 0.18159132936435693 -0.9042603789683484 -0.3864424357232323 -0.20951437950134277 -0.30048297976938515 0.3231570938402379 -0.8973736521481132 7.707973957061768
0.9367625307956127 0.2794393753277118 -0.21068838699334366 16.804298400878906 0.18356955043156742 -0.904901717721657 -0.38399882997054435 -0.2220982313156128 -0.297956676467823 0.3210397433042411 -0.8989745837160226 7.845462799072266
0.9366616024019229 0.28027177250640234 -0.21003041713518916 16.878482818603516 0.18600321263558062 -0.9061964966647954 -0.3797508582237762 -0.21996748447418213 -0.29676227434615926 0.3166317150390514 -0.9009309127543154 7.975501537322998
0.9371393508832808 0.2787297542915104 -0.20995133030932978 16.942642211914062 0.18597352707950862 -0.9080243163797914 -0.37537406421943914 -0.23252010345458984 -0.2952688338644469 0.31273241746836317 -0.9027816739459897 8.102235794067383
0.9376492037090571 0.27822343021691254 -0.20834033133818788 16.949689865112305 0.1873508436496497 -0.9094221855502387 -0.37128284341293205 -0.22719573974609375 -0.2927689057388705 0.3091003256345132 -0.9048443824907697 8.196069717407227
0.937227157553641 0.2784283902699446 -0.20995924994057794 17.013002395629883 0.1884523829503914 -0.9109923837087499 -0.3668495279879325 -0.21710002422332764 -0.29341260113403733 0.3042540193922461 -0.9062772959637801 8.319150924682617
0.9365507361511685 0.2781904914661279 -0.21326689633541132 17.082372665405273 0.18826845592534225 -0.9124116818705639 -0.3634004833370708 -0.21086633205413818 -0.29568176663127593 0.3001915609139661 -0.9068943266102423 8.419546127319336
0.93662056982829 0.27668832689629813 -0.21490806856387842 17.135305404663086 0.18807536794599874 -0.9146294808572387 -0.35788345689455314 -0.21171188354492188 -0.2955834300946293 0.2947820932589792 -0.908699044429644 8.516456604003906
0.9367952085689283 0.27579717589327385 -0.21529202254517726 17.154863357543945 0.18829020674641705 -0.9160308219589658 -0.3541670951183545 -0.21304798126220703 -0.29489241300123353 0.2912446583037646 -0.9100631921816386 8.629144668579102
0.9369334065105904 0.27549104077874076 -0.21508249165170862 17.158456802368164 0.1904313748890158 -0.918403966584317 -0.3467997197520094 -0.19249355792999268 -0.2930728292120241 0.283969788204378 -0.9129454946297838 8.683672904968262
0.9363211110203074 0.2758676138921843 -0.21725523391423643 17.207788467407227 0.1917269006328379 -0.9199789515523229 -0.3418764751696356 -0.1767263412475586 -0.2941828897665919 0.27845248841790105 -0.9142869566292935 8.763349533081055
0.9377649594493818 0.27295421752452576 -0.21469251492419011 17.203371047973633 0.19258104857175598 -0.9232096963832221 -0.332560364798636 -0.1892632246017456 -0.28897996567219447 0.2705177473652565 -0.9183195129150445 8.842437744140625
0.9387177496715285 0.2724936619857742 -0.21108337364464438 17.198453903198242 0.19565613148729266 -0.9254161564190838 -0.3245360005453285 -0.17973554134368896 -0.28377396755701384 0.2633479478107108 -0.9220196276223399 8.894876480102539
0.9390662173932873 0.27262498930051726 -0.2093567638256672 17.22348976135254 0.1985964515284369 -0.9274325289350882 -0.3169043289596718 -0.17518913745880127 -0.2805603122164227 0.2560166390724624 -0.9250629123076246 8.932550430297852
0.9398955405774727 0.2731135896101099 -0.2049520431048709 17.235374450683594 0.20311650928213398 -0.9296616962403399 -0.3073643020921178 -0.1595526933670044 -0.2744814319031821 0.24726119330338586 -0.9292587615011032 8.963371276855469
0.9419285549714054 0.2718937920292917 -0.19708973384073644 17.202913284301758 0.2072310845896076 -0.9324501924330069 -0.29595931512872387 -0.17996013164520264 -0.2642458607231057 0.2379294107242328 -0.9346463077566423 8.962764739990234
0.942961085798194 0.27417389109801477 -0.18882020048306597 17.214157104492188 0.21459809648575334 -0.9342401313123259 -0.284856163756763 -0.1517423391342163 -0.2545035317141642 0.22808782187066107 -0.9397892837542443 9.005352020263672
0.9442431808386194 0.2764152203895954 -0.17888387679368475 17.21290397644043 0.22252610711258208 -0.9362048758504287 -0.2720341193438858 -0.14817702770233154 -0.24266632871720464 0.2170600294177979 -0.9455146728295964 9.001337051391602
0.9451856299423924 0.2796633444595247 -0.16856019315400814 17.248188018798828 0.2309949691061869 -0.9375204672670943 -0.2601858906684241 -0.14142179489135742 -0.23079308741388907 0.20698740836341387 -0.9507316990512953 9.039291381835938
0.9474199615332674 0.28191447561146593 -0.1513923542620783 17.20973777770996 0.24051981875338227 -0.9394307042063629 -0.24417241609399146 -0.14877355098724365 -0.21105836461780564 0.1949209594554914 -0.9578414202203872 9.03117561340332
0.9484381184725339 0.2865724679041185 -0.13543026274663744 17.24358367919922 0.25154363040091565 -0.9404882281761182 -0.22849003187638986 -0.1362828016281128 -0.1928495201783189 0.18264203596513337 -0.9640803645264764 9.048709869384766
0.9493270830364406 0.29220091932230874 -0.11574416685397318 17.24742317199707 0.2639954544818697 -0.94120096658614 -0.2108249048623679 -0.1275475025177002 -0.17054175273648922 0.16958585803218687 -0.970647282656812 9.051111221313477
0.9503931260115358 0.29720269500782814 -0.09177943184671111 17.237110137939453 0.27612830666599697 -0.9419644064916478 -0.19093510719772613 -0.13579392433166504 -0.14319938647840064 0.156120514292395 -0.9773025737862803 9.054771423339844
0.9501199689818519 0.3046910287740258 -0.06659896040142319 17.232574462890625 0.2900794114738668 -0.9417517909319747 -0.17016903159915236 -0.12602591514587402 -0.11456866753567341 0.14236200778664226 -0.9831617766970276 9.05455493927002
0.94879995036213 0.31323983487425905 -0.040736470646913756 17.2587833404541 0.3041917115207831 -0.9408225596321431 -0.1493998458141087 -0.11058545112609863 -0.08512377361746022 0.12935886956513537 -0.9879373593654377 9.074352264404297
0.9471922882294816 0.3204745892369776 -0.011081821690928088 17.24022102355957 0.3166011256925514 -0.940111593005132 -0.12630882751242095 -0.1252732276916504 -0.05089691865730457 0.11613023013300092 -0.9919290666778791 9.077795028686523
0.9437556698809509 0.3301391419413722 0.018258765724229666 17.24306297302246 0.33021503885258113 -0.9382831233168633 -0.10287277878205027 -0.11165094375610352 -0.016830439184589582 0.1031160872849954 -0.994526927166825 9.086692810058594
0.9394398931176554 0.33914783531471593 0.04930956317420403 17.228055953979492 0.34214067875911025 -0.9364275561498213 -0.07773794454144464 -0.11214542388916016 0.019810178124988722 0.08990093372493835 -0.9957536738360752 9.090970039367676
0.9340099798754027 0.34819323992968854 0.0799176148318797 17.2362060546875 0.35284796401841956 -0.9341276139761852 -0.0538879865574467 -0.11373066902160645 0.055889818224846705 0.07853068492268375 -0.995343789725122 9.089378356933594
0.9270671586184996 0.35772529127459485 0.11215658426293178 17.210262298583984 0.3628720707677453 -0.9313957756229886 -0.028736203792087408 -0.11071300506591797 0.0941825019191478 0.06733888278073978 -0.9932749524668846 9.076241493225098
0.9192360782541908 0.3668296256147234 0.14297222879712504 17.223190307617188 0.3714663916042628 -0.928425469574065 -0.006234368828192692 -0.12080240249633789 0.13045210747383143 0.05884023468290513 -0.9897070649632127 9.107887268066406
0.9100417777983401 0.37670506834563 0.17296604910892474 17.227436065673828 0.3794414923906829 -0.9250355706708855 0.01825778863720054 -0.10376644134521484 0.16687754946057928 0.04901514537674624 -0.9847585485842347 9.119853973388672
0.899780462739973 0.3862954150323779 0.202906311376466 17.224050521850586 0.38625431882836686 -0.9214602348654388 0.041456443988423575 -0.0933985710144043 0.20298453157291277 0.04107174073123583 -0.9783201889235609 9.136273384094238
0.8901519351175852 0.3926715622793938 0.2311678536983001 17.224811553955078 0.3897139621638722 -0.9189583545115559 0.0603205633921756 -0.10806751251220703 0.23611980031533678 0.0363948739587548 -0.9710421479259136 9.127494812011719
0.8795854072989956 0.39981828258096747 0.2578271750236308 17.24309730529785 0.39342067250015605 -0.9160164524206552 0.07832006986847502 -0.10665035247802734 0.2674877300292206 0.03254535003166385 -0.9630114820058645 9.143476486206055
0.8683042468781724 0.4067630242563899 0.2838865564818553 17.238460540771484 0.3960842726952113 -0.913093454086786 0.09683797306515682 -0.09387922286987305 0.2986050632136627 0.028358176980513926 -0.9539553606021124 9.158710479736328
0.8576136485413092 0.4123677211842122 0.3073299405541271 17.250102996826172 0.39737227655077273 -0.9106693056872891 0.11303401925034245 -0.08220529556274414 0.3264875245158989 0.025184880471632358 -0.9448659260080817 9.184953689575195
0.847655458411589 0.415091826316498 0.3304224561834034 17.246917724609375 0.3965856537748713 -0.9094356707118378 0.12508629044330644 -0.0838780403137207 0.35242026480467437 0.025010728940667706 -0.9355075736694276 9.193554878234863
0.8392247871026097 0.41622448712595944 0.3499413279812936 17.261123657226562 0.3953956061082305 -0.9088629101701504 0.13277998790235643 -0.08893871307373047 0.373314976103135 0.026933006400640495 -0.927313615657259 9.211570739746094
0.830791220385814 0.41610741910750143 0.3696492444108928 17.231319427490234 0.3925305622854925 -0.9088829214436015 0.14089568048729967 -0.08702325820922852 0.39459562314055757 0.028043731417881787 -0.9184268306873863 9.213679313659668
0.8254941985485849 0.4131644021964754 0.38451853651060647 17.255680084228516 0.3892155711906395 -0.9100875216446147 0.1423093183509323 -0.09001731872558594 0.40874266636280304 0.03218508512326616 -0.9120819880856295 9.22938346862793
0.8212895301569906 0.4082921005613327 0.3984734222927854 17.24524688720703 0.3846009299463553 -0.91211249287865 0.1418905388639202 -0.09122753143310547 0.42138537271588883 0.03672003477544079 -0.9061379622922671 9.233156204223633
0.8186390069717162 0.4028345298093047 0.4093342373387287 17.249372482299805 0.3804886863905852 -0.9143045286442586 0.13883655292957678 -0.07499933242797852 0.43018430444767414 0.04209002843806006 -0.9017593324789903 9.251371383666992
0.8179446626018805 0.3950568791051581 0.4182063978381828 17.253341674804688 0.37537258296994713 -0.9173663421770437 0.13241759020304394 -0.06528282165527344 0.4359609533840916 0.04867295462989314 -0.8986484243640724 9.261824607849121
0.8191124679130873 0.3842419130882508 0.4259259526438995 17.25770378112793 0.3692686567929902 -0.9214020078120527 0.12107435364361599 -0.07253646850585938 0.43897086921529654 0.0581075918120833 -0.8966203676886714 9.28159236907959
0.822010353223486 0.37213145040351037 0.43106514915263006 17.26944923400879 0.3629333800860879 -0.9256500982151697 0.10701054758075801 -0.0749506950378418 0.4388374879299701 0.0684841536037801 -0.8959528893264909 9.290223121643066
0.8246183696716137 0.36020704795826225 0.43618279081289396 17.25505256652832 0.3566497798310125 -0.9295589471291633 0.09338682111846563 -0.06898736953735352 0.4390962069371825 0.0785560081299714 -0.8949991478432052 9.303089141845703
0.828989794253581 0.34697807603821623 0.4386138800496665 17.264787673950195 0.35003789276660885 -0.9335697620225468 0.07694785938983227 -0.06724023818969727 0.4361758758240962 0.08974248818694087 -0.8953752795130651 9.315253257751465
0.833519450978478 0.3338218545684518 0.44023663438316396 17.254627227783203 0.34327835687652464 -0.9372660561402364 0.06076437860688062 -0.06319236755371094 0.4329033316350078 0.10047541699244837 -0.8958233062605057 9.329127311706543
0.8388680285284218 0.31948795219214116 0.44071292143175383 17.2559871673584 0.3362968463354166 -0.9408227731026029 0.041915877139595235 -0.06850719451904297 0.42802437063523885 0.11304847639663526 -0.8966689356316004 9.332500457763672
0.8441046630737712 0.3062966841015278 0.4400791509325612 17.272216796875 0.33063717331564163 -0.943490038442472 0.022485706163355337 -0.060205936431884766 0.42209759226860977 0.12652623707449479 -0.8976774108402257 9.364117622375488
0.8488099584768701 0.2930222443287735 0.4400677433293912 17.264385223388672 0.3246154593669967 -0.9458389583439973 0.003669934426636684 -0.05517768859863281 0.4173085883736975 0.1397377157651816 -0.8979570774053075 9.378555297851562
0.8537366063291568 0.28028756955127526 0.43883104421703534 17.26470184326172 0.318984466301982 -0.9476362943374655 -0.015308948768500849 -0.0561060905456543 0.4115613165393637 0.15305009640439932 -0.8984391747463988 9.390295028686523
0.8573378138303362 0.2706884556414675 0.4378351664257415 17.27407455444336 0.3154584206282438 -0.9484212841003159 -0.03135367155919273 -0.032656192779541016 0.4067651138327296 0.16499947832628137 -0.8985083829996809 9.425490379333496
0.8616232722466368 0.25921446492211403 0.4363636074401025 17.293367385864258 0.3111823395291971 -0.948996290185399 -0.0507108743711374 -0.036568641662597656 0.4009624524667281 0.1794823177627588 -0.898340252533735 9.443772315979004
0.8642305281497302 0.24905731134595827 0.43712246553930484 17.27395248413086 0.3076762453407175 -0.9490906502395637 -0.06754454590032145 -0.047998905181884766 0.39804638205500237 0.19286625752827902 -0.8968621323480874 9.445186614990234
0.8654007720159328 0.2416103415321378 0.43898285462982606 17.256004333496094 0.3058592644111583 -0.948637971511397 -0.08084620820178914 -0.04797673225402832 0.3969025247691081 0.2042313439985782 -0.89485079424474 9.459571838378906
0.8659807410018803 0.23686425487030638 0.44042329749749715 17.26755714416504 0.3065178096934702 -0.9472884389218512 -0.09322792406634195 -0.03400897979736328 0.39512553518413857 0.2157311712519463 -0.8929366568775814 9.485231399536133
0.8654167155012499 0.23288601195867004 0.44364176309835257 17.284128189086914 0.3081921805324583 -0.9455288587765217 -0.10484634986215148 -0.03278040885925293 0.39505884168016947 0.22746270607454366 -0.8900501272150735 9.511104583740234
0.862423608803359 0.23142733594266726 0.4501854141984958 17.265060424804688 0.3114318742351629 -0.9437067338437286 -0.11147999017032759 -0.035805463790893555 0.39904348972131476 0.23634506272922748 -0.8859488160354148 9.530431747436523
0.8579060914859195 0.2335609140542088 0.4576531848654788 17.269908905029297 0.3184791939092912 -0.9406894015550645 -0.11693781616253662 -0.02766132354736328 0.40319739736045135 0.24607468221687823 -0.8814074594270355 9.549766540527344
0.8516271967309839 0.23844253665675408 0.466772186940073 17.290178298950195 0.3272289718283069 -0.9375350904348643 -0.11810653749678637 -0.01643657684326172 0.40945368209886096 0.25332412225444134 -0.8764556870142961 9.57941722869873
0.8431650501012746 0.24520176191768012 0.4784859394383293 17.28658676147461 0.33755680801203997 -0.9341132791301816 -0.11613691539464359 -0.013081550598144531 0.418483093627972 0.2594387744827768 -0.8703811938699257 9.592881202697754
0.8322015970847206 0.25402162959540525 0.49286257060902355 17.280437469482422 0.34961319364503424 -0.9303145834929422 -0.1108394810961918 -0.010313987731933594 0.43036161148383084 0.26455205052701447 -0.8630185953517989 9.619478225708008
0.8195468923566518 0.26471742805813364 0.5082003291132755 17.291141510009766 0.3634543447348671 -0.9258022862720017 -0.10388005596303385 -0.0057125091552734375 0.4429941653361849 0.2698421946542488 -0.8549510860056706 9.649126052856445
0.8050629713707048 0.2781143589391541 0.5239523026761455 17.301513671875 0.3789013128094559 -0.9207038048905872 -0.09347886826051287 0.0060977935791015625 0.4564070631344816 0.27378259077570805 -0.8466024366307355 9.6749906539917
0.7886242941082358 0.292152271474969 0.541034909238122 17.298641204833984 0.3943869414214075 -0.9154066067549234 -0.08055857959090827 0.01246023178100586 0.47173155838734615 0.2769075560208739 -0.8371329298504464 9.707956314086914
0.7706782480492402 0.3071868308386878 0.5582931926354082 17.294864654541016 0.41026307033425835 -0.9095861526753921 -0.06585775566389745 0.018114566802978516 0.4875851219055612 0.2798022191128255 -0.8270256749798506 9.735830307006836
0.751018842569274 0.32317834326653344 0.5757833416741117 17.281314849853516 0.42595648125447433 -0.9034425019175804 -0.04850486373766531 0.02195119857788086 0.5045114212614169 0.2816867128076891 -0.8161622520334936 9.765180587768555
0.7293992925123075 0.34070591929337696 0.5932083517963993 17.278095245361328 0.4421203687795126 -0.8964955969288634 -0.028726715743868342 0.0405426025390625 0.5220213133511058 0.28322274139909054 -0.8045362808236624 9.819740295410156
0.7083317353995738 0.3584624613503298 0.6080878361129185 17.29932403564453 0.4582508382883471 -0.8887680766760183 -0.00987294736330735 0.06221818923950195 0.536909975539527 0.28565008259105207 -0.7938083575283582 9.857466697692871
0.6863847690680152 0.3747464971216931 0.6232503603580735 17.286073684692383 0.4718941202861145 -0.8815940456893836 0.010386425969461793 0.06349802017211914 0.5533460834151098 0.28697909592868587 -0.7819533940517889 9.897924423217773
0.6635361925917821 0.3915100560288838 0.6375261540902158 17.285442352294922 0.485341453812137 -0.8737592297034101 0.031440129128623096 0.07510137557983398 0.5693534880303471 0.2885562068928053 -0.7697869322944587 9.947832107543945
0.6409102704392537 0.40940069706190624 0.6493266469895626 17.300846099853516 0.49865498516029966 -0.8651607388709124 0.05329260446927542 0.10368680953979492 0.5835899510960277 0.28963419197595197 -0.7586401016412021 10.005722045898438
0.6182836524677221 0.4261712588584479 0.6603812408103209 17.292098999023438 0.5103479239160111 -0.8566876876403188 0.07504133794183711 0.1248784065246582 0.5977209396079333 0.29062736273188294 -0.7471716097294651 10.054506301879883
0.596153611833766 0.4420077824811277 0.6702462169409623 17.294055938720703 0.5210668856632987 -0.8481175345063279 0.09584335307186681 0.14764165878295898 0.6108110769810139 0.29210574778498266 -0.7359239501118782 10.121272087097168
0.5760487531859787 0.4569090175699781 0.6777919914074794 17.280153274536133 0.5300448258023465 -0.840026384570696 0.11579359164152885 0.17041540145874023 0.6222702922308273 0.29255738392377384 -0.7260784121006753 10.173482894897461
0.5584504058680166 0.4699611767791762 0.6835712373309598 17.273012161254883 0.5374676441601967 -0.83266969691566 0.13337806161161253 0.19296741485595703 0.6318715658001518 0.2929123899030473 -0.7175936567268062 10.221044540405273
0.5421135346713106 0.48188516983226254 0.6884036596517404 17.297199249267578 0.5436187334294543 -0.8258230925599814 0.14998297389778759 0.21807384490966797 0.6407742099918923 0.2929213254278357 -0.7096516814035363 10.300314903259277
0.5271053639371945 0.4922435148687282 0.6927165779583436 17.250106811523438 0.5474629191585941 -0.8201550453636581 0.16622290368925294 0.24167251586914062 0.6499571427832672 0.29161965577480575 -0.7017931952582579 10.370121955871582
0.5161882629846005 0.502633961005277 0.6934758672088649 17.25987434387207 0.5521701642274868 -0.8142528018413976 0.17916608058007152 0.2822608947753906 0.6547196246439629 0.2904332555641315 -0.6978472162074508 10.444217681884766
0.5111011300675485 0.501537619138717 0.6980226725775758 17.247196197509766 0.5502585507438081 -0.8147982388180786 0.1825359070218263 0.3079233169555664 0.6602962684863503 0.2907986358420962 -0.6924196640877389 10.510306358337402
0.5109273326011621 0.5010864085495839 0.6984738162364724 17.292367935180664 0.5494491103953789 -0.8152522855755064 0.18294640184939448 0.3376340866088867 0.6611043305612122 0.2903034998597036 -0.6918561570748785 10.573678016662598
0.5105796573696691 0.5008596130875055 0.698890593339262 17.28070831298828 0.5476597899268815 -0.8160541330388197 0.18472792546744113 0.3696613311767578 0.6628553145125378 0.28843595463827787 -0.6909613101284254 10.649954795837402
0.5130868192725219 0.5002829514259736 0.6974660453393584 17.285133361816406 0.5460588258311737 -0.8171883460291002 0.18445315352713293 0.4022836685180664 0.6622398920487098 0.28621700792709937 -0.692472490249665 10.726289749145508
0.5166332835139833 0.5007368862078145 0.6945161057574278 17.289569854736328 0.5428166467042812 -0.8188595110654557 0.1865990064238351 0.449066162109375 0.6621481242337548 0.28059164622017 -0.6948583953908705 10.815143585205078
0.5217966055345067 0.5000752122995358 0.691124507231686 17.28680419921875 0.5409844825076475 -0.820395002833916 0.18516973027758007 0.478729248046875 0.6595938842489365 0.27726669718650504 -0.6986122576169758 10.88902759552002
0.5270398996246975 0.500665286588646 0.6867046053498532 17.292667388916016 0.5389109462735037 -0.8216904612903436 0.1854717709277056 0.5245561599731445 0.6571179012857477 0.2723216051465094 -0.7028776616028162 10.983515739440918
0.5328219093241765 0.5016607870646106 0.6814963445726284 17.29930877685547 0.5375695882357037 -0.8226187655626317 0.18524930323299013 0.5743484497070312 0.6535439929708139 0.2676468218864698 -0.7079868840493001 11.073540687561035
0.5394154696829939 0.5006135538310839 0.677065004846128 17.291221618652344 0.5346179825271935 -0.8248325353090936 0.18394265805985816 0.6115531921386719 0.650549432268777 0.26274961163850474 -0.7125644376185122 11.177947998046875
0.5439425548547318 0.5010808610164602 0.6730857803735791 17.275989532470703 0.531749985115812 -0.8263470416452697 0.1854522043369793 0.6474113464355469 0.6491289936117789 0.25703800786481706 -0.7159350614164984 11.291951179504395
0.5498698119943228 0.5016279031009641 0.667841775189197 17.2872314453125 0.530098066119173 -0.8274900384929347 0.1850845117552367 0.6856021881103516 0.6454759717867435 0.2522492478194758 -0.7209237732385219 11.39615249633789
0.5532260721567812 0.50253061931553 0.6643823370141099 17.270732879638672 0.5275567014864181 -0.8285836691836359 0.18743806944949457 0.7225399017333984 0.6446897236677119 0.2468037273068077 -0.7235074846777445 11.512466430664062
0.5584986643776066 0.5004166487623195 0.6615605939971929 17.251924514770508 0.5235311792265672 -0.8312726723941974 0.18681768788915348 0.7185087203979492 0.6434239242257545 0.242010168736974 -0.726248395496907 11.597661972045898
0.5588051076435469 0.5004008901464686 0.6613136931987013 17.22614288330078 0.5194636837439611 -0.8328191415605771 0.19123221151641123 0.7268667221069336 0.6464474711394871 0.23666691063797934 -0.7253236797916064 11.707839965820312
0.5586902361905426 0.50027517442362 0.6615058350768891 17.200586318969727 0.5164955251508656 -0.833919894601113 0.19444788990266776 0.7220144271850586 0.6489203283027026 0.23302866614192563 -0.7242927918125566 11.793508529663086
0.5570803002204668 0.49899431624406715 0.6638269439111302 17.198598861694336 0.5126229834964342 -0.8355066789194668 0.1978541540432697 0.7204446792602539 0.6533599435973172 0.2300722969787524 -0.7212402666694585 11.894630432128906
0.5520851129044546 0.4983270181032509 0.6684850119019856 17.176713943481445 0.5083290889481415 -0.8366778824368477 0.20389129056961958 0.7146453857421875 0.6609111630457063 0.22724503090126047 -0.7152315223004766 11.98169231414795
0.5445405093099679 0.49837883398712907 0.6746066791502071 17.16143798828125 0.5034502188575309 -0.8375226678087252 0.21235267372665678 0.7046604156494141 0.6708304635694066 0.2239962471564768 -0.7069739531319875 12.0554780960083
0.5341041750312422 0.49897037398678085 0.6824670659436164 17.145427703857422 0.49946399000362945 -0.8375481017347713 0.22146986244212907 0.6866731643676758 0.682105895667125 0.22257974562833271 -0.6965556718110736 12.112626075744629
0.5171840508401966 0.501269588114272 0.6937214553322342 17.107036590576172 0.4938145606595683 -0.8367889798526906 0.23649816675334026 0.6728057861328125 0.6990478075476114 0.22025667578723065 -0.6803081357253022 12.188716888427734
0.49965410118173875 0.5017362143643139 0.7061207760487125 17.134597778320312 0.4882062907979608 -0.8364806878292897 0.24890696357059855 0.6605548858642578 0.7155420300706072 0.22036521976937629 -0.6629017824070386 12.249309539794922
0.47513462256331246 0.5026761012089169 0.722193760506847 17.114063262939453 0.48113353562837813 -0.835609942964588 0.2650783735283849 0.6502265930175781 0.7367208503465573 0.22152372444530752 -0.6388815447111653 12.307211875915527
0.44879057742115075 0.5017750157895213 0.7394652467475508 17.075355529785156 0.4718773791052306 -0.8357737245181563 0.2807383488122484 0.6287975311279297 0.7588931128339279 0.2229441969069274 -0.6118636517711741 12.343414306640625
0.4176596461002313 0.5025740343070586 0.7569542655007353 17.06911849975586 0.46321604209085065 -0.8344776059210202 0.2984594169497931 0.6171417236328125 0.7816593365201476 0.22597890445050545 -0.5813279765968884 12.391191482543945
0.38557469257686316 0.5014369269346146 0.7745277043144598 17.046092987060547 0.45370130236407014 -0.8339776812250811 0.3140642536991174 0.5923299789428711 0.8034222331236571 0.2303090000951048 -0.5490632748579977 12.413505554199219
0.34870035269011346 0.5012194407045567 0.7919514734461968 17.03183364868164 0.4431617170117854 -0.8327347409901523 0.3319044195596534 0.5773677825927734 0.8258424526560479 0.23522738660257142 -0.5124961658228945 12.451903343200684
0.3097050044626119 0.5030191655443278 0.806879501106517 17.05014419555664 0.43435717523203665 -0.8297301135974332 0.35054497987282085 0.5790634155273438 0.84582306337393 0.24190836629740353 -0.4754615523678671 12.48086166381836
0.270899097361264 0.5019949332301464 0.8213493568878674 17.028223037719727 0.4229145087755948 -0.8285622332108917 0.3669168079601662 0.5619907379150391 0.864729435902323 0.24796312771829782 -0.4367577016793284 12.486059188842773
0.22885611150440605 0.5025441641863998 0.833711126991403 17.021949768066406 0.41088284826153204 -0.8262794410581631 0.385275966404732 0.5587234497070312 0.8824965525324013 0.25438484295807046 -0.39558587745472434 12.527649879455566
0.187656972413111 0.5027540513267845 0.8438146861599709 17.03290557861328 0.39949083613068503 -0.8238790063821763 0.40203290249720164 0.5454273223876953 0.8973248757012988 0.26165195722031803 -0.35545227630502774 12.552091598510742
0.14722349590114628 0.5037576884501924 0.8512070450730328 17.009580612182617 0.38593145265907136 -0.8216290428811825 0.41950283639399966 0.5345544815063477 0.910704208897216 0.2667468973042999 -0.31537903651863913 12.58798599243164
0.10900152061589033 0.5038732086004122 0.8568724865218565 16.987855911254883 0.37594136784797916 -0.8188799680220843 0.4337092181551375 0.5139255523681641 0.920210169713427 0.2748588503702869 -0.2786859449794879 12.614585876464844
0.07204356992896947 0.5033346878685064 0.8610829902048948 16.993751525878906 0.3650217298168827 -0.8167390787491398 0.44687404713800194 0.48694372177124023 0.9282073371792426 0.28211960093605626 -0.24256889737618867 12.672101020812988
0.039256716764869276 0.5029649474795057 0.8634148318136429 16.946748733520508 0.35526082869618986 -0.8146498201840509 0.4584052945464202 0.45702648162841797 0.9339425323770941 0.2887419818471708 -0.21066422130022175 12.705626487731934
0.009491902742924226 0.5036774835570262 0.8638396242011479 16.921005249023438 0.3453177516837967 -0.8123838870994952 0.4698809108201381 0.4328007698059082 0.9384378264724662 0.2938390929382549 -0.18163984504193198 12.759209632873535
-0.015302827557260028 0.5024062025078616 0.8644962875283978 16.89571189880371 0.3305942864493937 -0.8134297678207609 0.4785806416792044 0.38000965118408203 0.9436488972259592 0.2931211703454603 -0.15364484455893296 12.825760841369629
-0.03432086122538712 0.503489628817416 0.863319333826162 16.87842559814453 0.32119267832975273 -0.8124450174559468 0.4865884883537279 0.355255126953125 0.9463917486284987 0.29399198506814217 -0.1338333696937562 12.877684593200684
-0.04596898126378475 0.5043862532532084 0.8622536519439974 16.881826400756836 0.31376267186910667 -0.8121923770437124 0.4918297758509987 0.32192182540893555 0.9483880210668676 0.29315192341390933 -0.12092192231186334 12.925580024719238
-0.05117568665591668 0.5049032520629751 0.8616575625801282 16.86703109741211 0.3105962730094286 -0.8119547949930569 0.4942260273199254 0.27180051803588867 0.9491633180269601 0.29291998385909934 -0.11526872415376635 12.977725982666016
-0.049576432890700114 0.5040166318922003 0.8622699183422072 16.816551208496094 0.31134993113701426 -0.8125124446303602 0.4928333873651141 0.20326995849609375 0.9490012632672366 0.2929006010523681 -0.11664407494747063 13.028181076049805
-0.043396165749542845 0.4894009605377165 0.8709784570372556 16.792837142944336 0.3094742066740965 -0.8223333146152344 0.4774867904742082 0.15265464782714844 0.9499170954360578 0.2902664629244693 -0.11577086118553691 13.127165794372559
-0.028199930365345925 0.4669920954147222 0.8838117145340156 16.71660041809082 0.3113213416729348 -0.8360855975389611 0.45170775486688497 0.023450374603271484 0.9498861964184726 0.2878875759877195 -0.12180705006509913 13.189801216125488
-0.004717073637805614 0.44583914357536764 0.8951006687922193 16.687280654907227 0.31439883623830506 -0.8490581978720901 0.4245627732128643 -0.05632352828979492 0.9492792639620308 0.28342130244951835 -0.13616623784743304 13.233976364135742
0.021671562874333916 0.42111538664330944 0.9067481317845875 16.6314697265625 0.31888233109677316 -0.8625013067660872 0.39294472224611954 -0.14515018463134766 0.9475465172100374 0.2806302317268189 -0.15297800745231394 13.30152416229248
0.0539496992520287 0.3952660033300482 0.9169810339162453 16.601886749267578 0.3231965299759955 -0.8757981480711191 0.35849910299284415 -0.24363470077514648 0.9447927989575763 0.2770241694269451 -0.17499764738767237 13.37182331085205
0.09164133650430162 0.3669803562766565 0.9257036694054765 16.526350021362305 0.32507913586334625 -0.8897102267431678 0.32052966766738045 -0.3435983657836914 0.9412361132415423 0.27155318178154264 -0.2008318913775275 13.41462230682373
0.13272733157804611 0.33726855439182213 0.9320050309255964 16.467226028442383 0.32613461554263323 -0.9028226568101676 0.2802632028916551 -0.4454813003540039 0.9359592234691799 0.2667605153853934 -0.22982419244781233 13.470894813537598
0.17687681896394553 0.307101536324837 0.9350953092065648 16.428632736206055 0.32835876144412973 -0.9140556594025115 0.2380814467721443 -0.5406866073608398 0.9278443375351673 0.2649356486038923 -0.26251473749632065 13.52392864227295
0.2227465978912012 0.27387182653714304 0.9356164683015711 16.349349975585938 0.3256099045626979 -0.9255141689745169 0.1933952250653576 -0.6719412803649902 0.9188918016712122 0.26156786051925146 -0.2953305117403468 13.577277183532715
0.26778236193541993 0.24240948594008868 0.9324860576772984 16.277687072753906 0.32293012830893886 -0.9344315480725964 0.15017927352675395 -0.7769558429718018 0.9077492709259867 0.26091248167328684 -0.3285056134077875 13.654898643493652
0.31670678921678364 0.20921900795309015 0.9251617244434189 16.211257934570312 0.3191715030203225 -0.9419990293906921 0.10376598810179627 -0.893660306930542 0.8932112635450495 0.26242186520585253 -0.3651142332724613 13.692330360412598
0.3618222490242961 0.17574150451346734 0.9155324045069858 16.122095108032227 0.3115859090119615 -0.9483902089436091 0.05890868259507072 -1.020873785018921 0.8786346689131893 0.26395252446460915 -0.39790725478755734 13.756351470947266
0.4092250700726534 0.14533570569360996 0.9007843108505901 16.04791259765625 0.3026670941569566 -0.9529577601019308 0.016252309869523626 -1.1235501766204834 0.8607714401271781 0.26598691718212647 -0.4339625418735269 13.786822319030762
0.4499759895791713 0.1146693418771264 0.8856480965009252 15.959953308105469 0.29320627480067485 -0.9557162520219218 -0.025229467665439848 -1.252198338508606 0.8435352329451073 0.2710302338386569 -0.4636711368260982 13.868583679199219
0.4944900998837948 0.08864211378776947 0.8646514423628466 15.886533737182617 0.28470763480910727 -0.9564235863403335 -0.06477257269322347 -1.3672882318496704 0.8212314556800167 0.2782022630302116 -0.4981790813016441 13.90352725982666
0.5324232826788515 0.06490806508787604 0.8439860135973959 15.807769775390625 0.2745695218181557 -0.9563889829926253 -0.09965786922707799 -1.468045949935913 0.8007103257421032 0.28479300605330904 -0.5270255382361417 13.97208023071289
0.5665449843543172 0.0432093784721133 0.8228971565846006 15.715983390808105 0.2622329075289357 -0.9561626059059799 -0.13033408332438207 -1.571338415145874 0.7811918348983735 0.28963083516631993 -0.5530400495524469 14.05627155303955
0.598044463630028 0.02448260390018929 0.801088897456293 15.656275749206543 0.25118446075793965 -0.954901124437882 -0.15833574839881265 -1.6622951030731201 0.7610842175444289 0.29591290045135826 -0.5772229804427829 14.145146369934082
0.6224408088117868 0.007164711644303448 0.7826340820797308 15.575303077697754 0.24137003670042584 -0.9529759647048783 -0.1832411418815152 -1.7624070644378662 0.7445185994378944 0.30296118167491437 -0.5949004769616306 14.26722240447998
0.6435313723916964 -0.003052244447372912 0.7654136506174251 15.492684364318848 0.23231335277758186 -0.9520414727768756 -0.19911690092525236 -1.8377978801727295 0.7293132926725653 0.3059537839554717 -0.6119594784088487 14.384610176086426
0.6602305670220799 -0.012611481010272846 0.7509570885985629 15.417105674743652 0.22656948304906607 -0.9499351969694086 -0.21514969418888197 -1.933279037475586 0.7160739261560788 0.3121923639447608 -0.6243188769963633 14.514432907104492
0.6741106483639443 -0.014796694917872999 0.7384821538682232 15.38577938079834 0.22338279052044865 -0.9488967829431658 -0.22292380810359316 -1.9654089212417603 0.7040418756449364 0.31523951709710774 -0.6363560985790444 14.642959594726562
0.6793264521668657 -0.019047706978066736 0.7335889559182696 15.268706321716309 0.21866277879241053 -0.9489988402084585 -0.22712945747696844 -2.0767645835876465 0.7005013637082804 0.31470364812292595 -0.6405149906918347 14.824647903442383
0.6858685677037605 -0.01651008574591152 0.7275381260832 15.218620300292969 0.21972235922963784 -0.9483864490657629 -0.2286596336981997 -2.129279136657715 0.6937624901149914 0.31668684894876126 -0.646840820459215 14.970868110656738
0.6883581069850833 -0.010471569747088114 0.7252954313760324 15.172614097595215 0.22162150425312022 -0.9490476032647135 -0.22403695139437943 -2.161701202392578 0.6906859093687211 0.31495871628601607 -0.6509638865827871 15.136640548706055
0.6873430421388361 -0.002094547191607593 0.7263299217954555 15.10425090789795 0.2257906386522913 -0.9498343414490785 -0.21641005360423066 -2.2040657997131348 0.6903463840133595 0.3127464415082251 -0.652389096631467 15.309514999389648
0.6834552151627605 0.008740929753822374 0.7299401105665203 15.06325912475586 0.2314288634236208 -0.9509422795514689 -0.2053033417553342 -2.2192299365997314 0.6923363705896696 0.3092448497687475 -0.6519493637164079 15.492789268493652
0.6766749769973976 0.022372888400974608 0.7359418654827082 15.017047882080078 0.24062552765838274 -0.9513728476958352 -0.19232540161466344 -2.2302825450897217 0.695852233555872 0.3072281864212889 -0.6491536879072546 15.674373626708984
0.66629071918702 0.03492453236391689 0.7448737843181256 14.952980041503906 0.24957836734346078 -0.9517373044478679 -0.178624583628567 -2.268731117248535 0.7026857875888882 0.3049202852574229 -0.642850140825306 15.894542694091797
0.6564569346229926 0.050163108908569815 0.7526937992902631 14.922128677368164 0.2588977228462169 -0.952164889536902 -0.16233912725594762 -2.290360450744629 0.7085451729356622 0.3014393564845279 -0.6380423593083505 16.088537216186523
0.6416873869994008 0.06467431877759798 0.7642346039381722 14.845314025878906 0.26767585880088846 -0.9526675372648347 -0.1441325711175713 -2.333292007446289 0.7187398221756522 0.2970552068764467 -0.628626496487782 16.305862426757812
0.6319608752494384 0.08158335180838397 0.7706942382434642 14.821149826049805 0.2774567153605174 -0.9523471843216432 -0.1266989014000955 -2.3524727821350098 0.723631966717417 0.29390304051225424 -0.6244820089660995 16.472026824951172
0.6190924754574894 0.10136417276622221 0.7787488756404966 14.783313751220703 0.2880396358550464 -0.9518343190349536 -0.1050932789656795 -2.351806163787842 0.7305872124588619 0.28937300079082245 -0.6184703642090739 16.665403366088867
0.6010042880008066 0.12157557094493981 0.7899450780617953 14.71844482421875 0.2987138794776488 -0.950905973541526 -0.08091877217590285 -2.350680351257324 0.7413257475712393 0.2846000878995909 -0.6078148780307118 16.892107009887695
0.5887705077558949 0.13976672390145262 0.7961247088784025 14.706521034240723 0.3079706323471931 -0.9494333578094725 -0.061076907995581506 -2.357703685760498 0.7473308362489373 0.28114331215322513 -0.6020424064988932 17.073326110839844
0.5696660756337856 0.15995309275712094 0.8061610077332159 14.651471138000488 0.31750502219028626 -0.9475594885655237 -0.036353493826441236 -2.355142593383789 0.7580706584190869 0.27666952081296403 -0.5905784055459334 17.2901611328125
0.5508201424894407 0.18336083174522533 0.8142333670451067 14.623748779296875 0.32997467256000157 -0.9439296329559447 -0.010656617501599713 -2.3194048404693604 0.7666249970466865 0.27454626824882333 -0.5804398853402591 17.51711082458496
0.5364506792002387 0.19963847604867924 0.819978748301786 14.601512908935547 0.3373500716205855 -0.9413410438955484 0.008483410589206819 -2.3305504322052 0.7735732660602928 0.27206895809445103 -0.5723310965500751 17.69565200805664
0.5188139160422561 0.21802010550760909 0.8266192316389389 14.55140209197998 0.34443500763083645 -0.9382884537368322 0.03129381891828023 -2.320185661315918 0.7824299623859279 0.2684809326164439 -0.5618908637646284 17.902538299560547
0.507521492962656 0.23312326499153796 0.8295031509889771 14.524581909179688 0.3511798229247825 -0.9350804730698475 0.04792954051509839 -2.3275058269500732 0.7868256898141258 0.2669794977206213 -0.5564416246520111 18.059162139892578
0.4941391013652111 0.24597955929210363 0.8338588639047044 14.477606773376465 0.3563200887621298 -0.9321811162659793 0.0638307200465504 -2.338230609893799 0.7930085389493167 0.26557940975831623 -0.5482745975019222 18.235107421875
0.4837609835230318 0.25956438026820694 0.835823930811275 14.454516410827637 0.3626789545080654 -0.9286049932115393 0.0784649127924974 -2.3197619915008545 0.7965169720588295 0.26517748599490726 -0.5433614028836197 18.424842834472656
0.47458334148578785 0.27564445519811215 0.8359370707790869 14.45335578918457 0.36920385627571234 -0.9244568232104504 0.09522654320505991 -2.2651820182800293 0.7990363974784424 0.2634382590630639 -0.5405008040387127 18.606185913085938
0.4678056160772346 0.2846262758867577 0.8367471473757376 14.415444374084473 0.37231432513144624 -0.9220904937580519 0.10550433461686833 -2.276975154876709 0.8015858961262449 0.26217742922659776 -0.537329551332902 18.748767852783203
0.4653600063590971 0.29411414219244425 0.8348274886728777 14.435098648071289 0.3776268175263392 -0.919003938601174 0.11326847540449383 -2.26101016998291 0.8005236106239404 0.2625426292965243 -0.5387330662170996 18.896087646484375
0.46150988250268243 0.3014575663225967 0.8343452307403796 14.413262367248535 0.3802718103462944 -0.9169316529191647 0.12095327251000798 -2.2533888816833496 0.8014998306976191 0.26145684076303216 -0.5378088338897962 19.04886245727539
0.45828663578432693 0.3090904613934293 0.833328534335097 14.392577171325684 0.3836684257929285 -0.9145275069233814 0.12821067868972993 -2.234689235687256 0.8017305647853649 0.2609646063283334 -0.5377039852305712 19.195331573486328
0.4577671632124214 0.3130168761413091 0.8321476188364593 14.370205879211426 0.3850532012965962 -0.913438118915815 0.13177569989486254 -2.2416844367980957 0.8013633735426743 0.2600985162631157 -0.538670126684254 19.320636749267578
0.4563021742868185 0.320071521943762 0.8302665515253074 14.370277404785156 0.3885286479570783 -0.9110896269488702 0.13769960560151714 -2.2152528762817383 0.8005209650332505 0.25974971127370394 -0.5400891334173099 19.49347496032715
0.4577230688450642 0.32154557978300397 0.8289137665457543 14.336286544799805 0.3870625070583777 -0.911392872386197 0.1398057502155086 -2.2262001037597656 0.8004200196626398 0.2568491235835733 -0.541623780716477 19.592077255249023
0.45994152477213296 0.324395408938567 0.8265720854528451 14.318107604980469 0.3877460420513532 -0.9108101830298337 0.14169621506120492 -2.2077226638793945 0.7988158740684839 0.2553280813947829 -0.5447024602362868 19.70099639892578
0.46285296032079043 0.32589550904193393 0.8243538404766365 14.30485725402832 0.38788904923688267 -0.9106663414806612 0.14222833745894417 -2.1997017860412598 0.7970628724287615 0.2539270203828787 -0.5479159111716735 19.807241439819336
0.4653600595796989 0.3272151458827667 0.8224173291297425 14.298849105834961 0.38684370598925877 -0.9109068625330589 0.14352921279891145 -2.1933703422546387 0.7961105212748261 0.2513542044508088 -0.5504807915090463 19.944194793701172
0.4685171937497994 0.3265096023313994 0.820903842570008 14.29369068145752 0.38534095283806086 -0.9116758506485969 0.14268669668197143 -2.1932849884033203 0.7949867855673253 0.24947669816948626 -0.5529533324284996 20.059555053710938
0.4748007912684278 0.32466173008337895 0.818021374800281 14.276771545410156 0.3810582809936638 -0.9136671028836016 0.14144614379487302 -2.191236972808838 0.7933213693686997 0.24455507790179515 -0.5575249041750674 20.126758575439453
0.47913477408791555 0.32219115847484503 0.8164696722232615 14.262535095214844 0.3775638316540293 -0.9153911931703523 0.13965857114007413 -2.1895956993103027 0.7923859042704197 0.24135413994128335 -0.5602434808605571 20.214736938476562
0.4846947084772442 0.3193427889522353 0.8143041340422924 14.221855163574219 0.3711331116194723 -0.9180962144387915 0.13913861610929265 -2.1920042037963867 0.7920424565853826 0.234775476098695 -0.5635150599485549 20.262117385864258
0.4900806034272725 0.31731460313940757 0.8118697215556451 14.210393905639648 0.366601813559789 -0.9200420249637732 0.13829599630948586 -2.1837759017944336 0.7908376018115438 0.22985672697365173 -0.5672228597526071 20.337600708007812
0.49479278911628966 0.3145109873417666 0.8101005707193581 14.201801300048828 0.3613089586011173 -0.9222704277672075 0.1373793816432002 -2.178194522857666 0.7903391248528057 0.22472226615847182 -0.569968394579473 20.4136962890625
0.4983647808852233 0.3121075667109207 0.8088395464954788 14.199047088623047 0.3560571486371679 -0.9243245440086926 0.13728599436028624 -2.163763999938965 0.7904782426339091 0.21957459813218608 -0.5717789291129008 20.5018367767334
0.5027889369733834 0.3085434111446935 0.8074678001607072 14.18275260925293 0.34952118795512543 -0.9269242739302564 0.1365515637746585 -2.159426689147949 0.7905935896702003 0.21357048915536853 -0.573889729943239 20.561798095703125
0.5083401726847543 0.3035413770316282 0.8058864071719891 14.182934761047363 0.3417173421853965 -0.9300889543044433 0.13477312465998526 -2.1555724143981934 0.7904552655809074 0.20687476769922958 -0.5765269322458466 20.61264419555664
0.5162350667882061 0.29806423430626333 0.8029066371911474 14.188630104064941 0.3344725132115525 -0.9332024395818124 0.13138243666678212 -2.1537723541259766 0.7884348379695837 0.20072597984808582 -0.5814461172713268 20.629962921142578
0.5155662894743147 0.2952395482610795 0.8043786485855284 14.183313369750977 0.3274298928747024 -0.9354020198378965 0.1334643268264774 -2.135129928588867 0.791821360162599 0.19456790697794324 -0.5789320021941045 20.730064392089844
0.5204521450302823 0.287983805086543 0.8038624837254531 14.176191329956055 0.3180935589734497 -0.9390396329976306 0.13046476688853503 -2.135725975036621 0.7924304716964023 0.18780281059545234 -0.5803309847487604 20.770252227783203
0.5234197852089836 0.2804309621928665 0.8046056200992915 14.152410507202148 0.3063476044249323 -0.943082763626511 0.1294065153448176 -2.130636692047119 0.7950992854448351 0.1787550737578276 -0.5795375310460461 20.7926025390625
0.5303434062618081 0.2714342942745827 0.8031558350197566 14.1680269241333 0.29508991349605024 -0.9472222071487063 0.12526784598302676 -2.1357498168945312 0.7947690321014759 0.17056820974610998 -0.5824505742434208 20.82131576538086
0.5378886689502901 0.2599778581885613 0.8019272367656395 14.158717155456543 0.2827141612388134 -0.9518018389180779 0.11893680030671774 -2.1419801712036133 0.7941967532355695 0.16274142891057017 -0.5854628463585255 20.805347442626953
0.5387423320847023 0.24893441265503208 0.8048530038560027 14.11587142944336 0.26726666191383613 -0.9565008993263581 0.11693827866573 -2.1413326263427734 0.7989525837303311 0.1521107747135715 -0.581839394649989 20.825923919677734
0.5425812606448229 0.23614105170516447 0.8061283888417862 14.119752883911133 0.25267124459377344 -0.9611091056626059 0.11147434309229944 -2.147613525390625 0.8011010034649243 0.1432015737064541 -0.5811458436016613 20.86176300048828
0.546127441527281 0.22565779383831053 0.8067362503884977 14.139955520629883 0.24478260678209174 -0.9639909844586196 0.1039367947334606 -2.1183319091796875 0.8011406200086414 0.14071226656737573 -0.5816990330141882 20.909881591796875
0.5521713369974705 0.20986978184493876 0.8068838139823994 14.13683032989502 0.22975096325661648 -0.9686297097551791 0.09471525886705937 -2.123014450073242 0.8014495052597402 0.1330832823759431 -0.5830673464283199 20.915435791015625
0.5601588735257751 0.19344261539624266 0.8054824585048367 14.14822769165039 0.21429063268541512 -0.9730931969586801 0.08467086143426039 -2.116926670074463 0.8001884535243052 0.12517821128853282 -0.5865397294855518 20.904273986816406
0.5644820025638644 0.1755222653655708 0.8065680399956523 14.141569137573242 0.19629025460137672 -0.9776443948282267 0.07537621116424932 -2.111663818359375 0.8017669266875609 0.11577293130040776 -0.5863159759447929 20.918968200683594
0.5702145423883844 0.15446325923870968 0.8068435270820237 14.138254165649414 0.1780675883449811 -0.9820529103517066 0.06216120374272972 -2.112835168838501 0.8019646560976409 0.10822745869278265 -0.5874857509379223 20.931198120117188
0.5765532289421781 0.13208691970387637 0.8063122347078022 14.134943008422852 0.15879686865091464 -0.9861438481295041 0.04799859688571731 -2.108797073364258 0.8014798367413944 0.10036611200736603 -0.5895394090792511 20.930723190307617
0.5848938920403257 0.1056697139178302 0.8041971441222883 14.143074035644531 0.137041938586848 -0.9900978618216778 0.030425829232761523 -2.114933967590332 0.7994489615493156 0.09241285395802093 -0.5935833743469026 20.922943115234375
0.5890653533433275 0.0795868292744463 0.8041566676317126 14.131084442138672 0.11656139605380322 -0.9930996801327553 0.012902180831458804 -2.1113812923431396 0.7996345730647775 0.08613339611474387 -0.5942773659102721 20.949485778808594
0.597877736119184 0.049257453037022655 0.8000724442032138 14.138498306274414 0.09263603836203828 -0.9956684948846537 -0.007925445773896582 -2.111116647720337 0.7962165390454948 0.07885398921065129 -0.5998510409559861 20.951175689697266
0.6018763338787639 0.021992842339465874 0.7982864107590018 14.121603012084961 0.07124525983283293 -0.9971134756743029 -0.026245563054797874 -2.079576015472412 0.7954049230850979 0.07267070602755037 -0.6017058889668992 20.99374771118164
0.6113330536027023 -0.016445172496078617 0.7912025365697265 14.128612518310547 0.04427089994588484 -0.9975077512470228 -0.05493972715702928 -2.094794750213623 0.7901341563245933 0.06861371950041469 -0.6090814169760405 21.004535675048828
0.6156632137053479 -0.04840022343762096 0.7865215989794505 14.11042594909668 0.02148339524475336 -0.9967100230877197 -0.07815109471552475 -2.0646162033081055 0.7877164915239245 0.06501190850656194 -0.6125978948164721 21.05428123474121
0.6205228036356524 -0.08998647379011863 0.7790082699836823 14.100909233093262 -0.007037393809969858 -0.9939932813225244 -0.10921461337222363 -2.0842392444610596 0.7841568244021809 0.062287970110617534 -0.6174287679748861 21.106491088867188
0.6249649993715617 -0.1289225384064938 0.7699335871692635 14.091163635253906 -0.0344588015422582 -0.9898634861145829 -0.13777833593622685 -2.080098867416382 0.7798918774783944 0.059575648950814214 -0.6230725491428059 21.157743453979492
0.6284074121372992 -0.16762095548209546 0.7596099918077514 14.083788871765137 -0.06131923348536566 -0.9841431053488793 -0.16644007870411492 -2.0648934841156006 0.775463781214616 0.05801347668890507 -0.6287212105113013 21.218229293823242
0.6354974332393288 -0.20881875026503088 0.743328824870915 14.099916458129883 -0.09116215081579694 -0.976291758233915 -0.1963259154140605 -2.060901641845703 0.7667023376805778 0.057001160885385566 -0.6394672728551913 21.253097534179688
0.6367774014865177 -0.24813628610007654 0.7300293997343803 14.091190338134766 -0.11875572071884843 -0.9670669775073046 -0.22511894591844922 -2.0542235374450684 0.7618475042635668 0.056655489895929334 -0.6452740004928348 21.32366943359375
0.636854046597135 -0.28546712248053197 0.716188135419416 14.08122730255127 -0.14569274490366435 -0.956750087630937 -0.2517993127485267 -2.0400748252868652 0.7570934865756609 0.05601599593758479 -0.650900653543865 21.3979434967041
0.6357784517566477 -0.3234169766132674 0.7008475009017676 14.075766563415527 -0.1730073065498106 -0.9445921116119144 -0.2789519932908246 -2.0387167930603027 0.7522328310850968 0.05609992797569047 -0.6565048102785099 21.480009078979492
0.6330753066571756 -0.35749422546554344 0.6865956123219213 14.062728881835938 -0.19779713401679389 -0.9322334664609112 -0.3030132963832041 -2.026277542114258 0.7483929114279914 0.05602359118321687 -0.6608853208804614 21.569581985473633
0.6292314113950325 -0.3907720391559188 0.6718370668009768 14.05606460571289 -0.22226135671563735 -0.9187849926038766 -0.3262422821720361 -2.020134925842285 0.7447601763149929 0.05595847370880733 -0.6649819012540427 21.669300079345703
0.6242276608406184 -0.4188541390689064 0.659470270464329 14.037925720214844 -0.24285407148507338 -0.9063442940043213 -0.34577727034744676 -2.0014257431030273 0.7425373575818074 0.05568869643521593 -0.6674856115938183 21.772966384887695
0.6179595120661368 -0.4464074410313005 0.647183465517212 14.026641845703125 -0.26377444303315245 -0.8931768637155362 -0.3642226425221648 -1.9904279708862305 0.740640995793193 0.05436438829936785 -0.6696980130143011 21.889141082763672
0.6125910231675248 -0.46854943337520527 0.636548243904843 14.013861656188965 -0.2801820878579171 -0.8817803790317899 -0.37942240418579926 -1.9739713668823242 0.7390739042735469 0.05408134279331134 -0.6714499031078408 21.998018264770508
0.6030395626127328 -0.4913642461956445 0.6284142451316884 14.002378463745117 -0.29645410262605615 -0.869395120126142 -0.39530632443338254 -1.9781198501586914 0.7405796722568231 0.05208937186640891 -0.6699465996469715 22.145423889160156
0.5950686646228647 -0.5073602700443584 0.6232807078391535 13.987606048583984 -0.308198001099225 -0.8603089781595841 -0.4060572055960273 -1.9686403274536133 0.7422312823523424 0.04953805081478285 -0.6683103358613194 22.27909278869629
0.5870764909569615 -0.5188182703188332 0.6214248113400648 13.973691940307617 -0.3178865410951456 -0.8537207249780108 -0.41244280904579245 -1.9440088272094727 0.7445061052511425 0.044592893227439284 -0.6661247128859438 22.423494338989258
0.5788471720659814 -0.5277069543104598 0.6216601336450605 13.96324634552002 -0.3245608271203068 -0.8484741941806757 -0.4180332657916537 -1.9402637481689453 0.7480616424401123 0.04021084656944421 -0.6624098934405871 22.572219848632812
0.5701656858249875 -0.529008209985629 0.6285391033782406 13.940092086791992 -0.32671772599901666 -0.8479905093088256 -0.41733394738529306 -1.9158935546875 0.7537682788667572 0.032594629771785205 -0.6563314497144619 22.731103897094727
0.5609851549699986 -0.5282735002996627 0.6373560737801349 13.934283256530762 -0.326201440418201 -0.8486869423426787 -0.41632090286956003 -1.9113407135009766 0.7608470780468157 0.0256433768871607 -0.6484243526036367 22.906055450439453
0.5541954174352522 -0.5175066124416099 0.6519619201862756 13.912094116210938 -0.32178422389985717 -0.8555481152299119 -0.40557654736894244 -1.8761272430419922 0.7676733371317079 0.01497760347167812 -0.6406663085033518 23.069122314453125
0.5535151015259956 -0.4999171127139749 0.666111036388371 13.863574981689453 -0.310981481938315 -0.8660203554753418 -0.39153449630117143 -1.8432722091674805 0.7726005114379074 0.009572059239550013 -0.6348203095426284 23.144981384277344
0.5433791817838739 -0.48156902987527567 0.6876265950854971 13.83686351776123 -0.30109313134117927 -0.8764036485917567 -0.3758451423049397 -1.8191394805908203 0.7836338373647808 -0.0028132188046636475 -0.621216624646271 23.33435821533203
0.5333464892110509 -0.4579523171596372 0.7112110781296684 13.818122863769531 -0.28779589183200677 -0.8888579082823675 -0.3565180830315823 -1.7937488555908203 0.7954338734872096 -0.014535958585982639 -0.6058660403233707 23.529422760009766
0.5150651547511245 -0.43659284961047684 0.7376276635472697 13.857544898986816 -0.27434275130633456 -0.8992574519224421 -0.3406935425974902 -1.7962522506713867 0.8120615377955486 -0.026883430416536097 -0.5829522621983454 23.836238861083984
0.5057964714801856 -0.40354381924925936 0.7624449589209147 13.83853530883789 -0.2552758151696147 -0.9142700775118986 -0.3145544206586136 -1.7647771835327148 0.8240171039654959 -0.03553324235287911 -0.5654495566009483 24.03530502319336
0.49235206182004726 -0.3683102794878158 0.7886298150876339 13.809490203857422 -0.23569074027697604 -0.9286233263832196 -0.28654596951389066 -1.7366905212402344 0.8378778682894301 -0.04479124602611065 -0.5440169318230722 24.257083892822266
0.47187743710186364 -0.3362861835692417 0.8150112189992302 13.812057495117188 -0.22033045288629813 -0.9400492223042458 -0.2603112582584579 -1.7174692153930664 0.8536897421693057 -0.05673678159375181 -0.5176821048957434 24.525169372558594
0.46185957642316317 -0.3010403721553843 0.8343023588596429 13.781943321228027 -0.19935796901581465 -0.9518044921809151 -0.2330764013239437 -1.7122364044189453 0.8642581395949397 -0.05867625581764992 -0.4996148167810038 24.724727630615234
0.45081665366105234 -0.2589463675381014 0.8542313056313691 13.762313842773438 -0.17722070325228984 -0.9639109992319311 -0.19866657468850624 -1.6713261604309082 0.8748469392531557 -0.06182527232873704 -0.4804377884605487 24.948009490966797
0.43062545926729273 -0.2243795179282449 0.8741942265681705 13.754209518432617 -0.1563364528132692 -0.9725057173017705 -0.17260226921200494 -1.6620593070983887 0.8888872973288559 -0.062341493001510595 -0.45386441906999603 25.217212677001953
0.41836674355921044 -0.18417713402770847 0.8894088211756174 13.726812362670898 -0.1356810894508641 -0.9809105297070586 -0.1393024575348343 -1.6271381378173828 0.8980868052972878 -0.06239644229567271 -0.4353696982332995 25.451068878173828
0.40582133525073216 -0.15459831320105008 0.9007821076213176 13.722232818603516 -0.11744417023130119 -0.9862396287798155 -0.11635403518113568 -1.6291861534118652 0.9063751490050873 -0.05857265726976913 -0.4183937536416672 25.694438934326172
0.385278013262931 -0.11844210710748088 0.9151679188870798 13.69887638092041 -0.09642721838344007 -0.9914669350865033 -0.0877217657426477 -1.587134599685669 0.9177486824022147 -0.05444982914679927 -0.3934114538938631 25.98488998413086
0.37250281277003977 -0.08601499168525571 0.9240362956528245 13.67762279510498 -0.0770366489575894 -0.9951249366536741 -0.061576904496784185 -1.5481313467025757 0.9248280971055074 -0.04824708960555371 -0.3773131446806483 26.25301742553711
0.3602297437247211 -0.055998243994005756 0.9311813617151115 13.666459083557129 -0.05748725857775795 -0.9976320729907362 -0.037755291568469476 -1.5078814029693604 0.9310906222474993 -0.03993048471774349 -0.36259593151739905 26.53045654296875
0.34969972318497144 -0.0351921128646323 0.9362006295642389 13.643720626831055 -0.04083150481901795 -0.9989172113080286 -0.022297828746447243 -1.4833950996398926 0.9359716298150114 -0.030428935977361356 -0.3507580192051448 26.810388565063477
0.32391072344037214 -0.026724903679900398 0.9457101156081789 13.629844665527344 -0.026506635099128564 -0.9994649015842478 -0.01916530189982744 -1.4814953804016113 0.9457162584708252 -0.01885974614065444 -0.3244457865953166 27.175268173217773
0.3158443842187707 -0.029635864256037307 0.9483480587354324 13.597991943359375 -0.007361077182087242 -0.9995585330265319 -0.028784606937852522 -1.5241307020187378 0.9487824510920219 0.002110593197431263 -0.3159231012385294 27.467039108276367
0.3107645702830693 -0.02391928706248451 0.9501859026333751 13.587970733642578 0.006076393951075596 -0.9996128794462403 -0.027150850479268972 -1.4858474731445312 0.9504674951271773 0.014211226253168636 -0.31049892391931194 27.751325607299805
0.31514680998509 -0.02956576468923255 0.948582286211672 13.5684175491333 0.017313994119007293 -0.9991691585468361 -0.036894690897939064 -1.4680049419403076 0.9488849844759208 0.02805099226673481 -0.31437307147556864 28.00501823425293
