0.000000000000000000e+00 0.000000000000000000e+00 0.000000000000000000e+00 0.000000000000000000e+00 0.000000000000000000e+00 0.000000000000000000e+00 1.000000000000000000e+00
1.243648380041122437e-01 -5.142398178577423096e-02 -5.468986928462982178e-02 4.173537308815866709e-04 -2.155013644369319081e-04 1.561410143040120602e-03 9.999986886978149414e-01
2.563250064849853516e-01 -1.006615087389945984e-01 -1.062917634844779968e-01 1.024525030516088009e-03 -1.622884767130017281e-03 3.399630077183246613e-03 9.999923706054687500e-01
3.877180814743041992e-01 -1.531198769807815552e-01 -1.554289609193801880e-01 9.600018383935093880e-04 -2.974448259919881821e-03 5.744600202888250351e-03 9.999786019325256348e-01
5.140105485916137695e-01 -2.056690454483032227e-01 -2.018021196126937866e-01 5.685231299139559269e-04 -4.242746625095605850e-03 7.937225513160228729e-03 9.999592900276184082e-01
6.453821063041687012e-01 -2.530012428760528564e-01 -2.502816617488861084e-01 1.080160494893789291e-03 -5.808737594634294510e-03 1.032682228833436966e-02 9.999291896820068359e-01
7.714287638664245605e-01 -2.957268655300140381e-01 -2.926233410835266113e-01 1.550459535792469978e-03 -7.015774026513099670e-03 1.316771563142538071e-02 9.998874664306640625e-01
8.961724638938903809e-01 -3.405389189720153809e-01 -3.312000632286071777e-01 1.636472065001726151e-03 -8.302994072437286377e-03 1.522095315158367157e-02 9.998483657836914062e-01
1.024161458015441895e+00 -3.788452744483947754e-01 -3.658531010150909424e-01 2.144258236512541771e-03 -9.877063333988189697e-03 1.741980202496051788e-02 9.997971653938293457e-01
1.152231693267822266e+00 -4.298502206802368164e-01 -3.965864479541778564e-01 1.277023926377296448e-03 -1.131434645503759384e-02 1.986641623079776764e-02 9.997377991676330566e-01
1.283665060997009277e+00 -4.660082459449768066e-01 -4.251638054847717285e-01 1.817831071093678474e-03 -1.305629871785640717e-02 2.236413583159446716e-02 9.996629953384399414e-01
1.408471226692199707e+00 -5.071523785591125488e-01 -4.519276022911071777e-01 1.522959908470511436e-03 -1.404910162091255188e-02 2.454086765646934509e-02 9.995989203453063965e-01
1.538735270500183105e+00 -5.417324900627136230e-01 -4.700808823108673096e-01 1.635184744372963905e-03 -1.529974769800901413e-02 2.673667296767234802e-02 9.995240569114685059e-01
1.661564946174621582e+00 -5.800380706787109375e-01 -4.895230829715728760e-01 1.391336787492036819e-03 -1.569878309965133667e-02 2.865554392337799072e-02 9.994650483131408691e-01
1.792872905731201172e+00 -6.128563284873962402e-01 -5.037788152694702148e-01 1.616678200662136078e-03 -1.680539548397064209e-02 2.996098250150680542e-02 9.994084835052490234e-01
1.919237017631530762e+00 -6.420004963874816895e-01 -5.208636522293090820e-01 2.144850092008709908e-03 -1.716555655002593994e-02 3.085446916520595551e-02 9.993741512298583984e-01
2.042155265808105469e+00 -6.693812608718872070e-01 -5.307341814041137695e-01 2.471754560247063637e-03 -1.717782579362392426e-02 3.166666999459266663e-02 9.993478059768676758e-01
2.164832353591918945e+00 -6.874410510063171387e-01 -5.456078052520751953e-01 4.072490613907575607e-03 -1.647260598838329315e-02 3.219967335462570190e-02 9.993373751640319824e-01
2.283233880996704102e+00 -7.222821712493896484e-01 -5.526862144470214844e-01 3.917155321687459946e-03 -1.534778438508510590e-02 3.215150907635688782e-02 9.993575215339660645e-01
2.412427663803100586e+00 -7.635375261306762695e-01 -5.446417927742004395e-01 2.345424843952059746e-03 -1.466164551675319672e-02 3.218392655253410339e-02 9.993716478347778320e-01
2.530841588973999023e+00 -7.877191305160522461e-01 -5.479987263679504395e-01 2.754384186118841171e-03 -1.269652415066957474e-02 3.167455643415451050e-02 9.994137883186340332e-01
2.649854183197021484e+00 -8.073470592498779297e-01 -5.493109226226806641e-01 3.622245043516159058e-03 -1.038370933383703232e-02 3.046488575637340546e-02 9.994753003120422363e-01
2.753144741058349609e+00 -8.206365704536437988e-01 -5.493771433830261230e-01 5.089414771646261215e-03 -6.703176070004701614e-03 2.824785187840461731e-02 9.995654821395874023e-01
2.876754522323608398e+00 -8.453976511955261230e-01 -5.544741749763488770e-01 5.941621959209442139e-03 -3.495800076052546501e-03 2.627808786928653717e-02 9.996308684349060059e-01
2.992774486541748047e+00 -8.650466799736022949e-01 -5.510955452919006348e-01 6.797202397137880325e-03 -6.416499672923237085e-05 2.343359217047691345e-02 9.997022747993469238e-01
3.101308822631835938e+00 -8.846223354339599609e-01 -5.493701100349426270e-01 7.468775380402803421e-03 3.794657764956355095e-03 2.043458819389343262e-02 9.997560977935791016e-01
3.193068742752075195e+00 -9.027935862541198730e-01 -5.427629947662353516e-01 7.947715930640697479e-03 8.649274706840515137e-03 1.724112592637538910e-02 9.997823834419250488e-01
3.280540704727172852e+00 -9.100382328033447266e-01 -5.423088073730468750e-01 9.551992639899253845e-03 1.302895508706569672e-02 1.311468612402677536e-02 9.997834563255310059e-01
3.348317384719848633e+00 -9.235547184944152832e-01 -5.381138324737548828e-01 1.029235031455755234e-02 1.861034147441387177e-02 9.459879249334335327e-03 9.997290968894958496e-01
3.416242837905883789e+00 -9.316073656082153320e-01 -5.320343971252441406e-01 1.155210379511117935e-02 2.365900017321109772e-02 5.493005272001028061e-03 9.996382594108581543e-01
3.469921350479125977e+00 -9.437116384506225586e-01 -5.318759679794311523e-01 1.230540405958890915e-02 2.927406691014766693e-02 9.605068480595946312e-04 9.994952082633972168e-01
3.516225099563598633e+00 -9.496844410896301270e-01 -5.283469557762145996e-01 1.343932561576366425e-02 3.450760245323181152e-02 -4.133733455091714859e-03 9.993055462837219238e-01
3.550370216369628906e+00 -9.522351622581481934e-01 -5.255408883094787598e-01 1.487473770976066589e-02 4.031447321176528931e-02 -8.663006126880645752e-03 9.990387558937072754e-01
3.575115203857421875e+00 -9.551732540130615234e-01 -5.229892134666442871e-01 1.581394113600254059e-02 4.592012614011764526e-02 -1.307759340852499008e-02 9.987342953681945801e-01
3.601967811584472656e+00 -9.514239430427551270e-01 -5.131078362464904785e-01 1.748310774564743042e-02 5.038640275597572327e-02 -1.692156866192817688e-02 9.984333515167236328e-01
3.609851121902465820e+00 -9.514793753623962402e-01 -5.125746130943298340e-01 1.862780936062335968e-02 5.531257390975952148e-02 -2.201378718018531799e-02 9.980525374412536621e-01
3.624935150146484375e+00 -9.484679102897644043e-01 -5.138316154479980469e-01 2.016617171466350555e-02 6.047490611672401428e-02 -2.625702880322933197e-02 9.976205229759216309e-01
3.641672372817993164e+00 -9.517754316329956055e-01 -5.104501843452453613e-01 2.120028249919414520e-02 6.569832563400268555e-02 -3.090058267116546631e-02 9.971355795860290527e-01
3.675328493118286133e+00 -9.537993073463439941e-01 -5.107370018959045410e-01 2.263739705085754395e-02 6.981441378593444824e-02 -3.588607534766197205e-02 9.966572523117065430e-01
3.705368041992187500e+00 -9.568739533424377441e-01 -5.035986304283142090e-01 2.362461760640144348e-02 7.472542673349380493e-02 -4.018360748887062073e-02 9.961140751838684082e-01
3.746700763702392578e+00 -9.618709087371826172e-01 -4.991843700408935547e-01 2.483749575912952423e-02 7.889753580093383789e-02 -4.375297203660011292e-02 9.956123232841491699e-01
3.796266555786132812e+00 -9.728096127510070801e-01 -4.922447204589843750e-01 2.564965933561325073e-02 8.243862539529800415e-02 -4.775237292051315308e-02 9.951209425926208496e-01
3.851389169692993164e+00 -9.791002869606018066e-01 -4.854707717895507812e-01 2.691328525543212891e-02 8.549737185239791870e-02 -5.174341052770614624e-02 9.946298003196716309e-01
3.916012525558471680e+00 -9.815710783004760742e-01 -4.855243861675262451e-01 2.841636352241039276e-02 8.818735927343368530e-02 -5.483197793364524841e-02 9.941875934600830078e-01
3.987168550491333008e+00 -9.896458387374877930e-01 -4.797389805316925049e-01 2.940264344215393066e-02 9.088605642318725586e-02 -5.782636255025863647e-02 9.937461018562316895e-01
4.061279296875000000e+00 -9.956903457641601562e-01 -4.719495475292205811e-01 3.055348619818687439e-02 9.353251010179519653e-02 -5.978609994053840637e-02 9.933497905731201172e-01
4.149662017822265625e+00 -1.002629399299621582e+00 -4.681887030601501465e-01 3.156666085124015808e-02 9.470461308956146240e-02 -6.223795935511589050e-02 9.930564165115356445e-01
4.234820365905761719e+00 -1.019433259963989258e+00 -4.602850973606109619e-01 3.190027549862861633e-02 9.619221836328506470e-02 -6.551505625247955322e-02 9.926919341087341309e-01
4.328127384185791016e+00 -1.025408387184143066e+00 -4.493947327136993408e-01 3.277446702122688293e-02 9.756094217300415039e-02 -6.671734899282455444e-02 9.924497604370117188e-01
4.436909675598144531e+00 -1.038471460342407227e+00 -4.421245753765106201e-01 3.287991881370544434e-02 9.748351573944091797e-02 -6.856273859739303589e-02 9.923281073570251465e-01
4.532207012176513672e+00 -1.054631352424621582e+00 -4.285129308700561523e-01 3.268037736415863037e-02 9.792619943618774414e-02 -7.024995237588882446e-02 9.921730756759643555e-01
4.628412723541259766e+00 -1.061195254325866699e+00 -4.234668016433715820e-01 3.332393988966941833e-02 9.756994247436523438e-02 -7.077381759881973267e-02 9.921495318412780762e-01
4.715307712554931641e+00 -1.074262499809265137e+00 -4.160839915275573730e-01 3.290253877639770508e-02 9.706927090883255005e-02 -7.142086327075958252e-02 9.921663403511047363e-01
4.801781177520751953e+00 -1.077034473419189453e+00 -4.002042412757873535e-01 3.316957503557205200e-02 9.598109871149063110e-02 -7.130195945501327515e-02 9.922718405723571777e-01
4.877474308013916016e+00 -1.084815979003906250e+00 -3.818963170051574707e-01 3.262879699468612671e-02 9.495896100997924805e-02 -7.081678509712219238e-02 9.924228787422180176e-01
4.949731826782226562e+00 -1.094276905059814453e+00 -3.804320693016052246e-01 3.164568170905113220e-02 9.338819235563278198e-02 -7.048047333955764771e-02 9.926276803016662598e-01
5.017744064331054688e+00 -1.096403598785400391e+00 -3.742952346801757812e-01 3.133941069245338440e-02 9.142319858074188232e-02 -6.889032572507858276e-02 9.929319024085998535e-01
5.080134868621826172e+00 -1.107834458351135254e+00 -3.639609217643737793e-01 2.964161895215511322e-02 8.915615081787109375e-02 -6.734985113143920898e-02 9.932957887649536133e-01
5.140478610992431641e+00 -1.112364888191223145e+00 -3.562480807304382324e-01 2.848004363477230072e-02 8.624070137739181519e-02 -6.547849625349044800e-02 9.937122464179992676e-01
5.195558071136474609e+00 -1.116671323776245117e+00 -3.521642088890075684e-01 2.665583975613117218e-02 8.290697634220123291e-02 -6.292635947465896606e-02 9.942113757133483887e-01
5.235966682434082031e+00 -1.121441125869750977e+00 -3.435889482498168945e-01 2.468487247824668884e-02 8.024805039167404175e-02 -5.890695005655288696e-02 9.947265386581420898e-01
5.275770187377929688e+00 -1.127894997596740723e+00 -3.324797153472900391e-01 2.201545797288417816e-02 7.685440778732299805e-02 -5.450073629617691040e-02 9.953081607818603516e-01
5.310552120208740234e+00 -1.131908059120178223e+00 -3.283880352973937988e-01 1.942804083228111267e-02 7.299228012561798096e-02 -5.064167082309722900e-02 9.958564639091491699e-01
5.343139171600341797e+00 -1.131585597991943359e+00 -3.287253081798553467e-01 1.722974516451358795e-02 6.882370263338088989e-02 -4.655319452285766602e-02 9.963930845260620117e-01
5.382093429565429688e+00 -1.139069080352783203e+00 -3.162689507007598877e-01 1.408286765217781067e-02 6.503847241401672363e-02 -4.218379780650138855e-02 9.968912601470947266e-01
5.422821521759033203e+00 -1.149514317512512207e+00 -3.088963627815246582e-01 1.055814046412706375e-02 6.120982021093368530e-02 -3.751394152641296387e-02 9.973638057708740234e-01
5.486964225769042969e+00 -1.145636916160583496e+00 -3.163951635360717773e-01 8.163692429661750793e-03 5.627508088946342468e-02 -3.246164694428443909e-02 9.978540539741516113e-01
5.548540115356445312e+00 -1.153614997863769531e+00 -3.101019859313964844e-01 4.879963584244251251e-03 5.284265428781509399e-02 -2.735752798616886139e-02 9.982160925865173340e-01
5.619195938110351562e+00 -1.159949064254760742e+00 -2.986235618591308594e-01 1.725883688777685165e-03 4.893120005726814270e-02 -2.227663621306419373e-02 9.985522031784057617e-01
5.684392929077148438e+00 -1.179500341415405273e+00 -2.840370535850524902e-01 -2.600995590910315514e-03 4.548221081495285034e-02 -1.892795227468013763e-02 9.987823963165283203e-01
5.774503231048583984e+00 -1.190574049949645996e+00 -2.717518806457519531e-01 -6.130388937890529633e-03 4.209194704890251160e-02 -1.486669294536113739e-02 9.989843368530273438e-01
5.864386558532714844e+00 -1.186131358146667480e+00 -2.621505856513977051e-01 -8.046139031648635864e-03 4.002748057246208191e-02 -1.054100226610898972e-02 9.991105794906616211e-01
5.962919712066650391e+00 -1.198450207710266113e+00 -2.387664616107940674e-01 -1.104209758341312408e-02 3.772594034671783447e-02 -8.014691062271595001e-03 9.991949796676635742e-01
6.073234558105468750e+00 -1.200344681739807129e+00 -2.248759418725967407e-01 -1.306419447064399719e-02 3.631014376878738403e-02 -5.293277092278003693e-03 9.992411732673645020e-01
6.188187599182128906e+00 -1.197595238685607910e+00 -2.121031731367111206e-01 -1.440686453133821487e-02 3.569898009300231934e-02 -3.160980995744466782e-03 9.992537498474121094e-01
6.302866458892822266e+00 -1.213357448577880859e+00 -1.831951439380645752e-01 -1.682617142796516418e-02 3.600795194506645203e-02 -3.388857701793313026e-03 9.992040991783142090e-01
6.447441577911376953e+00 -1.207819581031799316e+00 -1.764972209930419922e-01 -1.690971665084362030e-02 3.614609315991401672e-02 -2.415809780359268188e-03 9.992005228996276855e-01
6.579860210418701172e+00 -1.213345289230346680e+00 -1.551195681095123291e-01 -1.784117519855499268e-02 3.791360557079315186e-02 -3.852850757539272308e-03 9.991142749786376953e-01
6.732463359832763672e+00 -1.222542643547058105e+00 -1.308459639549255371e-01 -1.835540868341922760e-02 4.014965146780014038e-02 -6.870855577290058136e-03 9.990014433860778809e-01
6.888197898864746094e+00 -1.233839631080627441e+00 -1.075570881366729736e-01 -1.837187074124813080e-02 4.374856129288673401e-02 -1.090564858168363571e-02 9.988141059875488281e-01
7.053506851196289062e+00 -1.228388309478759766e+00 -8.741533756256103516e-02 -1.696881651878356934e-02 4.854188859462738037e-02 -1.562117785215377808e-02 9.985548257827758789e-01
7.222000598907470703e+00 -1.228455662727355957e+00 -6.240904331207275391e-02 -1.500650309026241302e-02 5.451453104615211487e-02 -2.182881534099578857e-02 9.981614947319030762e-01
7.398612976074218750e+00 -1.229574561119079590e+00 -3.382223844528198242e-02 -1.306093297898769379e-02 6.134014949202537537e-02 -3.014267981052398682e-02 9.975761771202087402e-01
7.579162597656250000e+00 -1.224291205406188965e+00 -5.001068115234375000e-03 -1.018219348043203354e-02 6.904496252536773682e-02 -3.943168744444847107e-02 9.967819452285766602e-01
7.772991180419921875e+00 -1.208126187324523926e+00 1.160192489624023438e-02 -5.906448699533939362e-03 7.776462286710739136e-02 -4.863290116190910339e-02 9.957673549652099609e-01
7.972306728363037109e+00 -1.227269291877746582e+00 3.907930850982666016e-02 -3.420903114601969719e-03 8.657865971326828003e-02 -6.025123968720436096e-02 9.944155216217041016e-01
8.181607246398925781e+00 -1.216126799583435059e+00 6.214058399200439453e-02 1.112879486754536629e-03 9.612061083316802979e-02 -7.133932411670684814e-02 9.928092956542968750e-01
8.405121803283691406e+00 -1.199316740036010742e+00 6.920957565307617188e-02 5.827633664011955261e-03 1.054134815931320190e-01 -8.261796832084655762e-02 9.909734129905700684e-01
8.622215270996093750e+00 -1.195853829383850098e+00 7.280433177947998047e-02 1.014532055705785751e-02 1.157894954085350037e-01 -9.371957182884216309e-02 9.887903928756713867e-01
8.861964225769042969e+00 -1.182304382324218750e+00 8.025956153869628906e-02 1.472088415175676346e-02 1.248698011040687561e-01 -1.043455153703689575e-01 9.865611195564270020e-01
9.099352836608886719e+00 -1.150541067123413086e+00 8.176183700561523438e-02 2.057126164436340332e-02 1.341517716646194458e-01 -1.150353848934173584e-01 9.840462207794189453e-01
9.319135665893554688e+00 -1.130972146987915039e+00 6.929874420166015625e-02 2.551887929439544678e-02 1.437586992979049683e-01 -1.265512257814407349e-01 9.811559319496154785e-01
9.566343307495117188e+00 -1.100949287414550781e+00 3.863143920898437500e-02 3.134018182754516602e-02 1.505998224020004272e-01 -1.376439630985260010e-01 9.784639477729797363e-01
9.792397499084472656e+00 -1.067538380622863770e+00 1.305007934570312500e-02 3.686445951461791992e-02 1.589348763227462769e-01 -1.487029492855072021e-01 9.753297567367553711e-01
1.004908561706542969e+01 -1.057991743087768555e+00 -4.331827163696289062e-03 4.127793386578559875e-02 1.648274511098861694e-01 -1.558450907468795776e-01 9.730572104454040527e-01
1.031390380859375000e+01 -1.027943015098571777e+00 -2.952718734741210938e-02 4.654618352651596069e-02 1.688092797994613647e-01 -1.636487096548080444e-01 9.708532094955444336e-01
1.057336997985839844e+01 -9.922583699226379395e-01 -4.491353034973144531e-02 5.212975665926933289e-02 1.723459064960479736e-01 -1.703887134790420532e-01 9.687863588333129883e-01
1.084104061126708984e+01 -9.809519052505493164e-01 -5.458402633666992188e-02 5.602616816759109497e-02 1.740240901708602905e-01 -1.743382513523101807e-01 9.675654172897338867e-01
1.111152172088623047e+01 -9.474531412124633789e-01 -6.463170051574707031e-02 6.176688894629478455e-02 1.719765216112136841e-01 -1.776755452156066895e-01 9.669747948646545410e-01
1.138493347167968750e+01 -9.232659935951232910e-01 -6.818795204162597656e-02 6.620607525110244751e-02 1.684662103652954102e-01 -1.780603080987930298e-01 9.672282338142395020e-01
1.164183998107910156e+01 -9.144779443740844727e-01 -7.242989540100097656e-02 6.990676373243331909e-02 1.637691706418991089e-01 -1.747191250324249268e-01 9.683831334114074707e-01
1.191117286682128906e+01 -9.056764841079711914e-01 -3.896212577819824219e-02 7.229755073785781860e-02 1.575296074151992798e-01 -1.704161912202835083e-01 9.700081348419189453e-01
1.217748069763183594e+01 -8.887252211570739746e-01 -8.798122406005859375e-03 7.605581730604171753e-02 1.485642492771148682e-01 -1.648188829421997070e-01 9.721002578735351562e-01
1.243896770477294922e+01 -8.841662406921386719e-01 4.118800163269042969e-02 7.751136273145675659e-02 1.390414237976074219e-01 -1.571232229471206665e-01 9.746649265289306641e-01
1.270162200927734375e+01 -8.715984821319580078e-01 9.975337982177734375e-02 8.072386682033538818e-02 1.274932920932769775e-01 -1.456431448459625244e-01 9.777613282203674316e-01
1.296512317657470703e+01 -8.669890761375427246e-01 1.714081764221191406e-01 8.269888162612915039e-02 1.140589565038681030e-01 -1.351642161607742310e-01 9.807558655738830566e-01
1.322888946533203125e+01 -8.754327297210693359e-01 2.378318309783935547e-01 8.314781635999679565e-02 9.810280799865722656e-02 -1.216177716851234436e-01 9.842110276222229004e-01
1.348756408691406250e+01 -8.741391301155090332e-01 3.137204647064208984e-01 8.457098901271820068e-02 8.251480758190155029e-02 -1.078719422221183777e-01 9.871183633804321289e-01
1.374556827545166016e+01 -8.782427310943603516e-01 3.956894874572753906e-01 8.553738892078399658e-02 6.586612761020660400e-02 -9.223122149705886841e-02 9.898678660392761230e-01
1.399875736236572266e+01 -8.891013860702514648e-01 4.883716106414794922e-01 8.590282499790191650e-02 4.886729270219802856e-02 -7.635451853275299072e-02 9.921706914901733398e-01
1.424022769927978516e+01 -9.092516303062438965e-01 6.092693209648132324e-01 8.662274479866027832e-02 3.129651769995689392e-02 -5.921548977494239807e-02 9.939872026443481445e-01
1.444115161895751953e+01 -9.693713188171386719e-01 7.754690051078796387e-01 8.597159385681152344e-02 1.359114795923233032e-02 -4.227724298834800720e-02 9.953073859214782715e-01
1.454034709930419922e+01 -1.030289769172668457e+00 1.016496777534484863e+00 8.645338565111160278e-02 -4.329274408519268036e-03 -2.394324913620948792e-02 9.959587454795837402e-01
1.459583854675292969e+01 -1.067802906036376953e+00 1.279807567596435547e+00 8.691588789224624634e-02 -2.211466804146766663e-02 -5.613038782030344009e-03 9.959543347358703613e-01
1.464992046356201172e+01 -1.098081111907958984e+00 1.539927721023559570e+00 8.673446625471115112e-02 -3.947931900620460510e-02 1.260717865079641342e-02 9.953690767288208008e-01
1.469574165344238281e+01 -1.102230072021484375e+00 1.808814048767089844e+00 8.738914132118225098e-02 -5.597719177603721619e-02 3.018636628985404968e-02 9.941420555114746094e-01
1.474943542480468750e+01 -1.124288201332092285e+00 2.084764957427978516e+00 8.678285777568817139e-02 -7.176760584115982056e-02 4.735722020268440247e-02 9.925096631050109863e-01
1.477201271057128906e+01 -1.145068168640136719e+00 2.337448596954345703e+00 8.601057529449462891e-02 -8.609464764595031738e-02 6.339309364557266235e-02 9.905408620834350586e-01
1.483298110961914062e+01 -1.100735306739807129e+00 2.614994764328002930e+00 8.732763677835464478e-02 -1.000938415527343750e-01 7.987921684980392456e-02 9.879142045974731445e-01
1.488591480255126953e+01 -1.066048383712768555e+00 2.897261381149291992e+00 8.751211315393447876e-02 -1.124604344367980957e-01 9.512643516063690186e-02 9.852133393287658691e-01
1.492780303955078125e+01 -1.009945154190063477e+00 3.179727792739868164e+00 8.882664889097213745e-02 -1.230916753411293030e-01 1.089998930692672729e-01 9.823834896087646484e-01
1.498214912414550781e+01 -9.296872019767761230e-01 3.464610576629638672e+00 8.997857570648193359e-02 -1.322689801454544067e-01 1.209770366549491882e-01 9.796802401542663574e-01
1.503625202178955078e+01 -8.355979919433593750e-01 3.723384141921997070e+00 9.085132926702499390e-02 -1.402061879634857178e-01 1.328816711902618408e-01 9.769497513771057129e-01
1.508549118041992188e+01 -7.245821356773376465e-01 3.984919548034667969e+00 9.212166070938110352e-02 -1.464007645845413208e-01 1.428067684173583984e-01 9.745186567306518555e-01
1.513569450378417969e+01 -5.884047746658325195e-01 4.249794006347656250e+00 9.501419961452484131e-02 -1.513107270002365112e-01 1.516916006803512573e-01 9.721455574035644531e-01
1.519432067871093750e+01 -4.886424243450164795e-01 4.514232635498046875e+00 9.503429383039474487e-02 -1.545083224773406982e-01 1.590893417596817017e-01 9.704567193984985352e-01
1.526094722747802734e+01 -3.710710704326629639e-01 4.776432037353515625e+00 9.657099097967147827e-02 -1.566317975521087646e-01 1.654225587844848633e-01 9.689044952392578125e-01
1.533896255493164062e+01 -2.611515820026397705e-01 5.047286987304687500e+00 9.833818674087524414e-02 -1.579926162958145142e-01 1.708783656358718872e-01 9.675580263137817383e-01
1.542744827270507812e+01 -1.703000664710998535e-01 5.312069416046142578e+00 1.002562642097473145e-01 -1.582896411418914795e-01 1.755872964859008789e-01 9.664689302444458008e-01
1.553210830688476562e+01 -1.097679138183593750e-01 5.568480491638183594e+00 1.022288203239440918e-01 -1.580198854207992554e-01 1.799824088811874390e-01 9.654974341392517090e-01
1.564461135864257812e+01 -7.538747787475585938e-02 5.821622848510742188e+00 1.041244193911552429e-01 -1.568019837141036987e-01 1.827441155910491943e-01 9.649745225906372070e-01
1.575920486450195312e+01 -6.247451901435852051e-02 6.052730560302734375e+00 1.061698347330093384e-01 -1.549385488033294678e-01 1.851726472377777100e-01 9.645895957946777344e-01
1.588091945648193359e+01 -6.167167425155639648e-02 6.276547431945800781e+00 1.081794425845146179e-01 -1.527464836835861206e-01 1.855652779340744019e-01 9.646404981613159180e-01
1.600232887268066406e+01 -7.140851020812988281e-02 6.485460281372070312e+00 1.102475374937057495e-01 -1.502067148685455322e-01 1.852398216724395752e-01 9.648676514625549316e-01
1.611838722229003906e+01 -8.975720405578613281e-02 6.679820060729980469e+00 1.121713966131210327e-01 -1.473528444766998291e-01 1.850947290658950806e-01 9.651138186454772949e-01
1.624203300476074219e+01 -1.119640469551086426e-01 6.874372482299804688e+00 1.139280572533607483e-01 -1.445949673652648926e-01 1.850698441267013550e-01 9.653299450874328613e-01
1.633955383300781250e+01 -1.317560672760009766e-01 7.061124801635742188e+00 1.155779808759689331e-01 -1.412643194198608398e-01 1.847903579473495483e-01 9.656804203987121582e-01
1.644061470031738281e+01 -1.550019383430480957e-01 7.232683658599853516e+00 1.168226152658462524e-01 -1.384789794683456421e-01 1.843505799770355225e-01 9.660180807113647461e-01
1.655334663391113281e+01 -1.789764761924743652e-01 7.401442050933837891e+00 1.177149787545204163e-01 -1.363168656826019287e-01 1.840645968914031982e-01 9.662717580795288086e-01
1.664637756347656250e+01 -1.968633532524108887e-01 7.557352066040039062e+00 1.185609325766563416e-01 -1.345497816801071167e-01 1.839982718229293823e-01 9.664286375045776367e-01
1.672884178161621094e+01 -2.095143795013427734e-01 7.707973957061767578e+00 1.191346049308776855e-01 -1.328021734952926636e-01 1.835122704505920410e-01 9.666921496391296387e-01
1.680429840087890625e+01 -2.220982313156127930e-01 7.845462799072265625e+00 1.196978837251663208e-01 -1.314958184957504272e-01 1.822678148746490479e-01 9.670365452766418457e-01
1.687848281860351562e+01 -2.199674844741821289e-01 7.975501537322998047e+00 1.204915046691894531e-01 -1.309618055820465088e-01 1.799542903900146484e-01 9.674436450004577637e-01
1.694264221191406250e+01 -2.325201034545898438e-01 8.102235794067382812e+00 1.200187504291534424e-01 -1.304830312728881836e-01 1.777170151472091675e-01 9.679805040359497070e-01
1.694968986511230469e+01 -2.271957397460937500e-01 8.196069717407226562e+00 1.201800629496574402e-01 -1.293528079986572266e-01 1.756293177604675293e-01 9.684931039810180664e-01
1.701300239562988281e+01 -2.171000242233276367e-01 8.319150924682617188e+00 1.204758882522583008e-01 -1.298922002315521240e-01 1.731743961572647095e-01 9.688262343406677246e-01
1.708237266540527344e+01 -2.108663320541381836e-01 8.419546127319335938e+00 1.203452423214912415e-01 -1.313074827194213867e-01 1.712050884962081909e-01 9.690016508102416992e-01
1.713530540466308594e+01 -2.117118835449218750e-01 8.516456604003906250e+00 1.198425963521003723e-01 -1.316338330507278442e-01 1.682944148778915405e-01 9.695293903350830078e-01
1.715486335754394531e+01 -2.130479812622070312e-01 8.629144668579101562e+00 1.196214482188224792e-01 -1.315032541751861572e-01 1.663589477539062500e-01 9.699084162712097168e-01
1.715845680236816406e+01 -1.924935579299926758e-01 8.683672904968261719e+00 1.200084611773490906e-01 -1.308864653110504150e-01 1.624684184789657593e-01 9.706032872200012207e-01
1.720778846740722656e+01 -1.767263412475585938e-01 8.763349533081054688e+00 1.204023435711860657e-01 -1.316917687654495239e-01 1.597304046154022217e-01 9.708999991416931152e-01
1.720337104797363281e+01 -1.892632246017456055e-01 8.842437744140625000e+00 1.197339296340942383e-01 -1.295426785945892334e-01 1.551094353199005127e-01 9.720203280448913574e-01
1.719845390319824219e+01 -1.797355413436889648e-01 8.894876480102539062e+00 1.202972605824470520e-01 -1.271601170301437378e-01 1.510645300149917603e-01 9.729020595550537109e-01
1.722348976135253906e+01 -1.751891374588012695e-01 8.932550430297851562e+00 1.210001707077026367e-01 -1.258008331060409546e-01 1.471145600080490112e-01 9.735966324806213379e-01
1.723537445068359375e+01 -1.595526933670043945e-01 8.963371276855468750e+00 1.221694797277450562e-01 -1.229912564158439636e-01 1.422806084156036377e-01 9.745275974273681641e-01
1.720291328430175781e+01 -1.799601316452026367e-01 8.962764739990234375e+00 1.227472573518753052e-01 -1.181898117065429688e-01 1.367772370576858521e-01 9.758361577987670898e-01
1.721415710449218750e+01 -1.517423391342163086e-01 9.005352020263671875e+00 1.250880360603332520e-01 -1.134567782282829285e-01 1.312742084264755249e-01 9.768559932708740234e-01
1.721290397644042969e+01 -1.481770277023315430e-01 9.001337051391601562e+00 1.275407969951629639e-01 -1.077578589320182800e-01 1.250236332416534424e-01 9.780034422874450684e-01
1.724818801879882812e+01 -1.414217948913574219e-01 9.039291381835937500e+00 1.304085850715637207e-01 -1.019842326641082764e-01 1.193036660552024841e-01 9.789583086967468262e-01
1.720973777770996094e+01 -1.487735509872436523e-01 9.031175613403320312e+00 1.332204490900039673e-01 -9.242472797632217407e-02 1.119685620069503784e-01 9.803943037986755371e-01
1.724358367919921875e+01 -1.362828016281127930e-01 9.048709869384765625e+00 1.370711624622344971e-01 -8.362078666687011719e-02 1.047252640128135681e-01 9.814538359642028809e-01
1.724742317199707031e+01 -1.275475025177001953e-01 9.051111221313476562e+00 1.415266990661621094e-01 -7.284675538539886475e-02 9.679725021123886108e-02 9.824936389923095703e-01
1.723711013793945312e+01 -1.357939243316650391e-01 9.054771423339843750e+00 1.457266658544540405e-01 -5.972584709525108337e-02 8.821301907300949097e-02 9.835726022720336914e-01
1.723257446289062500e+01 -1.260259151458740234e-01 9.054554939270019531e+00 1.510711908340454102e-01 -4.601642489433288574e-02 7.938262075185775757e-02 9.842552542686462402e-01
1.725878334045410156e+01 -1.105854511260986328e-01 9.074352264404296875e+00 1.567759960889816284e-01 -3.195798024535179138e-02 7.078140974044799805e-02 9.845760464668273926e-01
1.724022102355957031e+01 -1.252732276916503906e-01 9.077795028686523438e+00 1.617290824651718140e-01 -1.573402434587478638e-02 6.154597550630569458e-02 9.847884178161621094e-01
1.724306297302246094e+01 -1.116509437561035156e-01 9.086692810058593750e+00 1.676962524652481079e-01 3.627220285125076771e-04 5.231065675616264343e-02 9.844498038291931152e-01
1.722805595397949219e+01 -1.121454238891601562e-01 9.090970039367675781e+00 1.731229573488235474e-01 1.756409183144569397e-02 4.259889572858810425e-02 9.838218092918395996e-01
1.723620605468750000e+01 -1.137306690216064453e-01 9.089378356933593750e+00 1.783298850059509277e-01 3.454650565981864929e-02 3.368447721004486084e-02 9.827870130538940430e-01
1.721026229858398438e+01 -1.107130050659179688e-01 9.076241493225097656e+00 1.835837811231613159e-01 5.256820470094680786e-02 2.447667531669139862e-02 9.812922477722167969e-01
1.722319030761718750e+01 -1.208024024963378906e-01 9.107887268066406250e+00 1.884446293115615845e-01 6.978955119848251343e-02 1.660981401801109314e-02 9.794601202011108398e-01
1.722743606567382812e+01 -1.037664413452148438e-01 9.119853973388671875e+00 1.934432685375213623e-01 8.694142103195190430e-02 7.868585176765918732e-03 9.772199988365173340e-01
1.722405052185058594e+01 -9.339857101440429688e-02 9.136273384094238281e+00 1.981662809848785400e-01 1.041148230433464050e-01 -9.868000779533758759e-05 9.746231436729431152e-01
1.722481155395507812e+01 -1.080675125122070312e-01 9.127494812011718750e+00 2.012037783861160278e-01 1.201709881424903870e-01 -6.152899004518985748e-03 9.721306562423706055e-01
1.724309730529785156e+01 -1.066503524780273438e-01 9.143476486206054688e+00 2.045786082744598389e-01 1.354802250862121582e-01 -1.180543191730976105e-02 9.693571925163269043e-01
1.723846054077148438e+01 -9.387922286987304688e-02 9.158710479736328125e+00 2.077002972364425659e-01 1.506932675838470459e-01 -1.771603897213935852e-02 9.663530588150024414e-01
1.725010299682617188e+01 -8.220529556274414062e-02 9.184953689575195312e+00 2.101088762283325195e-01 1.644610315561294556e-01 -2.279482781887054443e-02 9.634765982627868652e-01
1.724691772460937500e+01 -8.387804031372070312e-02 9.193554878234863281e+00 2.111968547105789185e-01 1.776743084192276001e-01 -2.603946067392826080e-02 9.608067870140075684e-01
1.726112365722656250e+01 -8.893871307373046875e-02 9.211570739746093750e+00 2.116754055023193359e-01 1.886295974254608154e-01 -2.760552987456321716e-02 9.585667848587036133e-01
1.723131942749023438e+01 -8.702325820922851562e-02 9.213679313659667969e+00 2.113957703113555908e-01 1.997904330492019653e-01 -2.950198389589786530e-02 9.563081264495849609e-01
1.725568008422851562e+01 -9.001731872558593750e-02 9.229383468627929688e+00 2.100596725940704346e-01 2.076724171638488770e-01 -2.883005701005458832e-02 9.549428820610046387e-01
1.724524688720703125e+01 -9.122753143310546875e-02 9.233156204223632812e+00 2.078075706958770752e-01 2.148749679327011108e-01 -2.756390348076820374e-02 9.538789391517639160e-01
1.724937248229980469e+01 -7.499933242797851562e-02 9.251371383666992188e+00 2.054359912872314453e-01 2.201738953590393066e-01 -2.537294663488864899e-02 9.532448053359985352e-01
1.725334167480468750e+01 -6.528282165527343750e-02 9.261824607849121094e+00 2.020751237869262695e-01 2.240386456251144409e-01 -2.196529135107994080e-02 9.531473517417907715e-01
1.725770378112792969e+01 -7.253646850585937500e-02 9.281592369079589844e+00 1.975511908531188965e-01 2.267538160085678101e-01 -1.650827378034591675e-02 9.535636901855468750e-01
1.726944923400878906e+01 -7.495069503784179688e-02 9.290223121643066406e+00 1.925437897443771362e-01 2.278633713722229004e-01 -1.009165123105049133e-02 9.544125795364379883e-01
1.725505256652832031e+01 -6.898736953735351562e-02 9.303089141845703125e+00 1.876311749219894409e-01 2.290968298912048340e-01 -3.881839103996753693e-03 9.551408886909484863e-01
1.726478767395019531e+01 -6.724023818969726562e-02 9.315253257751464844e+00 1.822194606065750122e-01 2.286944985389709473e-01 3.344873664900660515e-03 9.562864303588867188e-01
1.725462722778320312e+01 -6.319236755371093750e-02 9.329127311706542969e+00 1.768034249544143677e-01 2.279930412769317627e-01 1.036928873509168625e-02 9.574195742607116699e-01
1.725598716735839844e+01 -6.850719451904296875e-02 9.332500457763671875e+00 1.710103303194046021e-01 2.265423834323883057e-01 1.854939199984073639e-02 9.586917757987976074e-01
1.727221679687500000e+01 -6.020593643188476562e-02 9.364117622375488281e+00 1.658935695886611938e-01 2.245595455169677734e-01 2.709803357720375061e-02 9.598531126976013184e-01
1.726438522338867188e+01 -5.517768859863281250e-02 9.378555297851562500e+00 1.607079356908798218e-01 2.230873852968215942e-01 3.540452942252159119e-02 9.608077406883239746e-01
1.726470184326171875e+01 -5.610609054565429688e-02 9.390295028686523438e+00 1.557773053646087646e-01 2.210545837879180908e-01 4.376396164298057556e-02 9.617447853088378906e-01
1.727407455444335938e+01 -3.265619277954101562e-02 9.425490379333496094e+00 1.522738337516784668e-01 2.194168865680694580e-01 5.101016163825988770e-02 9.623236656188964844e-01
1.729336738586425781e+01 -3.656864166259765625e-02 9.443772315979003906e+00 1.480883955955505371e-01 2.173894941806793213e-01 5.976355448365211487e-02 9.629330039024353027e-01
1.727395248413085938e+01 -4.799890518188476562e-02 9.445186614990234375e+00 1.445172578096389771e-01 2.167936712503433228e-01 6.759760528802871704e-02 9.630917906761169434e-01
1.725600433349609375e+01 -4.797673225402832031e-02 9.459571838378906250e+00 1.421373039484024048e-01 2.170175164937973022e-01 7.401352375745773315e-02 9.629238843917846680e-01
1.726755714416503906e+01 -3.400897979736328125e-02 9.485231399536132812e+00 1.411271393299102783e-01 2.170086652040481567e-01 8.024282753467559814e-02 9.625754356384277344e-01
1.728412818908691406e+01 -3.278040885925292969e-02 9.511104583740234375e+00 1.406276524066925049e-01 2.179805040359497070e-01 8.636800199747085571e-02 9.618985652923583984e-01
1.726506042480468750e+01 -3.580546379089355469e-02 9.530431747436523438e+00 1.412608176469802856e-01 2.209832072257995605e-01 9.050974994897842407e-02 9.607391953468322754e-01
1.726990890502929688e+01 -2.766132354736328125e-02 9.549766540527343750e+00 1.438853442668914795e-01 2.243746072053909302e-01 9.461663663387298584e-02 9.591667056083679199e-01
1.729017829895019531e+01 -1.643657684326171875e-02 9.579417228698730469e+00 1.477272808551788330e-01 2.288297414779663086e-01 9.700053930282592773e-02 9.572901725769042969e-01
1.728658676147460938e+01 -1.308155059814453125e-02 9.592881202697753906e+00 1.525638103485107422e-01 2.348228245973587036e-01 9.832417964935302734e-02 9.549423456192016602e-01
1.728043746948242188e+01 -1.031398773193359375e-02 9.619478225708007812e+00 1.585105806589126587e-01 2.424326688051223755e-01 9.857537597417831421e-02 9.520418643951416016e-01
1.729114151000976562e+01 -5.712509155273437500e-03 9.649126052856445312e+00 1.655308902263641357e-01 2.506512999534606934e-01 9.848035126924514771e-02 9.487228393554687500e-01
1.730151367187500000e+01 6.097793579101562500e-03 9.674990653991699219e+00 1.738071143627166748e-01 2.593445479869842529e-01 9.715545177459716797e-02 9.450355768203735352e-01
1.729864120483398438e+01 1.246023178100585938e-02 9.707956314086914062e+00 1.824157536029815674e-01 2.690954208374023438e-01 9.497994184494018555e-02 9.408990144729614258e-01
1.729486465454101562e+01 1.811456680297851562e-02 9.735830307006835938e+00 1.915471702814102173e-01 2.792320847511291504e-01 9.228545427322387695e-02 9.363880157470703125e-01
1.728131484985351562e+01 2.195119857788085938e-02 9.765180587768554688e+00 2.010602653026580811e-01 2.899402678012847900e-01 8.862010389566421509e-02 9.314805269241333008e-01
1.727809524536132812e+01 4.054260253906250000e-02 9.819740295410156250e+00 2.113299518823623657e-01 3.010647892951965332e-01 8.421314507722854614e-02 9.260711669921875000e-01
1.729932403564453125e+01 6.221818923950195312e-02 9.857466697692871094e+00 2.217591851949691772e-01 3.108970820903778076e-01 8.024229109287261963e-02 9.207209348678588867e-01
1.728607368469238281e+01 6.349802017211914062e-02 9.897924423217773438e+00 2.312869280576705933e-01 3.214249014854431152e-01 7.556012272834777832e-02 9.151409864425659180e-01
1.728544235229492188e+01 7.510137557983398438e-02 9.947832107543945312e+00 2.410868704319000244e-01 3.318268060684204102e-01 7.069305330514907837e-02 9.092692732810974121e-01
1.730084609985351562e+01 1.036868095397949219e-01 1.000572204589843750e+01 2.512812614440917969e-01 3.411782383918762207e-01 6.540150940418243408e-02 9.034255743026733398e-01
1.729209899902343750e+01 1.248784065246582031e-01 1.005450630187988281e+01 2.608640789985656738e-01 3.504398763179779053e-01 6.005071848630905151e-02 8.975164294242858887e-01
1.729405593872070312e+01 1.476416587829589844e-01 1.012127208709716797e+01 2.700244486331939697e-01 3.591796159744262695e-01 5.502755567431449890e-02 8.916550874710083008e-01
1.728015327453613281e+01 1.704154014587402344e-01 1.017348289489746094e+01 2.783896923065185547e-01 3.667080700397491455e-01 4.985969513654708862e-02 8.863060474395751953e-01
1.727301216125488281e+01 1.929674148559570312e-01 1.022104454040527344e+01 2.856893241405487061e-01 3.730367422103881836e-01 4.524116590619087219e-02 8.815772533416748047e-01
1.729719924926757812e+01 2.180738449096679688e-01 1.030031490325927734e+01 2.922819852828979492e-01 3.788330256938934326e-01 4.073929414153099060e-02 8.771528005599975586e-01
1.725010681152343750e+01 2.416725158691406250e-01 1.037012195587158203e+01 2.977132797241210938e-01 3.844660222530364990e-01 3.590655699372291565e-02 8.730769753456115723e-01
1.725987434387207031e+01 2.822608947753906250e-01 1.044421768188476562e+01 3.030701875686645508e-01 3.873684704303741455e-01 3.196969255805015564e-02 8.700988888740539551e-01
1.724719619750976562e+01 3.079233169555664062e-01 1.051030635833740234e+01 3.027046024799346924e-01 3.909211754798889160e-01 3.115777298808097839e-02 8.686655163764953613e-01
1.729236793518066406e+01 3.376340866088867188e-01 1.057367801666259766e+01 3.023559749126434326e-01 3.913019299507141113e-01 3.089858405292034149e-02 8.686247467994689941e-01
1.728070831298828125e+01 3.696613311767578125e-01 1.064995479583740234e+01 3.017977476119995117e-01 3.919544517993927002e-01 2.985052019357681274e-02 8.685613274574279785e-01
1.728513336181640625e+01 4.022836685180664062e-01 1.072628974914550781e+01 3.009141683578491211e-01 3.910335898399353027e-01 2.926594950258731842e-02 8.693025708198547363e-01
1.728956985473632812e+01 4.490661621093750000e-01 1.081514358520507812e+01 2.997355461120605469e-01 3.896690309047698975e-01 2.699711546301841736e-02 8.703951835632324219e-01
1.728680419921875000e+01 4.787292480468750000e-01 1.088902759552001953e+01 2.985048890113830566e-01 3.872938752174377441e-01 2.640712633728981018e-02 8.718950748443603516e-01
1.729266738891601562e+01 5.245561599731445312e-01 1.098351573944091797e+01 2.975513935089111328e-01 3.846338987350463867e-01 2.485848404467105865e-02 8.734426498413085938e-01
1.729930877685546875e+01 5.743484497070312500e-01 1.107354068756103516e+01 2.968780100345611572e-01 3.813823461532592773e-01 2.353858388960361481e-02 8.751325011253356934e-01
1.729122161865234375e+01 6.115531921386718750e-01 1.117794799804687500e+01 2.950916886329650879e-01 3.784351348876953125e-01 2.246384136378765106e-02 8.770422339439392090e-01
1.727598953247070312e+01 6.474113464355468750e-01 1.129195117950439453e+01 2.939580976963043213e-01 3.763208091259002686e-01 2.037432044744491577e-02 8.783826828002929688e-01
1.728723144531250000e+01 6.856021881103515625e-01 1.139615249633789062e+01 2.930716276168823242e-01 3.730604648590087891e-01 1.907878555357456207e-02 8.800970911979675293e-01
1.727073287963867188e+01 7.225399017333984375e-01 1.151246643066406250e+01 2.922745943069458008e-01 3.714330792427062988e-01 1.684427447617053986e-02 8.810955286026000977e-01
1.725192451477050781e+01 7.185087203979492188e-01 1.159766197204589844e+01 2.900332212448120117e-01 3.696368634700775146e-01 1.563327014446258545e-02 8.826125860214233398e-01
1.722614288330078125e+01 7.268667221069335938e-01 1.170783996582031250e+01 2.888336181640625000e-01 3.703681826591491699e-01 1.286746188998222351e-02 8.827440142631530762e-01
1.720058631896972656e+01 7.220144271850585938e-01 1.179350852966308594e+01 2.879594862461090088e-01 3.711256086826324463e-01 1.092645619064569473e-02 8.827376365661621094e-01
1.719859886169433594e+01 7.204446792602539062e-01 1.189463043212890625e+01 2.866414487361907959e-01 3.732244968414306641e-01 9.129000827670097351e-03 8.823019862174987793e-01
1.717671394348144531e+01 7.146453857421875000e-01 1.198169231414794922e+01 2.856871187686920166e-01 3.772801458835601807e-01 6.627747789025306702e-03 8.809078335762023926e-01
1.716143798828125000e+01 7.046604156494140625e-01 1.205547809600830078e+01 2.850047349929809570e-01 3.827558755874633789e-01 3.312414977699518204e-03 8.787828683853149414e-01
1.714542770385742188e+01 6.866731643676757812e-01 1.211262607574462891e+01 2.850014865398406982e-01 3.895151615142822266e-01 3.168143739458173513e-04 8.758150339126586914e-01
1.710703659057617188e+01 6.728057861328125000e-01 1.218871688842773438e+01 2.856287360191345215e-01 3.997801840305328369e-01 -4.661954008042812347e-03 8.709594011306762695e-01
1.713459777832031250e+01 6.605548858642578125e-01 1.224930953979492188e+01 2.858176827430725098e-01 4.104646146297454834e-01 -8.240615017712116241e-03 8.658863306045532227e-01
1.711406326293945312e+01 6.502265930175781250e-01 1.230721187591552734e+01 2.864162027835845947e-01 4.247333705425262451e-01 -1.268005184829235077e-02 8.587237596511840820e-01
1.707535552978515625e+01 6.287975311279296875e-01 1.234341430664062500e+01 2.860504090785980225e-01 4.402043521404266357e-01 -1.697940751910209656e-02 8.509447574615478516e-01
1.706911849975585938e+01 6.171417236328125000e-01 1.239119148254394531e+01 2.868757247924804688e-01 4.570257067680358887e-01 -2.152941934764385223e-02 8.416450023651123047e-01
1.704609298706054688e+01 5.923299789428710938e-01 1.241350555419921875e+01 2.870151996612548828e-01 4.741676151752471924e-01 -2.516811713576316833e-02 8.319578766822814941e-01
1.703183364868164062e+01 5.773677825927734375e-01 1.245190334320068359e+01 2.876895368099212646e-01 4.928331971168518066e-01 -2.945100143551826477e-02 8.206599950790405273e-01
1.705014419555664062e+01 5.790634155273437500e-01 1.248086166381835938e+01 2.898389399051666260e-01 5.110194683074951172e-01 -3.359069302678108215e-02 8.085321187973022461e-01
1.702822303771972656e+01 5.619907379150390625e-01 1.248605918884277344e+01 2.903861105442047119e-01 5.293641090393066406e-01 -3.734689578413963318e-02 7.962755560874938965e-01
1.702194976806640625e+01 5.587234497070312500e-01 1.252764987945556641e+01 2.917405962944030762e-01 5.481417179107666016e-01 -4.180547967553138733e-02 7.827389836311340332e-01
1.703290557861328125e+01 5.454273223876953125e-01 1.255209159851074219e+01 2.932218909263610840e-01 5.658555030822753906e-01 -4.562260955572128296e-02 7.692509889602661133e-01
1.700958061218261719e+01 5.345544815063476562e-01 1.258798599243164062e+01 2.943325042724609375e-01 5.828864574432373047e-01 -5.053567141294479370e-02 7.556837201118469238e-01
1.698785591125488281e+01 5.139255523681640625e-01 1.261458587646484375e+01 2.961437404155731201e-01 5.981622934341430664e-01 -5.346870049834251404e-02 7.427259683609008789e-01
1.699375152587890625e+01 4.869437217712402344e-01 1.267210102081298828e+01 2.973996698856353760e-01 6.128063797950744629e-01 -5.642604455351829529e-02 7.299574613571166992e-01
1.694674873352050781e+01 4.570264816284179688e-01 1.270562648773193359e+01 2.986459732055664062e-01 6.254456043243408203e-01 -5.903955176472663879e-02 7.184306979179382324e-01
1.692100524902343750e+01 4.328007698059082031e-01 1.275920963287353516e+01 2.999016642570495605e-01 6.366419792175292969e-01 -6.218554824590682983e-02 7.077279686927795410e-01
1.689571189880371094e+01 3.800096511840820312e-01 1.282576084136962891e+01 2.981266081333160400e-01 6.471258997917175293e-01 -6.637499481439590454e-02 6.985291242599487305e-01
1.687842559814453125e+01 3.552551269531250000e-01 1.287768459320068359e+01 2.982068061828613281e-01 6.543952226638793945e-01 -6.964328885078430176e-02 6.913677453994750977e-01
1.688182640075683594e+01 3.219218254089355469e-01 1.292558002471923828e+01 2.977828681468963623e-01 6.590219140052795410e-01 -7.231307029724121094e-02 6.868670582771301270e-01
1.686703109741210938e+01 2.718005180358886719e-01 1.297772598266601562e+01 2.976951599121093750e-01 6.610336303710937500e-01 -7.348604500293731689e-02 6.848444938659667969e-01
1.681655120849609375e+01 2.032699584960937500e-01 1.302818107604980469e+01 2.973667979240417480e-01 6.605764031410217285e-01 -7.291612774133682251e-02 6.854888796806335449e-01
1.679283714294433594e+01 1.526546478271484375e-01 1.312716579437255859e+01 2.901868820190429688e-01 6.614300012588500977e-01 -6.800672411918640137e-02 6.882419586181640625e-01
1.671660041809082031e+01 2.345037460327148438e-02 1.318980121612548828e+01 2.801434397697448730e-01 6.600148677825927734e-01 -5.896486714482307434e-02 6.945669054985046387e-01
1.668728065490722656e+01 -5.632352828979492188e-02 1.323397636413574219e+01 2.701041996479034424e-01 6.552879214286804199e-01 -5.014601349830627441e-02 7.036525011062622070e-01
1.663146972656250000e+01 -1.451501846313476562e-01 1.330152416229248047e+01 2.592321038246154785e-01 6.495867371559143066e-01 -3.934542089700698853e-02 7.136439681053161621e-01
1.660188674926757812e+01 -2.436347007751464844e-01 1.337182331085205078e+01 2.476135045289993286e-01 6.416484117507934570e-01 -2.807981334626674652e-02 7.253870368003845215e-01
1.652635002136230469e+01 -3.435983657836914062e-01 1.341462230682373047e+01 2.342436313629150391e-01 6.319091916084289551e-01 -1.657723076641559601e-02 7.386107444763183594e-01
1.646722602844238281e+01 -4.454813003540039062e-01 1.347089481353759766e+01 2.203827351331710815e-01 6.205382943153381348e-01 -4.485596902668476105e-03 7.525579929351806641e-01
1.642863273620605469e+01 -5.406866073608398438e-01 1.352392864227294922e+01 2.071124464273452759e-01 6.071787476539611816e-01 8.752457797527313232e-03 7.670474648475646973e-01
1.634934997558593750e+01 -6.719412803649902344e-01 1.357727718353271484e+01 1.917483657598495483e-01 5.931772589683532715e-01 2.180548757314682007e-02 7.815995216369628906e-01
1.627768707275390625e+01 -7.769558429718017578e-01 1.365489864349365234e+01 1.776877194643020630e-01 5.783907771110534668e-01 3.480373695492744446e-02 7.954117655754089355e-01
1.621125793457031250e+01 -8.936603069305419922e-01 1.369233036041259766e+01 1.631015092134475708e-01 5.612882375717163086e-01 4.897327348589897156e-02 8.099104762077331543e-01
1.612209510803222656e+01 -1.020873785018920898e+00 1.375635147094726562e+01 1.480665355920791626e-01 5.451285839080810547e-01 6.229924783110618591e-02 8.228182792663574219e-01
1.604791259765625000e+01 -1.123550176620483398e+00 1.378682231903076172e+01 1.339586824178695679e-01 5.267281532287597656e-01 7.467390596866607666e-02 8.360839486122131348e-01
1.595995330810546875e+01 -1.252198338508605957e+00 1.386858367919921875e+01 1.203940361738204956e-01 5.104089379310607910e-01 8.744798600673675537e-02 8.469597697257995605e-01
1.588653373718261719e+01 -1.367288231849670410e+00 1.390352725982666016e+01 1.087030321359634399e-01 4.908549785614013672e-01 9.985919296741485596e-02 8.586461544036865234e-01
1.580776977539062500e+01 -1.468045949935913086e+00 1.397208023071289062e+01 9.774107486009597778e-02 4.735346138477325439e-01 1.106896102428436279e-01 8.683083653450012207e-01
1.571598339080810547e+01 -1.571338415145874023e+00 1.405627155303955078e+01 8.708108216524124146e-02 4.573230743408203125e-01 1.197312921285629272e-01 8.768904805183410645e-01
1.565627574920654297e+01 -1.662295103073120117e+00 1.414514636993408203e+01 7.790601998567581177e-02 4.414843320846557617e-01 1.283748000860214233e-01 8.846141099929809570e-01
1.557530307769775391e+01 -1.762407064437866211e+00 1.426722240447998047e+01 6.979201734066009521e-02 4.288457334041595459e-01 1.365323811769485474e-01 8.902692198753356934e-01
1.549268436431884766e+01 -1.837797880172729492e+00 1.438461017608642578e+01 6.400514394044876099e-02 4.172980487346649170e-01 1.410056948661804199e-01 8.954792618751525879e-01
1.541710567474365234e+01 -1.933279037475585938e+00 1.451443290710449219e+01 5.948342755436897278e-02 4.078558981418609619e-01 1.466087400913238525e-01 8.992336392402648926e-01
1.538577938079833984e+01 -1.965408921241760254e+00 1.464295959472656250e+01 5.776821449398994446e-02 3.995090723037719727e-01 1.490450948476791382e-01 9.026853442192077637e-01
1.526870632171630859e+01 -2.076764583587646484e+00 1.482464790344238281e+01 5.520348250865936279e-02 3.965972065925598145e-01 1.498437672853469849e-01 9.039967060089111328e-01
1.521862030029296875e+01 -2.129279136657714844e+00 1.497086811065673828e+01 5.609323456883430481e-02 3.923254609107971191e-01 1.505334675312042236e-01 9.056897759437561035e-01
1.517261409759521484e+01 -2.161701202392578125e+00 1.513664054870605469e+01 5.821979045867919922e-02 3.904246389865875244e-01 1.486157923936843872e-01 9.066931009292602539e-01
1.510425090789794922e+01 -2.204065799713134766e+00 1.530951499938964844e+01 6.166788563132286072e-02 3.905451893806457520e-01 1.458763182163238525e-01 9.068580865859985352e-01
1.506325912475585938e+01 -2.219229936599731445e+00 1.549278926849365234e+01 6.624173372983932495e-02 3.922810554504394531e-01 1.419186145067214966e-01 9.064142107963562012e-01
1.501704788208007812e+01 -2.230282545089721680e+00 1.567437362670898438e+01 7.263928651809692383e-02 3.954567611217498779e-01 1.379750370979309082e-01 9.051521420478820801e-01
1.495298004150390625e+01 -2.268731117248535156e+00 1.589454269409179688e+01 7.877518236637115479e-02 4.008105695247650146e-01 1.338873356580734253e-01 9.028950929641723633e-01
1.492212867736816406e+01 -2.290360450744628906e+00 1.608853721618652344e+01 8.576207607984542847e-02 4.054829180240631104e-01 1.286950707435607910e-01 9.009250998497009277e-01
1.484531402587890625e+01 -2.333292007446289062e+00 1.630586242675781250e+01 9.256291389465332031e-02 4.130235016345977783e-01 1.228752955794334412e-01 8.976331949234008789e-01
1.482114982604980469e+01 -2.352472782135009766e+00 1.647202682495117188e+01 1.002172008156776428e-01 4.171043932437896729e-01 1.174006834626197815e-01 8.956547975540161133e-01
1.478331375122070312e+01 -2.351806163787841797e+00 1.666540336608886719e+01 1.090224385261535645e-01 4.225729107856750488e-01 1.104397922754287720e-01 8.929441571235656738e-01
1.471844482421875000e+01 -2.350680351257324219e+00 1.689210700988769531e+01 1.182207837700843811e-01 4.307222962379455566e-01 1.028146818280220032e-01 8.887807726860046387e-01
1.470652103424072266e+01 -2.357703685760498047e+00 1.707332611083984375e+01 1.263314485549926758e-01 4.354940950870513916e-01 9.655923396348953247e-02 8.860369920730590820e-01
1.465147113800048828e+01 -2.355142593383789062e+00 1.729016113281250000e+01 1.354186534881591797e-01 4.436538815498352051e-01 8.878088742494583130e-02 8.814482688903808594e-01
1.462374877929687500e+01 -2.319404840469360352e+00 1.751711082458496094e+01 1.463643610477447510e-01 4.507409334182739258e-01 8.131823688745498657e-02 8.768109083175659180e-01
1.460151290893554688e+01 -2.330550432205200195e+00 1.769565200805664062e+01 1.537362784147262573e-01 4.562234282493591309e-01 7.546280324459075928e-02 8.732300400733947754e-01
1.455140209197998047e+01 -2.320185661315917969e+00 1.790253829956054688e+01 1.618552505970001221e-01 4.630290567874908447e-01 6.825429946184158325e-02 8.687624931335449219e-01
1.452458190917968750e+01 -2.327505826950073242e+00 1.805916213989257812e+01 1.687006652355194092e-01 4.666683375835418701e-01 6.324435770511627197e-02 8.658873438835144043e-01
1.447760677337646484e+01 -2.338230609893798828e+00 1.823510742187500000e+01 1.746098399162292480e-01 4.716374278068542480e-01 5.848800763487815857e-02 8.623507022857666016e-01
1.445451641082763672e+01 -2.319761991500854492e+00 1.842484283447265625e+01 1.809664517641067505e-01 4.747321903705596924e-01 5.430144444108009338e-02 8.596114516258239746e-01
1.445335578918457031e+01 -2.265182018280029297e+00 1.860618591308593750e+01 1.880562603473663330e-01 4.768051505088806152e-01 4.905536025762557983e-02 8.572544455528259277e-01
1.441544437408447266e+01 -2.276975154876708984e+00 1.874876785278320312e+01 1.919853091239929199e-01 4.787889122962951660e-01 4.578638076782226562e-02 8.554568290710449219e-01
1.443509864807128906e+01 -2.261010169982910156e+00 1.889608764648437500e+01 1.964491754770278931e-01 4.782548546791076660e-01 4.365490004420280457e-02 8.548533320426940918e-01
1.441326236724853516e+01 -2.253388881683349609e+00 1.904886245727539062e+01 1.996041685342788696e-01 4.789605736732482910e-01 4.113816842436790466e-02 8.538516163825988770e-01
1.439257717132568359e+01 -2.234689235687255859e+00 1.919533157348632812e+01 2.030331492424011230e-01 4.792016446590423584e-01 3.890740126371383667e-02 8.530120253562927246e-01
1.437020587921142578e+01 -2.241684436798095703e+00 1.932063674926757812e+01 2.046123445034027100e-01 4.788008034229278564e-01 3.761288896203041077e-02 8.529178500175476074e-01
1.437027740478515625e+01 -2.215252876281738281e+00 1.949347496032714844e+01 2.077843397855758667e-01 4.781993031501770020e-01 3.578901290893554688e-02 8.525668382644653320e-01
1.433628654479980469e+01 -2.226200103759765625e+00 1.959207725524902344e+01 2.076703161001205444e-01 4.775055050849914551e-01 3.430166095495223999e-02 8.530445098876953125e-01
1.431810760498046875e+01 -2.207722663879394531e+00 1.970099639892578125e+01 2.085370272397994995e-01 4.759638309478759766e-01 3.327492251992225647e-02 8.537350893020629883e-01
1.430485725402832031e+01 -2.199701786041259766e+00 1.980724143981933594e+01 2.088041007518768311e-01 4.743146300315856934e-01 3.267532587051391602e-02 8.546103239059448242e-01
1.429884910583496094e+01 -2.193370342254638672e+00 1.994419479370117188e+01 2.086946815252304077e-01 4.730396568775177002e-01 3.151351213455200195e-02 8.553870320320129395e-01
1.429369068145751953e+01 -2.193284988403320312e+00 2.005955505371093750e+01 2.078222185373306274e-01 4.717534780502319336e-01 3.117695823311805725e-02 8.563215732574462891e-01
1.427677154541015625e+01 -2.191236972808837891e+00 2.012675857543945312e+01 2.055827230215072632e-01 4.693989455699920654e-01 3.003657981753349304e-02 8.581947684288024902e-01
1.426253509521484375e+01 -2.189595699310302734e+00 2.021473693847656250e+01 2.035420835018157959e-01 4.679778218269348145e-01 2.958082221448421478e-02 8.594721555709838867e-01
1.422185516357421875e+01 -2.192004203796386719e+00 2.026211738586425781e+01 2.004520744085311890e-01 4.663385152816772461e-01 2.776433899998664856e-02 8.611483573913574219e-01
1.421039390563964844e+01 -2.183775901794433594e+00 2.033760070800781250e+01 1.981793642044067383e-01 4.644186198711395264e-01 2.653167396783828735e-02 8.627493381500244141e-01
1.420180130004882812e+01 -2.178194522857666016e+00 2.041369628906250000e+01 1.955154687166213989e-01 4.630089998245239258e-01 2.526839450001716614e-02 8.641515970230102539e-01
1.419904708862304688e+01 -2.163763999938964844e+00 2.050183677673339844e+01 1.930606216192245483e-01 4.621095359325408936e-01 2.377660572528839111e-02 8.652266263961791992e-01
1.418275260925292969e+01 -2.159426689147949219e+00 2.056179809570312500e+01 1.898529231548309326e-01 4.610438346862792969e-01 2.222011052072048187e-02 8.665453195571899414e-01
1.418293476104736328e+01 -2.155572414398193359e+00 2.061264419555664062e+01 1.858075708150863647e-01 4.596797525882720947e-01 2.076226286590099335e-02 8.681814670562744141e-01
1.418863010406494141e+01 -2.153772354125976562e+00 2.062996292114257812e+01 1.816649585962295532e-01 4.570342898368835449e-01 1.991550996899604797e-02 8.704717159271240234e-01
1.418331336975097656e+01 -2.135129928588867188e+00 2.073006439208984375e+01 1.788600683212280273e-01 4.585040211677551270e-01 1.755183376371860504e-02 8.703304529190063477e-01
1.417619132995605469e+01 -2.135725975036621094e+00 2.077025222778320312e+01 1.738096773624420166e-01 4.577817618846893311e-01 1.644329167902469635e-02 8.717544078826904297e-01
1.415241050720214844e+01 -2.130636692047119141e+00 2.079260253906250000e+01 1.681033819913864136e-01 4.582917988300323486e-01 1.413763221353292465e-02 8.726454377174377441e-01
1.416802692413330078e+01 -2.135749816894531250e+00 2.082131576538085938e+01 1.619297415018081665e-01 4.567352235317230225e-01 1.294821314513683319e-02 8.746451139450073242e-01
1.415871715545654297e+01 -2.141980171203613281e+00 2.080534744262695312e+01 1.547355353832244873e-01 4.550962448120117188e-01 1.248983293771743774e-02 8.768057823181152344e-01
1.411587142944335938e+01 -2.141332626342773438e+00 2.082592391967773438e+01 1.471361368894577026e-01 4.571430981159210205e-01 1.002544444054365158e-02 8.770807981491088867e-01
1.411975288391113281e+01 -2.147613525390625000e+00 2.086176300048828125e+01 1.391541212797164917e-01 4.575428962707519531e-01 9.032045491039752960e-03 8.781850934028625488e-01
1.413995552062988281e+01 -2.118331909179687500e+00 2.090988159179687500e+01 1.337727606296539307e-01 4.572101533412933350e-01 1.045734249055385590e-02 8.791782259941101074e-01
1.413683032989501953e+01 -2.123014450073242188e+00 2.091543579101562500e+01 1.247660815715789795e-01 4.564512670040130615e-01 1.088899467140436172e-02 8.808899521827697754e-01
1.414822769165039062e+01 -2.116926670074462891e+00 2.090427398681640625e+01 1.154205948114395142e-01 4.545312225818634033e-01 1.146676763892173767e-02 8.831465840339660645e-01
1.414156913757324219e+01 -2.111663818359375000e+00 2.091896820068359375e+01 1.051065847277641296e-01 4.546554684638977051e-01 1.141962967813014984e-02 8.843701481819152832e-01
1.413825416564941406e+01 -2.112835168838500977e+00 2.093119812011718750e+01 9.383269399404525757e-02 4.539693295955657959e-01 1.299885660409927368e-02 8.859674334526062012e-01
1.413494300842285156e+01 -2.108797073364257812e+00 2.093072319030761719e+01 8.191815018653869629e-02 4.527834057807922363e-01 1.474764198064804077e-02 8.877269625663757324e-01
1.414307403564453125e+01 -2.114933967590332031e+00 2.092294311523437500e+01 6.817554682493209839e-02 4.504499435424804688e-01 1.741160452365875244e-02 8.900246024131774902e-01
1.413108444213867188e+01 -2.111381292343139648e+00 2.094948577880859375e+01 5.502802133560180664e-02 4.499324858188629150e-01 2.054450847208499908e-02 8.911288380622863770e-01
1.413849830627441406e+01 -2.111116647720336914e+00 2.095117568969726562e+01 3.970141708850860596e-02 4.466373622417449951e-01 2.428065240383148193e-02 8.935039639472961426e-01
1.412160301208496094e+01 -2.079576015472412109e+00 2.099374771118164062e+01 2.605800889432430267e-02 4.454018473625183105e-01 2.764493227005004883e-02 8.945243954658508301e-01
1.412861251831054688e+01 -2.094794750213623047e+00 2.100453567504882812e+01 7.755838800221681595e-03 4.407644867897033691e-01 3.443793579936027527e-02 8.969284296035766602e-01
1.411042594909667969e+01 -2.064616203308105469e+00 2.105428123474121094e+01 -7.494298275560140610e-03 4.383060932159423828e-01 3.986005485057830811e-02 8.979102373123168945e-01
1.410090923309326172e+01 -2.084239244461059570e+00 2.110649108886718750e+01 -2.698463946580886841e-02 4.347532987594604492e-01 4.769893735647201538e-02 8.988805413246154785e-01
1.409116363525390625e+01 -2.080098867416381836e+00 2.115774345397949219e+01 -4.539841413497924805e-02 4.306465983390808105e-01 5.483831837773323059e-02 8.997084498405456543e-01
1.408378887176513672e+01 -2.064893484115600586e+00 2.121822929382324219e+01 -6.358201801776885986e-02 4.263257086277008057e-01 6.233597546815872192e-02 9.001765847206115723e-01
1.409991645812988281e+01 -2.060901641845703125e+00 2.125309753417968750e+01 -8.318365365266799927e-02 4.187263548374176025e-01 7.024671137332916260e-02 9.015620350837707520e-01
1.409119033813476562e+01 -2.054223537445068359e+00 2.132366943359375000e+01 -1.017713397741317749e-01 4.138283431529998779e-01 7.816077023744583130e-02 9.012655615806579590e-01
1.408122730255126953e+01 -2.040074825286865234e+00 2.139794349670410156e+01 -1.196834594011306763e-01 4.089607000350952148e-01 8.544487506151199341e-02 9.006254673004150391e-01
1.407576656341552734e+01 -2.038716793060302734e+00 2.148000907897949219e+01 -1.379621773958206177e-01 4.038282036781311035e-01 9.311489015817642212e-02 8.995659351348876953e-01
1.406272888183593750e+01 -2.026277542114257812e+00 2.156958198547363281e+01 -1.545772850513458252e-01 3.994598984718322754e-01 9.994563460350036621e-02 8.980804681777954102e-01
1.405606460571289062e+01 -2.020134925842285156e+00 2.166930007934570312e+01 -1.710010915994644165e-01 3.951492309570312500e-01 1.066120490431785583e-01 8.962419033050537109e-01
1.403792572021484375e+01 -2.001425743103027344e+00 2.177296638488769531e+01 -1.850092262029647827e-01 3.919920325279235840e-01 1.122472211718559265e-01 8.941556811332702637e-01
1.402664184570312500e+01 -1.990427970886230469e+00 2.188914108276367188e+01 -1.990989893674850464e-01 3.890756070613861084e-01 1.173505783081054688e-01 8.917446732521057129e-01
1.401386165618896484e+01 -1.973971366882324219e+00 2.199801826477050781e+01 -2.104034721851348877e-01 3.865680396556854248e-01 1.218202933669090271e-01 8.896377086639404297e-01
1.400237846374511719e+01 -1.978119850158691406e+00 2.214542388916015625e+01 -2.222115546464920044e-01 3.861375749111175537e-01 1.261921525001525879e-01 8.863381147384643555e-01
1.398760604858398438e+01 -1.968640327453613281e+00 2.227909278869628906e+01 -2.307231575250625610e-01 3.863062262535095215e-01 1.288888603448867798e-01 8.836979269981384277e-01
1.397369194030761719e+01 -1.944008827209472656e+00 2.242349433898925781e+01 -2.373433560132980347e-01 3.874659538269042969e-01 1.296447515487670898e-01 8.813230991363525391e-01
1.396324634552001953e+01 -1.940263748168945312e+00 2.257221984863281250e+01 -2.424296438694000244e-01 3.896206915378570557e-01 1.303486526012420654e-01 8.788815736770629883e-01
1.394009208679199219e+01 -1.915893554687500000e+00 2.273110389709472656e+01 -2.440160065889358521e-01 3.941742479801177979e-01 1.283001601696014404e-01 8.767108321189880371e-01
1.393428325653076172e+01 -1.911340713500976562e+00 2.290605545043945312e+01 -2.443114072084426880e-01 3.997741341590881348e-01 1.263663917779922485e-01 8.743706941604614258e-01
1.391209411621093750e+01 -1.876127243041992188e+00 2.306912231445312500e+01 -2.402721196413040161e-01 4.064130783081054688e-01 1.203962117433547974e-01 8.732711076736450195e-01
1.386357498168945312e+01 -1.843272209167480469e+00 2.314498138427734375e+01 -2.319939881563186646e-01 4.116080999374389648e-01 1.147545576095581055e-01 8.738357424736022949e-01
1.383686351776123047e+01 -1.819139480590820312e+00 2.333435821533203125e+01 -2.244068831205368042e-01 4.218435287475585938e-01 1.069566607475280762e-01 8.719230890274047852e-01
1.381812286376953125e+01 -1.793748855590820312e+00 2.352942276000976562e+01 -2.142788171768188477e-01 4.329103231430053711e-01 9.826309233903884888e-02 8.700675964355468750e-01
1.385754489898681641e+01 -1.796252250671386719e+00 2.383623886108398438e+01 -2.053226977586746216e-01 4.475600421428680420e-01 9.063034504652023315e-02 8.656319379806518555e-01
1.383853530883789062e+01 -1.764777183532714844e+00 2.403530502319335938e+01 -1.906456202268600464e-01 4.590817093849182129e-01 8.074162155389785767e-02 8.639323115348815918e-01
1.380949020385742188e+01 -1.736690521240234375e+00 2.425708389282226562e+01 -1.753863841295242310e-01 4.722960591316223145e-01 7.019936293363571167e-02 8.609576225280761719e-01
1.381205749511718750e+01 -1.717469215393066406e+00 2.452516937255859375e+01 -1.626003086566925049e-01 4.874652922153472900e-01 5.946870893239974976e-02 8.558049798011779785e-01
1.378194332122802734e+01 -1.712236404418945312e+00 2.472472763061523438e+01 -1.465867906808853149e-01 4.975766539573669434e-01 5.108881369233131409e-02 8.534165024757385254e-01
1.376231384277343750e+01 -1.671326160430908203e+00 2.494800949096679688e+01 -1.281699389219284058e-01 5.080985426902770996e-01 4.021152108907699585e-02 8.507592678070068359e-01
1.375420951843261719e+01 -1.662059307098388672e+00 2.521721267700195312e+01 -1.126202046871185303e-01 5.215399861335754395e-01 3.261641785502433777e-02 8.451324701309204102e-01
1.372681236267089844e+01 -1.627138137817382812e+00 2.545106887817382812e+01 -9.499003738164901733e-02 5.308423042297363281e-01 2.283919788897037506e-02 8.418205380439758301e-01
1.372223281860351562e+01 -1.629186153411865234e+00 2.569443893432617188e+01 -8.113690465688705444e-02 5.389862060546875000e-01 1.723334565758705139e-02 8.382205367088317871e-01
1.369887638092041016e+01 -1.587134599685668945e+00 2.598488998413085938e+01 -6.454940885305404663e-02 5.506308674812316895e-01 9.995302185416221619e-03 8.321893215179443359e-01
1.367762279510498047e+01 -1.548131346702575684e+00 2.625301742553710938e+01 -4.920720309019088745e-02 5.579670667648315430e-01 4.022792447358369827e-03 8.283931612968444824e-01
1.366645908355712891e+01 -1.507881402969360352e+00 2.653045654296875000e+01 -3.440245240926742554e-02 5.645366311073303223e-01 -6.593968137167394161e-04 8.246905207633972168e-01
1.364372062683105469e+01 -1.483395099639892578e+00 2.681038856506347656e+01 -2.313592843711376190e-02 5.697498321533203125e-01 -2.474503591656684875e-03 8.214887380599975586e-01
1.362984466552734375e+01 -1.481495380401611328e+00 2.717526817321777344e+01 -1.635666191577911377e-02 5.811859369277954102e-01 9.388930629938840866e-05 8.136063814163208008e-01
1.359799194335937500e+01 -1.524130702018737793e+00 2.746703910827636719e+01 -1.140377111732959747e-02 5.847629904747009277e-01 9.522997774183750153e-03 8.110681176185607910e-01
1.358797073364257812e+01 -1.485847473144531250e+00 2.775132560729980469e+01 -5.510766524821519852e-03 5.870156288146972656e-01 1.277465187013149261e-02 8.094560503959655762e-01
1.356841754913330078e+01 -1.468004941940307617e+00 2.800501823425292969e+01 -3.778324462473392487e-03 5.851600766181945801e-01 2.002860419452190399e-02 8.106616139411926270e-01
