0.000000000000000000e+00 0.000000000000000000e+00 0.000000000000000000e+00 0.000000000000000000e+00 0.000000000000000000e+00 0.000000000000000000e+00 1.000000000000000000e+00
-1.875131428241729736e-01 9.365373849868774414e-02 -7.382655516266822815e-03 3.650518134236335754e-03 1.338419504463672638e-02 6.119157653301954269e-03 9.998850822448730469e-01
-3.225748240947723389e-01 1.652246564626693726e-01 -3.903909400105476379e-02 1.999238505959510803e-03 2.046254090964794159e-02 1.271194033324718475e-02 9.997078180313110352e-01
-4.820640087127685547e-01 2.786399126052856445e-01 -1.145509779453277588e-01 4.444555845111608505e-03 3.350466489791870117e-02 2.430361323058605194e-02 9.991331696510314941e-01
-5.575781464576721191e-01 2.895514667034149170e-01 -7.496538013219833374e-02 2.227873075753450394e-03 3.094001673161983490e-02 1.723949424922466278e-02 9.993700385093688965e-01
-6.375178694725036621e-01 4.526134729385375977e-01 -4.646346345543861389e-02 8.388377726078033447e-03 3.012594953179359436e-02 3.437298163771629333e-02 9.989196658134460449e-01
-7.302988767623901367e-01 4.083018004894256592e-01 -1.966839283704757690e-02 5.331374704837799072e-03 3.446029499173164368e-02 2.068608254194259644e-02 9.991777539253234863e-01
-8.313103914260864258e-01 5.038272738456726074e-01 -1.215341687202453613e-02 9.488259442150592804e-03 3.945204615592956543e-02 2.823083288967609406e-02 9.987775087356567383e-01
-8.324913978576660156e-01 4.895737767219543457e-01 4.068725556135177612e-02 6.155276671051979065e-03 3.404479101300239563e-02 2.431385405361652374e-02 9.991055727005004883e-01
-8.399817943572998047e-01 6.250032782554626465e-01 1.020737215876579285e-01 1.751893572509288788e-02 3.002762980759143829e-02 3.121218644082546234e-02 9.989079833030700684e-01
-8.525553345680236816e-01 5.031840801239013672e-01 1.167556792497634888e-01 7.331332191824913025e-03 3.078620694577693939e-02 2.067158371210098267e-02 9.992853403091430664e-01
-8.634688854217529297e-01 5.220323204994201660e-01 1.755979061126708984e-01 1.099635008722543716e-02 2.907804213464260101e-02 1.966791041195392609e-02 9.993231296539306641e-01
-8.768001198768615723e-01 5.354364514350891113e-01 2.241034060716629028e-01 1.483599096536636353e-02 2.822815440595149994e-02 1.815617270767688751e-02 9.993264675140380859e-01
-8.790314197540283203e-01 5.319787263870239258e-01 2.506153583526611328e-01 1.648674346506595612e-02 2.679037116467952728e-02 1.727449707686901093e-02 9.993558526039123535e-01
-8.814972639083862305e-01 5.336375832557678223e-01 2.825228869915008545e-01 1.965006440877914429e-02 2.556679211556911469e-02 1.661578379571437836e-02 9.993418455123901367e-01
-8.820316791534423828e-01 5.378701686859130859e-01 3.163526356220245361e-01 2.432941272854804993e-02 2.388839796185493469e-02 1.554703805595636368e-02 9.992976188659667969e-01
-8.880569338798522949e-01 5.408720374107360840e-01 3.356286883354187012e-01 2.889767661690711975e-02 2.321925386786460876e-02 1.531925145536661148e-02 9.991952180862426758e-01
-8.876072168350219727e-01 5.521097779273986816e-01 3.532282710075378418e-01 3.634520620107650757e-02 2.279376052320003510e-02 1.441644225269556046e-02 9.989752769470214844e-01
-8.875367641448974609e-01 5.487227439880371094e-01 3.637215793132781982e-01 4.026363417506217957e-02 2.135307714343070984e-02 1.454358454793691635e-02 9.988550543785095215e-01
-8.901473879814147949e-01 5.584018826484680176e-01 3.732011318206787109e-01 4.758481308817863464e-02 2.115191519260406494e-02 1.416543312370777130e-02 9.985427856445312500e-01
-9.026755094528198242e-01 5.520949959754943848e-01 3.821606636047363281e-01 5.415615066885948181e-02 2.103450894355773926e-02 1.603776961565017700e-02 9.981820583343505859e-01
-8.917210698127746582e-01 5.442644953727722168e-01 3.761085867881774902e-01 5.859364941716194153e-02 1.828825473785400391e-02 1.955347880721092224e-02 9.979228377342224121e-01
-8.937529921531677246e-01 5.356707572937011719e-01 3.723083436489105225e-01 6.454855948686599731e-02 1.806006208062171936e-02 2.168005146086215973e-02 9.975155591964721680e-01
-8.925512433052062988e-01 5.414178371429443359e-01 3.855093121528625488e-01 7.321044057607650757e-02 1.646794937551021576e-02 2.362600341439247131e-02 9.969006180763244629e-01
-8.935997486114501953e-01 5.429236888885498047e-01 3.963215351104736328e-01 8.105238527059555054e-02 1.515454705804586411e-02 2.626032195985317230e-02 9.962486028671264648e-01
-8.951005935668945312e-01 5.424736142158508301e-01 4.051344990730285645e-01 8.951458334922790527e-02 1.408713031560182571e-02 2.712102048099040985e-02 9.955165386199951172e-01
-8.970311880111694336e-01 5.472545027732849121e-01 4.182804226875305176e-01 9.913644194602966309e-02 1.307893916964530945e-02 2.820844948291778564e-02 9.945879578590393066e-01
-8.969684839248657227e-01 5.452864766120910645e-01 4.404327273368835449e-01 1.080240756273269653e-01 1.114267576485872269e-02 2.991780266165733337e-02 9.936355352401733398e-01
-8.948286771774291992e-01 5.407376885414123535e-01 4.628831148147583008e-01 1.152390614151954651e-01 8.717774413526058197e-03 3.342682123184204102e-02 9.927369356155395508e-01
-9.007602334022521973e-01 5.506182312965393066e-01 4.864999353885650635e-01 1.256953775882720947e-01 6.962595507502555847e-03 3.352761641144752502e-02 9.914777278900146484e-01
-9.060361385345458984e-01 5.504449605941772461e-01 5.052989125251770020e-01 1.333688348531723022e-01 5.639466457068920135e-03 3.524407371878623962e-02 9.904235005378723145e-01
-9.067032337188720703e-01 5.575914382934570312e-01 5.367562174797058105e-01 1.429186314344406128e-01 2.288742223754525185e-03 3.667434677481651306e-02 9.890521168708801270e-01
-9.105172753334045410e-01 5.591639280319213867e-01 5.649706721305847168e-01 1.513572484254837036e-01 -6.664766115136444569e-04 3.774123638868331909e-02 9.877581596374511719e-01
-9.199600815773010254e-01 5.652438998222351074e-01 6.005448102951049805e-01 1.599427759647369385e-01 -3.092986764386296272e-03 3.914775699377059937e-02 9.863448739051818848e-01
-9.139248728752136230e-01 5.610626935958862305e-01 6.382799148559570312e-01 1.665349751710891724e-01 -8.655694313347339630e-03 3.909379988908767700e-02 9.852222204208374023e-01
-9.185395836830139160e-01 5.642049908638000488e-01 6.790838241577148438e-01 1.743871122598648071e-01 -1.300666015595197678e-02 3.885368630290031433e-02 9.838243722915649414e-01
-9.226885437965393066e-01 5.704054236412048340e-01 7.205746769905090332e-01 1.818957030773162842e-01 -1.821813173592090607e-02 3.889843076467514038e-02 9.823792576789855957e-01
-9.282251596450805664e-01 5.827848911285400391e-01 7.709902524948120117e-01 1.899605542421340942e-01 -2.418113313615322113e-02 3.870334848761558533e-02 9.807304739952087402e-01
-9.349645376205444336e-01 5.955814123153686523e-01 8.173410892486572266e-01 1.973291784524917603e-01 -3.005263954401016235e-02 3.730077669024467468e-02 9.791663289070129395e-01
-9.345999956130981445e-01 5.953634381294250488e-01 8.717299103736877441e-01 2.021992057561874390e-01 -3.572936356067657471e-02 3.163163736462593079e-02 9.781811237335205078e-01
-9.415761232376098633e-01 6.020990610122680664e-01 9.391640424728393555e-01 2.074131667613983154e-01 -4.308789223432540894e-02 2.848879620432853699e-02 9.768887758255004883e-01
-9.392023682594299316e-01 6.095768809318542480e-01 9.935767650604248047e-01 2.128673791885375977e-01 -5.152401328086853027e-02 2.403059601783752441e-02 9.754257202148437500e-01
-9.603071808815002441e-01 6.556966304779052734e-01 1.072659730911254883e+00 2.230231463909149170e-01 -5.874055251479148865e-02 2.143290266394615173e-02 9.728056788444519043e-01
-9.650726914405822754e-01 6.625125408172607422e-01 1.147877454757690430e+00 2.291336655616760254e-01 -6.782023608684539795e-02 1.628565415740013123e-02 9.708928465843200684e-01
-9.658732414245605469e-01 6.546387672424316406e-01 1.163096308708190918e+00 2.265198528766632080e-01 -7.554148137569427490e-02 1.052269339561462402e-02 9.710156917572021484e-01
-9.533637762069702148e-01 6.711065769195556641e-01 1.232254743576049805e+00 2.300552576780319214e-01 -8.643990010023117065e-02 3.863616613671183586e-03 9.693233966827392578e-01
-9.775723814964294434e-01 6.781617403030395508e-01 1.320194244384765625e+00 2.349610179662704468e-01 -9.451216459274291992e-02 -1.762634376063942909e-03 9.673973321914672852e-01
-9.880626201629638672e-01 6.875010132789611816e-01 1.386353373527526855e+00 2.362022697925567627e-01 -1.040304824709892273e-01 -5.970539059489965439e-03 9.661006927490234375e-01
-1.000230193138122559e+00 6.943854093551635742e-01 1.461229920387268066e+00 2.378660589456558228e-01 -1.125052049756050110e-01 -1.208616793155670166e-02 9.646845459938049316e-01
-1.015950918197631836e+00 7.258126139640808105e-01 1.527649760246276855e+00 2.422675788402557373e-01 -1.204031109809875488e-01 -1.650369167327880859e-02 9.625679850578308105e-01
-1.032869100570678711e+00 7.384768128395080566e-01 1.615137338638305664e+00 2.460645884275436401e-01 -1.286047846078872681e-01 -2.214110456407070160e-02 9.604284763336181641e-01
-1.042405366897583008e+00 7.412860393524169922e-01 1.693008303642272949e+00 2.473422586917877197e-01 -1.375107318162918091e-01 -2.710570394992828369e-02 9.587376713752746582e-01
-1.050785899162292480e+00 7.451291084289550781e-01 1.780272722244262695e+00 2.505367994308471680e-01 -1.464785337448120117e-01 -3.349131718277931213e-02 9.563753008842468262e-01
-1.052106618881225586e+00 7.509886026382446289e-01 1.863082766532897949e+00 2.534242272377014160e-01 -1.557509750127792358e-01 -3.976623713970184326e-02 9.539058804512023926e-01
-1.080151438713073730e+00 7.290422320365905762e-01 1.949810981750488281e+00 2.536266744136810303e-01 -1.624780893325805664e-01 -4.371999949216842651e-02 9.525560140609741211e-01
-1.097781419754028320e+00 7.179219722747802734e-01 1.961287856101989746e+00 2.502837181091308594e-01 -1.691668629646301270e-01 -4.586122930049896240e-02 9.521750807762145996e-01
-1.132709980010986328e+00 6.865922212600708008e-01 2.030274629592895508e+00 2.486826330423355103e-01 -1.724568903446197510e-01 -4.985817149281501770e-02 9.518033862113952637e-01
-1.176895499229431152e+00 6.725984811782836914e-01 2.092691898345947266e+00 2.486171573400497437e-01 -1.736110299825668335e-01 -5.217486619949340820e-02 9.514864683151245117e-01
-1.153674364089965820e+00 6.693856120109558105e-01 2.185240030288696289e+00 2.521345913410186768e-01 -1.848157197237014771e-01 -5.737571790814399719e-02 9.481452107429504395e-01
-1.173743367195129395e+00 6.445224285125732422e-01 2.253705978393554688e+00 2.511041462421417236e-01 -1.889993399381637573e-01 -5.955079942941665649e-02 9.474595785140991211e-01
-1.176504969596862793e+00 6.308447122573852539e-01 2.340849161148071289e+00 2.532167434692382812e-01 -1.944932341575622559e-01 -6.419153511524200439e-02 9.454803466796875000e-01
-1.197884678840637207e+00 6.190186738967895508e-01 2.378470420837402344e+00 2.523967325687408447e-01 -1.973753571510314941e-01 -6.340420246124267578e-02 9.451554417610168457e-01
-1.242363333702087402e+00 5.880807042121887207e-01 2.438824415206909180e+00 2.506538629531860352e-01 -1.951339840888977051e-01 -6.410156935453414917e-02 9.460371732711791992e-01
-1.251338601112365723e+00 5.785065889358520508e-01 2.522208929061889648e+00 2.527915835380554199e-01 -1.989819705486297607e-01 -6.481666862964630127e-02 9.446170926094055176e-01
-1.248643159866333008e+00 5.495136976242065430e-01 2.602115631103515625e+00 2.525077760219573975e-01 -2.022948116064071655e-01 -6.711158156394958496e-02 9.438287019729614258e-01
-1.284264326095581055e+00 5.435595512390136719e-01 2.665661334991455078e+00 2.534770965576171875e-01 -2.005126029253005981e-01 -6.543648988008499146e-02 9.440668225288391113e-01
-1.299594759941101074e+00 5.282626152038574219e-01 2.734404325485229492e+00 2.543715834617614746e-01 -2.014315724372863770e-01 -6.437009572982788086e-02 9.437038302421569824e-01
-1.323742151260375977e+00 5.072757005691528320e-01 2.775279760360717773e+00 2.526712715625762939e-01 -1.998342722654342651e-01 -6.220881268382072449e-02 9.446446895599365234e-01
-1.327681422233581543e+00 4.830712080001831055e-01 2.849628925323486328e+00 2.525054216384887695e-01 -2.007455974817276001e-01 -6.149985641241073608e-02 9.445422291755676270e-01
-1.351812481880187988e+00 4.584475755691528320e-01 2.919060945510864258e+00 2.521556913852691650e-01 -1.972673237323760986e-01 -6.122033670544624329e-02 9.453862309455871582e-01
-1.357595682144165039e+00 4.431506395339965820e-01 2.995554924011230469e+00 2.526254355907440186e-01 -1.960927993059158325e-01 -5.890465155243873596e-02 9.456523060798645020e-01
-1.376908063888549805e+00 4.110167026519775391e-01 3.051919937133789062e+00 2.513809502124786377e-01 -1.920315772294998169e-01 -5.884402990341186523e-02 9.468203783035278320e-01
-1.389087915420532227e+00 3.847715854644775391e-01 3.111309528350830078e+00 2.501679062843322754e-01 -1.891805976629257202e-01 -5.710801109671592712e-02 9.478213787078857422e-01
-1.400192975997924805e+00 3.663589954376220703e-01 3.182828664779663086e+00 2.503584921360015869e-01 -1.845463514328002930e-01 -5.519664287567138672e-02 9.487974047660827637e-01
-1.413183450698852539e+00 3.477110862731933594e-01 3.237332344055175781e+00 2.497193068265914917e-01 -1.808090806007385254e-01 -5.181235074996948242e-02 9.498757123947143555e-01
-1.423977971076965332e+00 3.236151933670043945e-01 3.297875404357910156e+00 2.484911680221557617e-01 -1.762061119079589844e-01 -4.907064884901046753e-02 9.512073993682861328e-01
-1.431653976440429688e+00 3.027654886245727539e-01 3.356786727905273438e+00 2.473030239343643188e-01 -1.711901873350143433e-01 -4.553655162453651428e-02 9.526077508926391602e-01
-1.442259907722473145e+00 2.768296003341674805e-01 3.420116424560546875e+00 2.463145554065704346e-01 -1.660494357347488403e-01 -4.126172885298728943e-02 9.539675712585449219e-01
-1.458153605461120605e+00 2.552137374877929688e-01 3.486308813095092773e+00 2.451725751161575317e-01 -1.602189540863037109e-01 -3.576134890317916870e-02 9.554796814918518066e-01
-1.467577815055847168e+00 2.240076065063476562e-01 3.551200866699218750e+00 2.431947141885757446e-01 -1.547036319971084595e-01 -3.113012202084064484e-02 9.570548534393310547e-01
-1.489423513412475586e+00 2.049332857131958008e-01 3.609873056411743164e+00 2.430547028779983521e-01 -1.474203169345855713e-01 -2.410844340920448303e-02 9.584416747093200684e-01
-1.497278451919555664e+00 1.829277276992797852e-01 3.667340517044067383e+00 2.414077073335647583e-01 -1.410017311573028564e-01 -1.834666728973388672e-02 9.599500894546508789e-01
-1.510011672973632812e+00 1.613636016845703125e-01 3.723095893859863281e+00 2.397199124097824097e-01 -1.335723698139190674e-01 -1.222073100507259369e-02 9.615318179130554199e-01
-1.531272768974304199e+00 1.449536085128784180e-01 3.767231941223144531e+00 2.391223609447479248e-01 -1.256632804870605469e-01 -4.852722398936748505e-03 9.628113508224487305e-01
-1.528226256370544434e+00 1.252663135528564453e-01 3.815187454223632812e+00 2.375219613313674927e-01 -1.201904565095901489e-01 1.665411982685327530e-03 9.639163613319396973e-01
-1.540466189384460449e+00 1.044338941574096680e-01 3.870201110839843750e+00 2.370567321777343750e-01 -1.133288592100143433e-01 1.023707259446382523e-02 9.648087024688720703e-01
-1.565605521202087402e+00 8.656692504882812500e-02 3.937935829162597656e+00 2.364410758018493652e-01 -1.034684777259826660e-01 1.696066930890083313e-02 9.659721851348876953e-01
-1.570258140563964844e+00 7.248353958129882812e-02 3.982020378112792969e+00 2.352519035339355469e-01 -9.769044816493988037e-02 2.394241839647293091e-02 9.667160511016845703e-01
-1.570730686187744141e+00 5.680775642395019531e-02 4.025172710418701172e+00 2.329199016094207764e-01 -9.078953415155410767e-02 2.873154543340206146e-02 9.678223133087158203e-01
-1.585500717163085938e+00 4.202985763549804688e-02 4.073537349700927734e+00 2.319081127643585205e-01 -8.459761738777160645e-02 3.654691576957702637e-02 9.683626294136047363e-01
-1.603128671646118164e+00 2.570509910583496094e-02 4.134245872497558594e+00 2.313728183507919312e-01 -7.893902808427810669e-02 4.405337572097778320e-02 9.686560630798339844e-01
-1.644285321235656738e+00 -7.338285446166992188e-03 4.155295848846435547e+00 2.265251725912094116e-01 -7.422635704278945923e-02 5.912538617849349976e-02 9.693714380264282227e-01
-1.696202278137207031e+00 2.933382987976074219e-03 4.120908260345458984e+00 2.251552045345306396e-01 -6.785371154546737671e-02 6.886757910251617432e-02 9.695144891738891602e-01
-1.686084628105163574e+00 1.033890247344970703e-02 4.077765941619873047e+00 2.214472293853759766e-01 -7.104730606079101562e-02 7.277449965476989746e-02 9.698542356491088867e-01
-1.701533555984497070e+00 9.644031524658203125e-03 4.036557197570800781e+00 2.184533029794692993e-01 -6.852076202630996704e-02 8.113261312246322632e-02 9.700518250465393066e-01
-1.732063531875610352e+00 2.399289608001708984e-02 4.000082492828369141e+00 2.185238599777221680e-01 -6.234750896692276001e-02 8.718190342187881470e-02 9.699275493621826172e-01
-1.750566363334655762e+00 5.032193660736083984e-02 3.965451002120971680e+00 2.194926589727401733e-01 -5.791826546192169189e-02 8.799653500318527222e-02 9.699098467826843262e-01
-1.772164940834045410e+00 5.185747146606445312e-02 3.920052528381347656e+00 2.172813564538955688e-01 -5.435939878225326538e-02 9.493997693061828613e-02 9.699589014053344727e-01
-1.796261191368103027e+00 6.062448024749755859e-02 3.878506183624267578e+00 2.158262282609939575e-01 -5.107500404119491577e-02 9.980504214763641357e-02 9.699738621711730957e-01
-1.816006064414978027e+00 6.575465202331542969e-02 3.833141565322875977e+00 2.146811634302139282e-01 -4.919428378343582153e-02 1.046273633837699890e-01 9.698169827461242676e-01
-1.799563646316528320e+00 8.880162239074707031e-02 3.822695732116699219e+00 2.161064445972442627e-01 -5.158733949065208435e-02 1.023910492658615112e-01 9.696147441864013672e-01
-1.793480038642883301e+00 1.014324426651000977e-01 3.793593883514404297e+00 2.157122343778610229e-01 -5.458606407046318054e-02 1.019451394677162170e-01 9.695853590965270996e-01
-1.788654923439025879e+00 1.056476831436157227e-01 3.761043310165405273e+00 2.144674807786941528e-01 -5.755314230918884277e-02 1.044939011335372925e-01 9.694185256958007812e-01
-1.770812034606933594e+00 1.372174024581909180e-01 3.731439828872680664e+00 2.159241586923599243e-01 -6.483568996191024780e-02 9.857127815485000610e-02 9.692558050155639648e-01
-1.768045306205749512e+00 1.718620061874389648e-01 3.705467700958251953e+00 2.186012417078018188e-01 -6.828857958316802979e-02 9.146305173635482788e-02 9.691154360771179199e-01
-1.760859966278076172e+00 1.811398267745971680e-01 3.666514873504638672e+00 2.186081409454345703e-01 -7.429327070713043213e-02 9.319832921028137207e-02 9.685065746307373047e-01
-1.804107189178466797e+00 1.905297040939331055e-01 3.602504491806030273e+00 2.189165949821472168e-01 -7.297246903181076050e-02 9.628693759441375732e-02 9.682351946830749512e-01
-1.741737127304077148e+00 2.170026302337646484e-01 3.601686954498291016e+00 2.205512672662734985e-01 -8.493191748857498169e-02 8.651782572269439697e-02 9.678111076354980469e-01
-1.803547501564025879e+00 2.482261657714843750e-01 3.538547992706298828e+00 2.236239463090896606e-01 -8.228722214698791504e-02 8.460869640111923218e-02 9.675032496452331543e-01
-1.949980020523071289e+00 3.275640010833740234e-01 3.399965763092041016e+00 2.301959693431854248e-01 -7.074104249477386475e-02 7.795500755310058594e-02 9.674339890480041504e-01
-2.040646553039550781e+00 3.405532836914062500e-01 3.303671360015869141e+00 2.295037955045700073e-01 -6.565545499324798584e-02 7.828813791275024414e-02 9.679298996925354004e-01
-2.074880599975585938e+00 3.631047010421752930e-01 3.247211694717407227e+00 2.315319925546646118e-01 -6.705473363399505615e-02 7.687275111675262451e-02 9.674643278121948242e-01
-2.091785669326782227e+00 4.041286706924438477e-01 3.186625719070434570e+00 2.352323979139328003e-01 -7.094399631023406982e-02 7.532456517219543457e-02 9.664154648780822754e-01
-2.100627660751342773e+00 4.496068954467773438e-01 3.149533987045288086e+00 2.407626062631607056e-01 -7.541587948799133301e-02 7.417605817317962646e-02 9.648024439811706543e-01
-2.115029335021972656e+00 4.802441596984863281e-01 3.116451263427734375e+00 2.446573227643966675e-01 -7.846084982156753540e-02 7.119452208280563354e-02 9.638039469718933105e-01
-2.137739896774291992e+00 5.387297868728637695e-01 3.081080436706542969e+00 2.515894472599029541e-01 -8.208914846181869507e-02 6.961406767368316650e-02 9.618305563926696777e-01
-2.143950462341308594e+00 5.582990646362304688e-01 3.029950618743896484e+00 2.546833157539367676e-01 -8.529143035411834717e-02 6.733574718236923218e-02 9.608994126319885254e-01
-2.152240514755249023e+00 5.956691503524780273e-01 2.989250898361206055e+00 2.589960992336273193e-01 -8.820455521345138550e-02 6.331926584243774414e-02 9.597560167312622070e-01
-2.143546819686889648e+00 6.380828619003295898e-01 2.952236175537109375e+00 2.642535567283630371e-01 -9.283705800771713257e-02 5.993963032960891724e-02 9.581015706062316895e-01
-2.151679992675781250e+00 6.757770776748657227e-01 2.897953271865844727e+00 2.689230144023895264e-01 -9.670799970626831055e-02 5.896333977580070496e-02 9.564785957336425781e-01
-2.156994581222534180e+00 7.074106931686401367e-01 2.863785743713378906e+00 2.741242051124572754e-01 -9.932285547256469727e-02 5.517081916332244873e-02 9.549592137336730957e-01
-2.152824878692626953e+00 7.385407686233520508e-01 2.833544731140136719e+00 2.796697318553924561e-01 -1.024742126464843750e-01 5.198459699749946594e-02 9.531953930854797363e-01
-2.156175374984741211e+00 7.762385606765747070e-01 2.789467096328735352e+00 2.847573757171630859e-01 -1.054841279983520508e-01 4.920400679111480713e-02 9.515068531036376953e-01
-2.159578800201416016e+00 8.060332536697387695e-01 2.768357515335083008e+00 2.906735241413116455e-01 -1.077333837747573853e-01 4.749573394656181335e-02 9.495507478713989258e-01
-2.158167600631713867e+00 8.299272060394287109e-01 2.729418277740478516e+00 2.953079342842102051e-01 -1.104794070124626160e-01 4.487175494432449341e-02 9.479314684867858887e-01
-2.158002614974975586e+00 8.527340888977050781e-01 2.706230163574218750e+00 3.006387054920196533e-01 -1.128884777426719666e-01 4.298593476414680481e-02 9.460574984550476074e-01
-2.168587207794189453e+00 8.671516180038452148e-01 2.668469905853271484e+00 3.047831058502197266e-01 -1.142465919256210327e-01 4.119352251291275024e-02 9.446470141410827637e-01
-2.153639793395996094e+00 8.790227174758911133e-01 2.642085075378417969e+00 3.092534542083740234e-01 -1.177778616547584534e-01 3.921332210302352905e-02 9.428430199623107910e-01
-2.165745258331298828e+00 8.981705904006958008e-01 2.621980190277099609e+00 3.142195940017700195e-01 -1.182861924171447754e-01 3.684901073575019836e-02 9.412314295768737793e-01
-2.165417909622192383e+00 9.085537195205688477e-01 2.604439735412597656e+00 3.188661932945251465e-01 -1.201950684189796448e-01 3.452360257506370544e-02 9.395135045051574707e-01
-2.172713041305541992e+00 9.169937372207641602e-01 2.594832897186279297e+00 3.238989710807800293e-01 -1.210086941719055176e-01 3.254541754722595215e-02 9.377564191818237305e-01
-2.167252302169799805e+00 9.236607551574707031e-01 2.576173543930053711e+00 3.277968764305114746e-01 -1.233942806720733643e-01 3.098604269325733185e-02 9.361425638198852539e-01
-2.152837991714477539e+00 9.361239671707153320e-01 2.573886394500732422e+00 3.327661454677581787e-01 -1.264134049415588379e-01 2.764574624598026276e-02 9.340888857841491699e-01
-2.149242877960205078e+00 9.404555559158325195e-01 2.574634552001953125e+00 3.379309475421905518e-01 -1.284687668085098267e-01 2.499245665967464447e-02 9.320267438888549805e-01
-2.156923770904541016e+00 9.574573040008544922e-01 2.586370944976806641e+00 3.443539738655090332e-01 -1.287323534488677979e-01 2.247419767081737518e-02 9.297006130218505859e-01
-2.153604507446289062e+00 9.539687633514404297e-01 2.548287868499755859e+00 3.457494676113128662e-01 -1.314476728439331055e-01 2.044141478836536407e-02 9.288492202758789062e-01
-2.148512601852416992e+00 9.713244438171386719e-01 2.556306838989257812e+00 3.519805967807769775e-01 -1.335246413946151733e-01 1.675839722156524658e-02 9.262828826904296875e-01
-2.153218507766723633e+00 9.738330841064453125e-01 2.525559425354003906e+00 3.542831540107727051e-01 -1.357134729623794556e-01 1.514807622879743576e-02 9.251139760017395020e-01
-2.139943599700927734e+00 9.849401712417602539e-01 2.507444620132446289e+00 3.579962849617004395e-01 -1.400471627712249756e-01 1.246342808008193970e-02 9.230764508247375488e-01
-2.147644758224487305e+00 9.959142208099365234e-01 2.461297750473022461e+00 3.598621785640716553e-01 -1.424169391393661499e-01 1.087391097098588943e-02 9.220077991485595703e-01
-2.148948907852172852e+00 1.010999083518981934e+00 2.461424827575683594e+00 3.653024137020111084e-01 -1.441906690597534180e-01 7.152863312512636185e-03 9.196259975433349609e-01
-2.149142742156982422e+00 1.028923392295837402e+00 2.440213680267333984e+00 3.695484995841979980e-01 -1.480669528245925903e-01 4.716076422482728958e-03 9.173264503479003906e-01
-2.151762723922729492e+00 1.051747322082519531e+00 2.442807197570800781e+00 3.759586513042449951e-01 -1.500764191150665283e-01 1.373455976136028767e-03 9.144015908241271973e-01
-2.143976211547851562e+00 1.072912931442260742e+00 2.433508396148681641e+00 3.813070952892303467e-01 -1.543400734663009644e-01 -1.146790105849504471e-03 9.114728569984436035e-01
-2.145782470703125000e+00 1.091463923454284668e+00 2.410181999206542969e+00 3.846472799777984619e-01 -1.572597473859786987e-01 -4.974298644810914993e-03 9.095554351806640625e-01
-2.143228530883789062e+00 1.109800696372985840e+00 2.396547555923461914e+00 3.885374367237091064e-01 -1.605107784271240234e-01 -7.599498145282268524e-03 9.073131680488586426e-01
-2.130263805389404297e+00 1.130661725997924805e+00 2.359235763549804688e+00 3.901149928569793701e-01 -1.658200174570083618e-01 -7.695389911532402039e-03 9.056791663169860840e-01
-2.123834609985351562e+00 1.149176597595214844e+00 2.341644525527954102e+00 3.932550251483917236e-01 -1.701885759830474854e-01 -8.839433081448078156e-03 9.034977555274963379e-01
-2.103597402572631836e+00 1.145921707153320312e+00 2.330942630767822266e+00 3.924561440944671631e-01 -1.766193658113479614e-01 -1.053936872631311417e-02 9.025921821594238281e-01
-2.096223354339599609e+00 1.172633767127990723e+00 2.304497718811035156e+00 3.951407074928283691e-01 -1.808482855558395386e-01 -1.098893675953149796e-02 9.005758762359619141e-01
-2.085124731063842773e+00 1.201047658920288086e+00 2.301188945770263672e+00 4.006364643573760986e-01 -1.847804039716720581e-01 -1.303142495453357697e-02 8.973164558410644531e-01
-2.075671911239624023e+00 1.212251186370849609e+00 2.285506963729858398e+00 4.005161523818969727e-01 -1.874635219573974609e-01 -1.381309330463409424e-02 8.968017697334289551e-01
-2.061460256576538086e+00 1.188120603561401367e+00 2.258240699768066406e+00 3.936553895473480225e-01 -1.915621608495712280e-01 -9.909237734973430634e-03 8.990223407745361328e-01
-2.048135757446289062e+00 1.207970857620239258e+00 2.238826036453247070e+00 3.948417901992797852e-01 -1.947856247425079346e-01 -9.984703734517097473e-03 8.978077769279479980e-01
-2.030231714248657227e+00 1.220836400985717773e+00 2.220236539840698242e+00 3.937177360057830811e-01 -1.989138275384902954e-01 -8.127436041831970215e-03 8.974149823188781738e-01
-2.030647993087768555e+00 1.238144397735595703e+00 2.208373546600341797e+00 3.948813080787658691e-01 -1.981171518564224243e-01 -6.343415472656488419e-03 8.970942497253417969e-01
-2.021321535110473633e+00 1.257591962814331055e+00 2.179434299468994141e+00 3.936268687248229980e-01 -1.973298639059066772e-01 -4.607507959008216858e-03 8.978293538093566895e-01
-2.008564472198486328e+00 1.284886121749877930e+00 2.154230117797851562e+00 3.934137523174285889e-01 -1.993199586868286133e-01 -1.285945530980825424e-03 8.974940180778503418e-01
-2.004909276962280273e+00 1.319350481033325195e+00 2.124299526214599609e+00 3.933960199356079102e-01 -1.976147145032882690e-01 3.405732102692127228e-03 8.978732228279113770e-01
-1.996878147125244141e+00 1.365505695343017578e+00 2.093341827392578125e+00 3.935687541961669922e-01 -1.960345804691314697e-01 8.899942971765995026e-03 8.981062769889831543e-01
-1.995277166366577148e+00 1.402181386947631836e+00 2.066479206085205078e+00 3.934980034828186035e-01 -1.937381029129028320e-01 1.494051702320575714e-02 8.985552787780761719e-01
-1.996810436248779297e+00 1.427579641342163086e+00 2.034871816635131836e+00 3.898808658123016357e-01 -1.905030608177185059e-01 2.281849645078182220e-02 9.006557464599609375e-01
-1.993046998977661133e+00 1.485216617584228516e+00 1.991723418235778809e+00 3.887578845024108887e-01 -1.859143525362014771e-01 2.854082733392715454e-02 9.019359946250915527e-01
-1.996426820755004883e+00 1.508971214294433594e+00 1.957302808761596680e+00 3.839366137981414795e-01 -1.818804889917373657e-01 3.830271959304809570e-02 9.044584035873413086e-01
-1.997634768486022949e+00 1.533612489700317383e+00 1.901075720787048340e+00 3.772347271442413330e-01 -1.761669367551803589e-01 4.829741641879081726e-02 9.079242944717407227e-01
-1.995691061019897461e+00 1.553436636924743652e+00 1.859922647476196289e+00 3.709877133369445801e-01 -1.733549386262893677e-01 5.848489329218864441e-02 9.104371070861816406e-01
-1.976850032806396484e+00 1.579977035522460938e+00 1.786984443664550781e+00 3.615982234477996826e-01 -1.690653562545776367e-01 7.111822813749313354e-02 9.141147732734680176e-01
-1.974735140800476074e+00 1.604923367500305176e+00 1.738187551498413086e+00 3.539150953292846680e-01 -1.679399311542510986e-01 8.309538662433624268e-02 9.163162112236022949e-01
-1.981817603111267090e+00 1.647588968276977539e+00 1.673188209533691406e+00 3.485056161880493164e-01 -1.601535379886627197e-01 9.441299736499786377e-02 9.186843037605285645e-01
-1.990092039108276367e+00 1.678323149681091309e+00 1.629529833793640137e+00 3.425092101097106934e-01 -1.525800377130508423e-01 1.028412356972694397e-01 9.213199615478515625e-01
-1.994994997978210449e+00 1.696445703506469727e+00 1.577337503433227539e+00 3.347449302673339844e-01 -1.480530202388763428e-01 1.163675710558891296e-01 9.233009815216064453e-01
-2.004353523254394531e+00 1.723483324050903320e+00 1.535666704177856445e+00 3.308611214160919189e-01 -1.425767391920089722e-01 1.285735666751861572e-01 9.239435195922851562e-01
-2.029079914093017578e+00 1.745715975761413574e+00 1.485036849975585938e+00 3.251003623008728027e-01 -1.364581137895584106e-01 1.434069275856018066e-01 9.247288107872009277e-01
-2.056890726089477539e+00 1.763161778450012207e+00 1.443002581596374512e+00 3.200322687625885010e-01 -1.290075927972793579e-01 1.569207906723022461e-01 9.253714084625244141e-01
-2.101739883422851562e+00 1.760569810867309570e+00 1.384166598320007324e+00 3.111445307731628418e-01 -1.183426082134246826e-01 1.710273921489715576e-01 9.273261427879333496e-01
-2.106892108917236328e+00 1.787376642227172852e+00 1.349178791046142578e+00 3.076994717121124268e-01 -1.156854405999183655e-01 1.797445714473724365e-01 9.271622300148010254e-01
-2.134546995162963867e+00 1.803769946098327637e+00 1.309583187103271484e+00 3.038665354251861572e-01 -1.097269132733345032e-01 1.901377141475677490e-01 9.270775318145751953e-01
-2.190826654434204102e+00 1.826182723045349121e+00 1.276481151580810547e+00 3.014926016330718994e-01 -9.989683330059051514e-02 1.979904770851135254e-01 9.273201227188110352e-01
-2.233087539672851562e+00 1.851920485496520996e+00 1.254066586494445801e+00 3.005388677120208740e-01 -9.268653392791748047e-02 2.037966847419738770e-01 9.271205663681030273e-01
-2.297824382781982422e+00 1.849307298660278320e+00 1.218247771263122559e+00 2.959592640399932861e-01 -8.085072040557861328e-02 2.083246558904647827e-01 9.286937713623046875e-01
-2.335626125335693359e+00 1.847189188003540039e+00 1.202550292015075684e+00 2.966067492961883545e-01 -7.358989864587783813e-02 2.141742408275604248e-01 9.277598857879638672e-01
-2.328081846237182617e+00 1.851873159408569336e+00 1.148869514465332031e+00 2.918101549148559570e-01 -7.586152106523513794e-02 2.170948088169097900e-01 9.284189343452453613e-01
-2.381735086441040039e+00 1.900391459465026855e+00 1.083018541336059570e+00 2.926913201808929443e-01 -7.455773651599884033e-02 2.173387706279754639e-01 9.281900525093078613e-01
-2.314178228378295898e+00 1.911633491516113281e+00 1.065034508705139160e+00 2.910840213298797607e-01 -8.185944706201553345e-02 2.161287516355514526e-01 9.283627867698669434e-01
-2.315166473388671875e+00 1.917854189872741699e+00 1.003615856170654297e+00 2.874503433704376221e-01 -8.404018729925155640e-02 2.180007249116897583e-01 9.288623332977294922e-01
-2.299170255661010742e+00 1.936753153800964355e+00 9.728865623474121094e-01 2.871387004852294922e-01 -8.788922429084777832e-02 2.178724408149719238e-01 9.286325573921203613e-01
-2.263383388519287109e+00 1.936658143997192383e+00 9.415012598037719727e-01 2.853015959262847900e-01 -9.240495413541793823e-02 2.182396799325942993e-01 9.286741614341735840e-01
-2.212551116943359375e+00 1.942247152328491211e+00 9.274513721466064453e-01 2.850894331932067871e-01 -9.898455440998077393e-02 2.174576818943023682e-01 9.282447099685668945e-01
-2.192653417587280273e+00 1.961659669876098633e+00 8.939131498336791992e-01 2.847568392753601074e-01 -1.033416166901588440e-01 2.163288295269012451e-01 9.281356930732727051e-01
-2.182516574859619141e+00 1.950924634933471680e+00 8.421428203582763672e-01 2.803142964839935303e-01 -1.061766073107719421e-01 2.190960496664047241e-01 9.285188913345336914e-01
-2.179616451263427734e+00 1.970745325088500977e+00 8.263522982597351074e-01 2.827394604682922363e-01 -1.084360331296920776e-01 2.187073528766632080e-01 9.276136755943298340e-01
-2.180574417114257812e+00 1.990898609161376953e+00 7.952088117599487305e-01 2.831243574619293213e-01 -1.097060739994049072e-01 2.189270406961441040e-01 9.272950291633605957e-01
-2.162938833236694336e+00 1.978951454162597656e+00 7.523211240768432617e-01 2.788159251213073730e-01 -1.127929016947746277e-01 2.204563617706298828e-01 9.278676509857177734e-01
-2.162157773971557617e+00 1.994223237037658691e+00 7.262690067291259766e-01 2.789114117622375488e-01 -1.138163432478904724e-01 2.210634350776672363e-01 9.275695085525512695e-01
-2.144089937210083008e+00 2.008686542510986328e+00 7.158646583557128906e-01 2.792482972145080566e-01 -1.151529029011726379e-01 2.208749800920486450e-01 9.273480772972106934e-01
-2.136052608489990234e+00 2.026764154434204102e+00 7.182519435882568359e-01 2.820301949977874756e-01 -1.158565878868103027e-01 2.200239896774291992e-01 9.266205430030822754e-01
-2.129489898681640625e+00 2.028799057006835938e+00 6.832088232040405273e-01 2.777063548564910889e-01 -1.146275252103805542e-01 2.219244837760925293e-01 9.276255965232849121e-01
-2.125424385070800781e+00 2.048343896865844727e+00 6.761464476585388184e-01 2.778123617172241211e-01 -1.128524392843246460e-01 2.218610644340515137e-01 9.278266429901123047e-01
-2.105942726135253906e+00 2.047972917556762695e+00 6.638823747634887695e-01 2.744405269622802734e-01 -1.114862114191055298e-01 2.223374992609024048e-01 9.288806915283203125e-01
-2.099184274673461914e+00 2.046960353851318359e+00 6.517347693443298340e-01 2.708371877670288086e-01 -1.073301434516906738e-01 2.234547734260559082e-01 9.301587939262390137e-01
-2.102459192276000977e+00 2.053884744644165039e+00 6.389218568801879883e-01 2.672773599624633789e-01 -1.013514176011085510e-01 2.248120605945587158e-01 9.315311312675476074e-01
-2.106116294860839844e+00 2.058660984039306641e+00 6.362276077270507812e-01 2.635755538940429688e-01 -9.459750354290008545e-02 2.262665927410125732e-01 9.329429864883422852e-01
-2.107639312744140625e+00 2.056970119476318359e+00 6.308645009994506836e-01 2.586066424846649170e-01 -8.742379397153854370e-02 2.281580865383148193e-01 9.345713257789611816e-01
-2.108703374862670898e+00 2.054844856262207031e+00 6.272352933883666992e-01 2.531925737857818604e-01 -7.964759320020675659e-02 2.297463715076446533e-01 9.363580346107482910e-01
-2.107664585113525391e+00 2.053392410278320312e+00 6.260466575622558594e-01 2.475969195365905762e-01 -7.214181870222091675e-02 2.316969335079193115e-01 9.379807114601135254e-01
-2.108958959579467773e+00 2.060409069061279297e+00 6.256055831909179688e-01 2.422076463699340820e-01 -6.427545845508575439e-02 2.332600802183151245e-01 9.395710825920104980e-01
-2.111730098724365234e+00 2.049108743667602539e+00 6.211685538291931152e-01 2.349429875612258911e-01 -5.560768395662307739e-02 2.353679090738296509e-01 9.414411783218383789e-01
-2.110729455947875977e+00 2.048952341079711914e+00 6.087850332260131836e-01 2.278544157743453979e-01 -4.766469076275825500e-02 2.372794151306152344e-01 9.431378245353698730e-01
-2.114575624465942383e+00 2.055323362350463867e+00 5.956854820251464844e-01 2.213722169399261475e-01 -4.014145210385322571e-02 2.391440272331237793e-01 9.445597529411315918e-01
-2.122119665145874023e+00 2.071145534515380859e+00 5.831896066665649414e-01 2.157430350780487061e-01 -3.153463453054428101e-02 2.422313243150711060e-01 9.454017281532287598e-01
-2.129170417785644531e+00 2.102462530136108398e+00 5.110298991203308105e-01 2.086754590272903442e-01 -2.471549622714519501e-02 2.444203943014144897e-01 9.466268420219421387e-01
-2.199218750000000000e+00 2.121003389358520508e+00 4.152534604072570801e-01 1.995659768581390381e-01 -1.354201510548591614e-02 2.443554252386093140e-01 9.488310813903808594e-01
-2.277086496353149414e+00 2.161235570907592773e+00 2.598063945770263672e-01 1.924937516450881958e-01 -4.973623435944318771e-03 2.452890723943710327e-01 9.501340389251708984e-01
-2.387566328048706055e+00 2.178211927413940430e+00 3.880566358566284180e-02 1.843546330928802490e-01 2.792273648083209991e-03 2.477114796638488770e-01 9.511280655860900879e-01
-2.415033578872680664e+00 2.330329418182373047e+00 -6.034243106842041016e-02 1.836805939674377441e-01 5.555338691920042038e-03 2.487262636423110962e-01 9.509814977645874023e-01
-2.305024862289428711e+00 2.550909042358398438e+00 -2.927541732788085938e-01 1.809709966182708740e-01 3.339768853038549423e-03 2.462792992591857910e-01 9.521474838256835938e-01
-2.357516765594482422e+00 2.401597499847412109e+00 -7.133246660232543945e-01 1.639654338359832764e-01 1.070078741759061813e-02 2.497103810310363770e-01 9.542775154113769531e-01
