0.000000000000000000e+00 0.000000000000000000e+00 0.000000000000000000e+00 0.000000000000000000e+00 0.000000000000000000e+00 0.000000000000000000e+00 1.000000000000000000e+00
2.432971959933638573e-04 6.779248267412185669e-02 -1.221665516495704651e-01 1.545699429698288441e-03 6.478987168520689011e-03 -9.241439402103424072e-03 9.999350905418395996e-01
-9.477129578590393066e-02 1.088676899671554565e-01 -2.001343071460723877e-01 3.654919797554612160e-03 1.334643084555864334e-02 -1.967708393931388855e-02 9.997106194496154785e-01
-2.066685855388641357e-01 1.295956522226333618e-01 -2.400631159543991089e-01 5.779080558568239212e-03 2.045992389321327209e-02 -3.131760656833648682e-02 9.992833137512207031e-01
-3.091699779033660889e-01 1.393320709466934204e-01 -2.730424106121063232e-01 7.740347180515527725e-03 2.745388634502887726e-02 -4.317868873476982117e-02 9.986600875854492188e-01
-4.105162620544433594e-01 1.605756282806396484e-01 -2.874806523323059082e-01 1.070727687329053879e-02 3.590755537152290344e-02 -5.600642785429954529e-02 9.977270364761352539e-01
-5.008550882339477539e-01 1.639092862606048584e-01 -3.099699914455413818e-01 1.290903706103563309e-02 4.364577308297157288e-02 -6.949492543935775757e-02 9.965434670448303223e-01
-5.863617658615112305e-01 1.780561059713363647e-01 -3.256438374519348145e-01 1.589953154325485229e-02 5.190402269363403320e-02 -8.265527337789535522e-02 9.950985908508300781e-01
-6.526198387145996094e-01 1.708925366401672363e-01 -3.470959961414337158e-01 1.729451119899749756e-02 5.912520736455917358e-02 -9.519664943218231201e-02 9.935505390167236328e-01
-7.153015732765197754e-01 1.757953763008117676e-01 -3.621875047683715820e-01 1.977379620075225830e-02 6.695418804883956909e-02 -1.086260676383972168e-01 9.916282296180725098e-01
-7.693964838981628418e-01 1.812046766281127930e-01 -3.686879277229309082e-01 2.206872403621673584e-02 7.463563978672027588e-02 -1.212942227721214294e-01 9.895606040954589844e-01
-8.135607838630676270e-01 1.864037364721298218e-01 -3.738709688186645508e-01 2.443309314548969269e-02 8.194167912006378174e-02 -1.325103938579559326e-01 9.874864816665649414e-01
-8.474611043930053711e-01 1.928637176752090454e-01 -3.865510523319244385e-01 2.704582735896110535e-02 8.876402676105499268e-02 -1.434031575918197632e-01 9.853045344352722168e-01
-8.710016012191772461e-01 1.916671395301818848e-01 -3.941802382469177246e-01 2.865201979875564575e-02 9.493502229452133179e-02 -1.531748920679092407e-01 9.832109808921813965e-01
-8.871456980705261230e-01 1.911218762397766113e-01 -4.002292156219482422e-01 3.061320446431636810e-02 1.008198931813240051e-01 -1.619482487440109253e-01 9.811579585075378418e-01
-8.949368000030517578e-01 1.983852833509445190e-01 -3.985623717308044434e-01 3.260147571563720703e-02 1.056429520249366760e-01 -1.687901020050048828e-01 9.794317483901977539e-01
-9.037871956825256348e-01 1.979318112134933472e-01 -4.054507315158843994e-01 3.407039865851402283e-02 1.094850674271583557e-01 -1.742019653320312500e-01 9.780111908912658691e-01
-9.192068576812744141e-01 1.988084316253662109e-01 -4.098713397979736328e-01 3.560999408364295959e-02 1.129600703716278076e-01 -1.751553863286972046e-01 9.773907065391540527e-01
-9.460847973823547363e-01 1.956568211317062378e-01 -4.104880690574645996e-01 3.657997399568557739e-02 1.152095347642898560e-01 -1.755526214838027954e-01 9.770209193229675293e-01
-9.653427600860595703e-01 2.020754069089889526e-01 -4.217515885829925537e-01 3.794981539249420166e-02 1.162325963377952576e-01 -1.750777810811996460e-01 9.769327044486999512e-01
-9.993663430213928223e-01 1.901793628931045532e-01 -4.250655770301818848e-01 3.723638504743576050e-02 1.163975670933723450e-01 -1.753463298082351685e-01 9.768923521041870117e-01
-1.034853816032409668e+00 1.892113983631134033e-01 -4.417176246643066406e-01 3.736118227243423462e-02 1.153854057192802429e-01 -1.701350510120391846e-01 9.779286384582519531e-01
-1.076781988143920898e+00 1.858886033296585083e-01 -4.530252814292907715e-01 3.721670806407928467e-02 1.129394471645355225e-01 -1.622457951307296753e-01 9.795590639114379883e-01
-1.123116135597229004e+00 1.860737800598144531e-01 -4.738233685493469238e-01 3.718886896967887878e-02 1.095980331301689148e-01 -1.519079208374023438e-01 9.815952181816101074e-01
-1.172052145004272461e+00 1.765778511762619019e-01 -4.951766133308410645e-01 3.608630225062370300e-02 1.054081767797470093e-01 -1.401406824588775635e-01 9.838432669639587402e-01
-1.215485692024230957e+00 1.723015010356903076e-01 -5.242900252342224121e-01 3.535543009638786316e-02 9.971558302640914917e-02 -1.265119761228561401e-01 9.863070249557495117e-01
-1.271188020706176758e+00 1.741640120744705200e-01 -5.539056658744812012e-01 3.472596406936645508e-02 9.421002119779586792e-02 -1.107297390699386597e-01 9.887656569480895996e-01
-1.332590699195861816e+00 1.705194115638732910e-01 -5.863866806030273438e-01 3.330937027931213379e-02 8.784753084182739258e-02 -9.496670961380004883e-02 9.910371303558349609e-01
-1.392228603363037109e+00 1.724018454551696777e-01 -6.196538209915161133e-01 3.164886310696601868e-02 8.119624108076095581e-02 -7.797204703092575073e-02 9.931393861770629883e-01
-1.453921198844909668e+00 1.666467338800430298e-01 -6.653276681900024414e-01 2.938477881252765656e-02 7.419802248477935791e-02 -6.083769351243972778e-02 9.949522614479064941e-01
-1.507851481437683105e+00 1.650399118661880493e-01 -7.258885502815246582e-01 2.654635161161422729e-02 6.652631610631942749e-02 -4.340495541691780090e-02 9.964866042137145996e-01
-1.561455488204956055e+00 1.802483052015304565e-01 -7.851897478103637695e-01 2.492420747876167297e-02 5.903624743223190308e-02 -2.554912120103836060e-02 9.976175427436828613e-01
-1.614065051078796387e+00 1.946513503789901733e-01 -8.503345251083374023e-01 2.271169237792491913e-02 5.155882984399795532e-02 -7.981267757713794708e-03 9.983797669410705566e-01
-1.665112495422363281e+00 2.193301618099212646e-01 -9.277380704879760742e-01 2.041057683527469635e-02 4.455276578664779663e-02 9.034373797476291656e-03 9.987576603889465332e-01
-1.712783455848693848e+00 2.429204881191253662e-01 -1.011723995208740234e+00 1.785106956958770752e-02 3.797062113881111145e-02 2.490862645208835602e-02 9.988088607788085938e-01
-1.750206589698791504e+00 2.699007391929626465e-01 -1.096569180488586426e+00 1.473285164684057236e-02 3.117303363978862762e-02 4.040538519620895386e-02 9.985882639884948730e-01
-1.791565537452697754e+00 3.085528910160064697e-01 -1.190042138099670410e+00 1.269202027469873428e-02 2.514853700995445251e-02 5.425621569156646729e-02 9.981296062469482422e-01
-1.832818627357482910e+00 3.449815213680267334e-01 -1.290512681007385254e+00 9.601761586964130402e-03 1.978880353271961212e-02 6.660420447587966919e-02 9.975370168685913086e-01
-1.869677543640136719e+00 3.809393346309661865e-01 -1.392032623291015625e+00 6.678708363324403763e-03 1.536676473915576935e-02 7.659983634948730469e-02 9.969211220741271973e-01
-1.911286830902099609e+00 4.251379966735839844e-01 -1.497717738151550293e+00 3.923018928617238998e-03 1.203656289726495743e-02 8.489142358303070068e-02 9.963097572326660156e-01
-1.946831822395324707e+00 4.700932204723358154e-01 -1.611016035079956055e+00 1.238271477632224560e-03 9.257504716515541077e-03 9.021737426519393921e-02 9.958782792091369629e-01
-1.994810819625854492e+00 5.149571299552917480e-01 -1.724981307983398438e+00 -1.653449959121644497e-03 8.802429772913455963e-03 9.379014372825622559e-02 9.955517053604125977e-01
-2.038500547409057617e+00 5.541596412658691406e-01 -1.841977477073669434e+00 -4.511890932917594910e-03 8.413710631430149078e-03 9.397266060113906860e-02 9.955289959907531738e-01
-2.087811470031738281e+00 5.904501080513000488e-01 -1.969789028167724609e+00 -7.316757924854755402e-03 9.610750712454319000e-03 9.199232608079910278e-02 9.956864118576049805e-01
-2.118244647979736328e+00 6.187803149223327637e-01 -2.103190898895263672e+00 -9.901935234665870667e-03 1.157225761562585831e-02 8.829037100076675415e-02 9.959783554077148438e-01
-2.131142377853393555e+00 6.400271058082580566e-01 -2.248567819595336914e+00 -1.198656670749187469e-02 1.496053487062454224e-02 8.257199078798294067e-02 9.964007139205932617e-01
-2.121236085891723633e+00 6.541336178779602051e-01 -2.405230045318603516e+00 -1.460395380854606628e-02 1.906810700893402100e-02 7.463090866804122925e-02 9.969219565391540527e-01
-2.104626178741455078e+00 6.690309047698974609e-01 -2.560116052627563477e+00 -1.694110408425331116e-02 2.432741969823837280e-02 6.515613943338394165e-02 9.974346160888671875e-01
-2.077247619628906250e+00 6.842780709266662598e-01 -2.721456050872802734e+00 -1.891862228512763977e-02 2.986932359635829926e-02 5.403709411621093750e-02 9.979127645492553711e-01
-2.052231073379516602e+00 7.060545682907104492e-01 -2.887372970581054688e+00 -2.029004506766796112e-02 3.645090386271476746e-02 4.215639084577560425e-02 9.982396960258483887e-01
-2.028934717178344727e+00 7.272739410400390625e-01 -3.050940990447998047e+00 -2.170272730290889740e-02 4.380801320075988770e-02 2.892227470874786377e-02 9.983853697776794434e-01
-2.000911951065063477e+00 7.517946958541870117e-01 -3.225247859954833984e+00 -2.222780697047710419e-02 5.110500752925872803e-02 1.506174448877573013e-02 9.983322620391845703e-01
-1.986905574798583984e+00 7.741791605949401855e-01 -3.398049592971801758e+00 -2.264931984245777130e-02 5.960180610418319702e-02 -2.627607027534395456e-04 9.979652166366577148e-01
-1.974541902542114258e+00 7.913365960121154785e-01 -3.585683345794677734e+00 -2.331704087555408478e-02 6.854227185249328613e-02 -1.501685194671154022e-02 9.972626566886901855e-01
-1.978830814361572266e+00 8.095930814743041992e-01 -3.775959014892578125e+00 -2.338778041303157806e-02 7.831343263387680054e-02 -3.072430938482284546e-02 9.961807131767272949e-01
-1.991368770599365234e+00 8.343055248260498047e-01 -3.963665485382080078e+00 -2.230733446776866913e-02 8.767642080783843994e-02 -4.719784855842590332e-02 9.947801828384399414e-01
-2.038661718368530273e+00 8.428881168365478516e-01 -4.154338359832763672e+00 -2.274149656295776367e-02 9.789637476205825806e-02 -6.398018449544906616e-02 9.928774833679199219e-01
-2.112073898315429688e+00 8.583059906959533691e-01 -4.338127613067626953e+00 -2.127097919583320618e-02 1.081739813089370728e-01 -7.915192842483520508e-02 9.907476305961608887e-01
-2.225267410278320312e+00 8.701368570327758789e-01 -4.509533405303955078e+00 -1.888033933937549591e-02 1.192876324057579041e-01 -9.523873031139373779e-02 9.881010055541992188e-01
-2.356997966766357422e+00 8.630988001823425293e-01 -4.675631523132324219e+00 -1.697088964283466339e-02 1.301700919866561890e-01 -1.104715466499328613e-01 9.851719737052917480e-01
-2.494305133819580078e+00 8.533477187156677246e-01 -4.832685947418212891e+00 -1.369692105799913406e-02 1.407975554466247559e-01 -1.240942850708961487e-01 9.821349382400512695e-01
-2.638419628143310547e+00 8.264941573143005371e-01 -4.989765167236328125e+00 -9.946324862539768219e-03 1.526861935853958130e-01 -1.367415189743041992e-01 9.787184596061706543e-01
-2.773583889007568359e+00 7.806358337402343750e-01 -5.156764507293701172e+00 -5.777395330369472504e-03 1.636252403259277344e-01 -1.495496779680252075e-01 9.751042127609252930e-01
-2.893251895904541016e+00 7.079514265060424805e-01 -5.352095127105712891e+00 -1.420411863364279270e-03 1.744823753833770752e-01 -1.611733883619308472e-01 9.713789224624633789e-01
-2.978846073150634766e+00 6.220865249633789062e-01 -5.553361892700195312e+00 2.835739869624376297e-03 1.855599731206893921e-01 -1.717370599508285522e-01 9.675049781799316406e-01
-3.050210952758789062e+00 5.290634036064147949e-01 -5.768811702728271484e+00 9.233021177351474762e-03 1.969588100910186768e-01 -1.741283684968948364e-01 9.647804498672485352e-01
-3.099378824234008789e+00 4.348204433917999268e-01 -6.003686904907226562e+00 1.635904051363468170e-02 2.059655338525772095e-01 -1.758780479431152344e-01 9.624850749969482422e-01
-3.151362895965576172e+00 3.467851281166076660e-01 -6.245921134948730469e+00 2.370424754917621613e-02 2.157475352287292480e-01 -1.781028807163238525e-01 9.597762823104858398e-01
-3.205424070358276367e+00 2.801077365875244141e-01 -6.500865936279296875e+00 3.149645775556564331e-02 2.240565121173858643e-01 -1.804823577404022217e-01 9.572004675865173340e-01
-3.276761054992675781e+00 2.421219348907470703e-01 -6.767538070678710938e+00 3.875695168972015381e-02 2.319030165672302246e-01 -1.826022267341613770e-01 9.546597599983215332e-01
-3.373828649520874023e+00 2.500360012054443359e-01 -7.034319877624511719e+00 4.654982313513755798e-02 2.393668740987777710e-01 -1.856034398078918457e-01 9.518865346908569336e-01
-3.490363121032714844e+00 2.947328090667724609e-01 -7.308604717254638672e+00 5.452015995979309082e-02 2.464171499013900757e-01 -1.875530630350112915e-01 9.492786526679992676e-01
-3.612858295440673828e+00 3.594228029251098633e-01 -7.563736438751220703e+00 6.255853921175003052e-02 2.527383267879486084e-01 -1.887642294168472290e-01 9.468778967857360840e-01
-3.730510711669921875e+00 4.108376502990722656e-01 -7.807171344757080078e+00 6.836266070604324341e-02 2.571351230144500732e-01 -1.902192831039428711e-01 9.449998140335083008e-01
-3.858162641525268555e+00 4.874552488327026367e-01 -8.043105125427246094e+00 7.608506083488464355e-02 2.627680897712707520e-01 -1.919303387403488159e-01 9.425108432769775391e-01
-3.965584993362426758e+00 5.509819984436035156e-01 -8.283877372741699219e+00 8.352270722389221191e-02 2.654382288455963135e-01 -1.931734681129455566e-01 9.408774971961975098e-01
-4.071392536163330078e+00 6.003911495208740234e-01 -8.535280227661132812e+00 9.014571458101272583e-02 2.668803036212921143e-01 -1.948648393154144287e-01 9.395085573196411133e-01
-4.158568859100341797e+00 6.363115310668945312e-01 -8.768398284912109375e+00 9.726647287607192993e-02 2.680993378162384033e-01 -1.963016092777252197e-01 9.381511807441711426e-01
-4.216593742370605469e+00 6.649003028869628906e-01 -9.012194633483886719e+00 1.047328263521194458e-01 2.667157948017120361e-01 -1.975843310356140137e-01 9.374722242355346680e-01
-4.278774261474609375e+00 6.668875217437744141e-01 -9.272123336791992188e+00 1.084710061550140381e-01 2.654424607753753662e-01 -1.987118273973464966e-01 9.371701478958129883e-01
-4.282012462615966797e+00 6.875827312469482422e-01 -9.511249542236328125e+00 1.162859126925468445e-01 2.600286006927490234e-01 -1.992645114660263062e-01 9.376333951950073242e-01
-4.296930789947509766e+00 7.001621723175048828e-01 -9.747215270996093750e+00 1.239393427968025208e-01 2.564994990825653076e-01 -1.911890357732772827e-01 9.393049478530883789e-01
-4.257180213928222656e+00 7.225008010864257812e-01 -1.000386428833007812e+01 1.330472081899642944e-01 2.487480789422988892e-01 -1.824263781309127808e-01 9.418829083442687988e-01
-4.200241088867187500e+00 7.300167083740234375e-01 -1.022014427185058594e+01 1.411216259002685547e-01 2.403042614459991455e-01 -1.711856573820114136e-01 9.450047612190246582e-01
-4.131731986999511719e+00 7.271904945373535156e-01 -1.043317508697509766e+01 1.484226733446121216e-01 2.308679223060607910e-01 -1.589028090238571167e-01 9.483779072761535645e-01
-4.025390148162841797e+00 7.378733158111572266e-01 -1.062785530090332031e+01 1.560456156730651855e-01 2.191945016384124756e-01 -1.470245867967605591e-01 9.518336653709411621e-01
-3.916160583496093750e+00 7.510035037994384766e-01 -1.080086040496826172e+01 1.648158580064773560e-01 2.078236937522888184e-01 -1.341386437416076660e-01 9.548046588897705078e-01
-3.794081687927246094e+00 7.577247619628906250e-01 -1.097818660736083984e+01 1.727766543626785278e-01 1.934597194194793701e-01 -1.187430173158645630e-01 9.584475159645080566e-01
-3.685330867767333984e+00 7.885606288909912109e-01 -1.114832305908203125e+01 1.811073124408721924e-01 1.797639578580856323e-01 -1.054909229278564453e-01 9.611226320266723633e-01
-3.571420907974243164e+00 8.065173625946044922e-01 -1.130070590972900391e+01 1.886240988969802856e-01 1.662956327199935913e-01 -8.994093537330627441e-02 9.636790752410888672e-01
-3.445238590240478516e+00 8.274414539337158203e-01 -1.145782566070556641e+01 1.958849728107452393e-01 1.495346724987030029e-01 -7.267528027296066284e-02 9.664298892021179199e-01
-3.309579610824584961e+00 8.438105583190917969e-01 -1.159600925445556641e+01 2.025033682584762573e-01 1.325511336326599121e-01 -5.789034813642501831e-02 9.685407876968383789e-01
-3.196266651153564453e+00 8.521583080291748047e-01 -1.175156211853027344e+01 2.071521729230880737e-01 1.156332939863204956e-01 -4.057968407869338989e-02 9.706029891967773438e-01
-3.100110530853271484e+00 8.829667568206787109e-01 -1.190613842010498047e+01 2.127542048692703247e-01 9.936958551406860352e-02 -2.601704932749271393e-02 9.716914892196655273e-01
-3.028405427932739258e+00 8.971829414367675781e-01 -1.207330036163330078e+01 2.186284512281417847e-01 8.278484642505645752e-02 -1.007193233817815781e-02 9.722380638122558594e-01
-2.963926792144775391e+00 8.901624679565429688e-01 -1.221952533721923828e+01 2.235897779464721680e-01 6.632592529058456421e-02 5.821283441036939621e-03 9.724066257476806641e-01
-2.940073966979980469e+00 8.820424079895019531e-01 -1.239651393890380859e+01 2.271330058574676514e-01 5.203498527407646179e-02 2.428518235683441162e-02 9.721692800521850586e-01
-2.874737262725830078e+00 8.856382369995117188e-01 -1.253185367584228516e+01 2.316530048847198486e-01 3.596144914627075195e-02 3.854052722454071045e-02 9.713692665100097656e-01
-2.832475185394287109e+00 8.916077613830566406e-01 -1.268274974822998047e+01 2.357388436794281006e-01 2.187224663794040680e-02 5.318882688879966736e-02 9.701132774353027344e-01
-2.759246587753295898e+00 8.759145736694335938e-01 -1.280942058563232422e+01 2.387711256742477417e-01 7.937305606901645660e-03 6.619741767644882202e-02 9.687844514846801758e-01
-2.701368570327758789e+00 8.903226852416992188e-01 -1.294245338439941406e+01 2.432135939598083496e-01 -5.187731701880693436e-03 7.804820686578750610e-02 9.668136835098266602e-01
-2.659667015075683594e+00 8.878564834594726562e-01 -1.308302116394042969e+01 2.446144819259643555e-01 -1.629471592605113983e-02 9.190197288990020752e-02 9.651177525520324707e-01
-2.590050697326660156e+00 8.881077766418457031e-01 -1.318992042541503906e+01 2.474173456430435181e-01 -2.758303470909595490e-02 1.019439697265625000e-01 9.631361365318298340e-01
-2.517566680908203125e+00 8.791575431823730469e-01 -1.330117130279541016e+01 2.490758001804351807e-01 -3.773542121052742004e-02 1.111490428447723389e-01 9.613444805145263672e-01
-2.469629287719726562e+00 8.802518844604492188e-01 -1.342521667480468750e+01 2.503927648067474365e-01 -4.617425799369812012e-02 1.205160915851593018e-01 9.595036506652832031e-01
-2.405353069305419922e+00 8.749756813049316406e-01 -1.351412963867187500e+01 2.520254850387573242e-01 -5.455150827765464783e-02 1.277513355016708374e-01 9.576987624168395996e-01
-2.334783554077148438e+00 8.483109474182128906e-01 -1.360927867889404297e+01 2.520113289356231689e-01 -6.217559799551963806e-02 1.355348974466323853e-01 9.561666846275329590e-01
-2.278949260711669922e+00 8.402023315429687500e-01 -1.370048904418945312e+01 2.527921199798583984e-01 -6.829757988452911377e-02 1.432075351476669312e-01 9.544229507446289062e-01
-2.234640836715698242e+00 8.531770706176757812e-01 -1.380943679809570312e+01 2.528271377086639404e-01 -7.324831187725067139e-02 1.485067009925842285e-01 9.532359838485717773e-01
-2.174535989761352539e+00 8.528094291687011719e-01 -1.391365146636962891e+01 2.522013783454895020e-01 -7.800137996673583984e-02 1.538318395614624023e-01 9.521796107292175293e-01
-2.124889612197875977e+00 8.633451461791992188e-01 -1.402989959716796875e+01 2.514489889144897461e-01 -8.166795223951339722e-02 1.580365002155303955e-01 9.513822197914123535e-01
-2.068571329116821289e+00 8.534054756164550781e-01 -1.414479827880859375e+01 2.506480813026428223e-01 -8.451113104820251465e-02 1.635937094688415527e-01 9.504054188728332520e-01
-2.002744197845458984e+00 8.377757072448730469e-01 -1.425622844696044922e+01 2.492451518774032593e-01 -8.712655305862426758e-02 1.679036468267440796e-01 9.497863650321960449e-01
-1.940335988998413086e+00 8.336987495422363281e-01 -1.436756706237792969e+01 2.487899661064147949e-01 -8.987696468830108643e-02 1.718430966138839722e-01 9.489444494247436523e-01
-1.878073096275329590e+00 8.290743827819824219e-01 -1.448768043518066406e+01 2.475734353065490723e-01 -9.150787442922592163e-02 1.752337217330932617e-01 9.484866261482238770e-01
-1.816544055938720703e+00 8.389320373535156250e-01 -1.459828853607177734e+01 2.485478520393371582e-01 -9.254699945449829102e-02 1.767528802156448364e-01 9.478488564491271973e-01
-1.765604019165039062e+00 8.666753768920898438e-01 -1.474364852905273438e+01 2.487483769655227661e-01 -9.336461126804351807e-02 1.778960078954696655e-01 9.475021362304687500e-01
-1.687394380569458008e+00 8.262743949890136719e-01 -1.483136177062988281e+01 2.477774918079376221e-01 -9.426535665988922119e-02 1.807037591934204102e-01 9.471359848976135254e-01
-1.634572386741638184e+00 8.339657783508300781e-01 -1.497124862670898438e+01 2.475152015686035156e-01 -9.370197355747222900e-02 1.825398653745651245e-01 9.469083547592163086e-01
-1.572275638580322266e+00 8.308672904968261719e-01 -1.510961246490478516e+01 2.465709298849105835e-01 -9.380944818258285522e-02 1.849548518657684326e-01 9.466753602027893066e-01
-1.499010801315307617e+00 8.289833068847656250e-01 -1.523159694671630859e+01 2.468089312314987183e-01 -9.341848641633987427e-02 1.855807751417160034e-01 9.465295076370239258e-01
-1.432698726654052734e+00 8.271498680114746094e-01 -1.535654830932617188e+01 2.453796565532684326e-01 -9.216801077127456665e-02 1.842911392450332642e-01 9.472754001617431641e-01
-1.361392855644226074e+00 8.313465118408203125e-01 -1.549769783020019531e+01 2.444714605808258057e-01 -9.193962067365646362e-02 1.849753111600875854e-01 9.473990201950073242e-01
-1.301687002182006836e+00 8.303914070129394531e-01 -1.564191150665283203e+01 2.425724565982818604e-01 -9.044204652309417725e-02 1.843636035919189453e-01 9.481502771377563477e-01
-1.239448904991149902e+00 8.309755325317382812e-01 -1.577129554748535156e+01 2.419105321168899536e-01 -8.980048447847366333e-02 1.845374554395675659e-01 9.483464956283569336e-01
-1.194148540496826172e+00 8.407316207885742188e-01 -1.592406654357910156e+01 2.407222241163253784e-01 -8.827117830514907837e-02 1.837971955537796021e-01 9.489359855651855469e-01
-1.153467297554016113e+00 8.326225280761718750e-01 -1.608119392395019531e+01 2.387257367372512817e-01 -8.732260018587112427e-02 1.835682690143585205e-01 9.495722651481628418e-01
-1.126773238182067871e+00 8.373141288757324219e-01 -1.623976135253906250e+01 2.382941097021102905e-01 -8.570567518472671509e-02 1.837376654148101807e-01 9.497951865196228027e-01
-1.110313057899475098e+00 8.244299888610839844e-01 -1.640206718444824219e+01 2.360074222087860107e-01 -8.461692184209823608e-02 1.838279366493225098e-01 9.504460692405700684e-01
-1.094378948211669922e+00 8.270969390869140625e-01 -1.656764984130859375e+01 2.353904098272323608e-01 -8.357794582843780518e-02 1.830774098634719849e-01 9.508358240127563477e-01
-1.093498349189758301e+00 8.201622962951660156e-01 -1.673958969116210938e+01 2.341795116662979126e-01 -8.215395361185073853e-02 1.831414997577667236e-01 9.512464404106140137e-01
-1.093517541885375977e+00 8.123579025268554688e-01 -1.690402984619140625e+01 2.326235920190811157e-01 -8.117511123418807983e-02 1.830009073019027710e-01 9.517391920089721680e-01
-1.097532987594604492e+00 8.046340942382812500e-01 -1.706862831115722656e+01 2.315557748079299927e-01 -7.960332930088043213e-02 1.822701692581176758e-01 9.522724747657775879e-01
-1.103155255317687988e+00 7.999434471130371094e-01 -1.722893333435058594e+01 2.305063605308532715e-01 -7.897652685642242432e-02 1.822826713323593140e-01 9.525768160820007324e-01
-1.113471031188964844e+00 7.863178253173828125e-01 -1.738585281372070312e+01 2.291007488965988159e-01 -7.746482640504837036e-02 1.816657632589340210e-01 9.531577229499816895e-01
-1.126142024993896484e+00 7.817382812500000000e-01 -1.753385543823242188e+01 2.287994623184204102e-01 -7.666357606649398804e-02 1.822624206542968750e-01 9.531809687614440918e-01
-1.134606838226318359e+00 7.728672027587890625e-01 -1.768088150024414062e+01 2.282062619924545288e-01 -7.577535510063171387e-02 1.812514960765838623e-01 9.535868763923645020e-01
-1.144562840461730957e+00 7.616958618164062500e-01 -1.782224273681640625e+01 2.273079007863998413e-01 -7.568141818046569824e-02 1.812473535537719727e-01 9.538096189498901367e-01
-1.156190156936645508e+00 7.524204254150390625e-01 -1.796304321289062500e+01 2.268208116292953491e-01 -7.526952773332595825e-02 1.813981235027313232e-01 9.539295434951782227e-01
-1.168270707130432129e+00 7.413725852966308594e-01 -1.810008621215820312e+01 2.262600064277648926e-01 -7.484723627567291260e-02 1.814928948879241943e-01 9.540778994560241699e-01
-1.178710460662841797e+00 7.318511009216308594e-01 -1.824197959899902344e+01 2.262515574693679810e-01 -7.480594515800476074e-02 1.809678226709365845e-01 9.541828632354736328e-01
-1.190899133682250977e+00 7.199058532714843750e-01 -1.839060020446777344e+01 2.261168360710144043e-01 -7.525900006294250488e-02 1.810742169618606567e-01 9.541590213775634766e-01
-1.202235341072082520e+00 7.063469886779785156e-01 -1.854861640930175781e+01 2.258184254169464111e-01 -7.571080327033996582e-02 1.811188310384750366e-01 9.541854262351989746e-01
-1.220706462860107422e+00 6.898713111877441406e-01 -1.870588684082031250e+01 2.265364229679107666e-01 -7.567428052425384521e-02 1.814316809177398682e-01 9.539586901664733887e-01
-1.233266711235046387e+00 6.731433868408203125e-01 -1.887619781494140625e+01 2.270980924367904663e-01 -7.618612051010131836e-02 1.814020276069641113e-01 9.537900090217590332e-01
-1.244019627571105957e+00 6.522874832153320312e-01 -1.905590248107910156e+01 2.267500609159469604e-01 -7.666310667991638184e-02 1.811791360378265381e-01 9.538769721984863281e-01
-1.253324508666992188e+00 6.357655525207519531e-01 -1.923569869995117188e+01 2.283537834882736206e-01 -7.788602262735366821e-02 1.813398897647857666e-01 9.533646702766418457e-01
-1.257803916931152344e+00 6.106481552124023438e-01 -1.942559814453125000e+01 2.285447269678115845e-01 -7.854745537042617798e-02 1.800146698951721191e-01 9.535157680511474609e-01
-1.266852617263793945e+00 5.902061462402343750e-01 -1.963112449645996094e+01 2.295623123645782471e-01 -7.922184467315673828e-02 1.805206090211868286e-01 9.531198143959045410e-01
-1.273406147956848145e+00 5.643434524536132812e-01 -1.983095550537109375e+01 2.302448153495788574e-01 -7.935240864753723145e-02 1.794431060552597046e-01 9.531477689743041992e-01
-1.269481658935546875e+00 5.344643592834472656e-01 -2.004327201843261719e+01 2.315134406089782715e-01 -8.044294267892837524e-02 1.784003376960754395e-01 9.529448151588439941e-01
-1.265620231628417969e+00 5.002765655517578125e-01 -2.026321983337402344e+01 2.319140285253524780e-01 -8.090063184499740601e-02 1.772205978631973267e-01 9.530287384986877441e-01
-1.261824369430541992e+00 4.746055603027343750e-01 -2.048331451416015625e+01 2.336372733116149902e-01 -8.149296045303344727e-02 1.767893731594085693e-01 9.526374340057373047e-01
-1.265716433525085449e+00 4.459180831909179688e-01 -2.071894264221191406e+01 2.353940755128860474e-01 -8.029679208993911743e-02 1.752748340368270874e-01 9.525863528251647949e-01
-1.253549337387084961e+00 4.298143386840820312e-01 -2.096132469177246094e+01 2.365119755268096924e-01 -7.973874360322952271e-02 1.731133908033370972e-01 9.527515769004821777e-01
-1.237985372543334961e+00 4.164199829101562500e-01 -2.120153999328613281e+01 2.376442849636077881e-01 -8.031896501779556274e-02 1.719007194042205811e-01 9.526406526565551758e-01
-1.234656691551208496e+00 4.193754196166992188e-01 -2.145930862426757812e+01 2.393980473279953003e-01 -7.844039797782897949e-02 1.686542630195617676e-01 9.529383182525634766e-01
-1.223631739616394043e+00 4.403285980224609375e-01 -2.171656036376953125e+01 2.406074255704879761e-01 -7.770472764968872070e-02 1.653698235750198364e-01 9.532695412635803223e-01
-1.252885580062866211e+00 4.733648300170898438e-01 -2.197616577148437500e+01 2.427852600812911987e-01 -7.366365939378738403e-02 1.611809581518173218e-01 9.537555575370788574e-01
-1.258499503135681152e+00 5.071334838867187500e-01 -2.224348640441894531e+01 2.436458319425582886e-01 -7.196632027626037598e-02 1.558070629835128784e-01 9.545583724975585938e-01
-1.261989951133728027e+00 5.397033691406250000e-01 -2.251737403869628906e+01 2.438168078660964966e-01 -7.077991217374801636e-02 1.503845304250717163e-01 9.554727077484130859e-01
-1.289225578308105469e+00 5.854120254516601562e-01 -2.280118560791015625e+01 2.457293719053268433e-01 -6.747920066118240356e-02 1.450523734092712402e-01 9.560457468032836914e-01
-1.327661871910095215e+00 6.410169601440429688e-01 -2.309779930114746094e+01 2.470784336328506470e-01 -6.253007054328918457e-02 1.385173052549362183e-01 9.570032358169555664e-01
-1.374667882919311523e+00 6.930360794067382812e-01 -2.338336753845214844e+01 2.493451982736587524e-01 -5.685393512248992920e-02 1.312052756547927856e-01 9.577994346618652344e-01
-1.407211184501647949e+00 7.324180603027343750e-01 -2.366232109069824219e+01 2.501008808612823486e-01 -5.275478959083557129e-02 1.239093914628028870e-01 9.588081240653991699e-01
-1.472319364547729492e+00 7.850561141967773438e-01 -2.394129753112792969e+01 2.519858181476593018e-01 -4.611884430050849915e-02 1.164502874016761780e-01 9.595913290977478027e-01
-1.530627846717834473e+00 8.289718627929687500e-01 -2.422844696044921875e+01 2.523366808891296387e-01 -3.962959349155426025e-02 1.073665693402290344e-01 9.608476161956787109e-01
-1.609757184982299805e+00 8.553953170776367188e-01 -2.450369644165039062e+01 2.527587711811065674e-01 -3.253122419118881226e-02 9.876327961683273315e-02 9.619254469871520996e-01
-1.678110361099243164e+00 8.763389587402343750e-01 -2.477111816406250000e+01 2.529132962226867676e-01 -2.789202146232128143e-02 8.906307071447372437e-02 9.629769921302795410e-01
-1.775531768798828125e+00 8.993644714355468750e-01 -2.503477478027343750e+01 2.546927630901336670e-01 -2.100995741784572601e-02 7.874035090208053589e-02 9.635819196701049805e-01
-1.881993174552917480e+00 8.935508728027343750e-01 -2.528659629821777344e+01 2.539471685886383057e-01 -1.447766646742820740e-02 6.959103047847747803e-02 9.646027088165283203e-01
-1.991899967193603516e+00 8.828544616699218750e-01 -2.552483749389648438e+01 2.549241781234741211e-01 -7.733733393251895905e-03 5.930541455745697021e-02 9.651097059249877930e-01
-2.110497951507568359e+00 8.737068176269531250e-01 -2.577254867553710938e+01 2.554882466793060303e-01 -2.707357343751937151e-04 5.022928491234779358e-02 9.655064344406127930e-01
-2.216128110885620117e+00 8.596506118774414062e-01 -2.601677703857421875e+01 2.559278905391693115e-01 6.094029638916254044e-03 4.126738384366035461e-02 9.657953977584838867e-01
-2.312587022781372070e+00 8.435153961181640625e-01 -2.625498580932617188e+01 2.558702528476715088e-01 1.247765682637691498e-02 3.168674930930137634e-02 9.661111235618591309e-01
-2.409597158432006836e+00 8.387565612792968750e-01 -2.649352073669433594e+01 2.570959925651550293e-01 1.989631541073322296e-02 2.105099335312843323e-02 9.659516811370849609e-01
-2.503682136535644531e+00 8.288860321044921875e-01 -2.674020195007324219e+01 2.571355700492858887e-01 2.703666873276233673e-02 1.119184121489524841e-02 9.659321904182434082e-01
-2.594857215881347656e+00 8.190479278564453125e-01 -2.698696899414062500e+01 2.571894526481628418e-01 3.365330398082733154e-02 1.718896208330988884e-03 9.657732844352722168e-01
-2.679441213607788086e+00 8.102779388427734375e-01 -2.723149108886718750e+01 2.568238377571105957e-01 3.959933668375015259e-02 -7.659425027668476105e-03 9.656162261962890625e-01
-2.759754180908203125e+00 8.026847839355468750e-01 -2.747291946411132812e+01 2.563389837741851807e-01 4.598515108227729797e-02 -1.614037156105041504e-02 9.653575420379638672e-01
-2.842738628387451172e+00 8.017654418945312500e-01 -2.770380401611328125e+01 2.576809823513031006e-01 5.258264020085334778e-02 -2.574575506150722504e-02 9.644546508789062500e-01
-2.928557634353637695e+00 7.935495376586914062e-01 -2.794394111633300781e+01 2.567521929740905762e-01 5.904188007116317749e-02 -3.359327465295791626e-02 9.640870690345764160e-01
-3.005501270294189453e+00 7.875719070434570312e-01 -2.817841720581054688e+01 2.560974359512329102e-01 6.387772411108016968e-02 -4.186086356639862061e-02 9.636292457580566406e-01
-3.072830677032470703e+00 7.716350555419921875e-01 -2.840835952758789062e+01 2.549405395984649658e-01 6.791366636753082275e-02 -4.893813282251358032e-02 9.633265733718872070e-01
-3.154717922210693359e+00 7.669019699096679688e-01 -2.864033126831054688e+01 2.546888589859008789e-01 7.331327348947525024e-02 -5.591914802789688110e-02 9.626171588897705078e-01
-3.223880290985107422e+00 7.522220611572265625e-01 -2.887041091918945312e+01 2.531280219554901123e-01 7.655145972967147827e-02 -6.150166317820549011e-02 9.624363183975219727e-01
-3.315427303314208984e+00 7.490606307983398438e-01 -2.910698127746582031e+01 2.523430883884429932e-01 8.089645951986312866e-02 -6.632138788700103760e-02 9.619668126106262207e-01
-3.395495891571044922e+00 7.287950515747070312e-01 -2.934678649902343750e+01 2.488685548305511475e-01 8.511466532945632935e-02 -7.162405550479888916e-02 9.621278047561645508e-01
-3.461398363113403320e+00 7.294254302978515625e-01 -2.957253074645996094e+01 2.500469684600830078e-01 8.600202202796936035e-02 -7.491338998079299927e-02 9.614926576614379883e-01
-3.530531883239746094e+00 7.240257263183593750e-01 -2.979225921630859375e+01 2.498553842306137085e-01 8.757102489471435547e-02 -7.804486155509948730e-02 9.611517190933227539e-01
-3.597597360610961914e+00 7.216415405273437500e-01 -3.001108169555664062e+01 2.501300573348999023e-01 8.827039599418640137e-02 -7.984846085309982300e-02 9.608681201934814453e-01
-3.664846420288085938e+00 7.132682800292968750e-01 -3.023163414001464844e+01 2.494494318962097168e-01 8.840368688106536865e-02 -8.155328035354614258e-02 9.608896374702453613e-01
-3.729435205459594727e+00 7.127408981323242188e-01 -3.044378280639648438e+01 2.507971227169036865e-01 8.750615268945693970e-02 -8.084538578987121582e-02 9.606807231903076172e-01
-3.795045614242553711e+00 7.046670913696289062e-01 -3.066066169738769531e+01 2.500963211059570312e-01 8.626084774732589722e-02 -8.019679784774780273e-02 9.610303640365600586e-01
-3.861477375030517578e+00 7.013254165649414062e-01 -3.087431716918945312e+01 2.497404962778091431e-01 8.443693816661834717e-02 -7.828841358423233032e-02 9.614421725273132324e-01
-3.923748970031738281e+00 6.902551651000976562e-01 -3.108258056640625000e+01 2.494001239538192749e-01 8.138941973447799683e-02 -7.482667267322540283e-02 9.620687961578369141e-01
-3.986950397491455078e+00 6.898536682128906250e-01 -3.129383087158203125e+01 2.493569403886795044e-01 7.742564380168914795e-02 -7.072336226701736450e-02 9.627172946929931641e-01
-4.052216529846191406e+00 6.861133575439453125e-01 -3.149701881408691406e+01 2.497249543666839600e-01 7.293274253606796265e-02 -6.379643082618713379e-02 9.634564518928527832e-01
-4.116816043853759766e+00 6.763544082641601562e-01 -3.170137786865234375e+01 2.490463852882385254e-01 6.751868128776550293e-02 -5.682582780718803406e-02 9.644625186920166016e-01
-4.181164741516113281e+00 6.583633422851562500e-01 -3.190690612792968750e+01 2.480889111757278442e-01 6.046228855848312378e-02 -4.689447209239006042e-02 9.657106995582580566e-01
-4.241148948669433594e+00 6.512870788574218750e-01 -3.211063003540039062e+01 2.478514909744262695e-01 5.274207144975662231e-02 -3.646000102162361145e-02 9.666739702224731445e-01
-4.309436798095703125e+00 6.332416534423828125e-01 -3.229330444335937500e+01 2.475566267967224121e-01 4.450432583689689636e-02 -2.361835539340972900e-02 9.675624966621398926e-01
-4.360291481018066406e+00 6.302995681762695312e-01 -3.248247146606445312e+01 2.483311444520950317e-01 3.389030694961547852e-02 -9.189017117023468018e-03 9.680385589599609375e-01
-4.421480655670166016e+00 6.147642135620117188e-01 -3.266727447509765625e+01 2.474288791418075562e-01 2.370360679924488068e-02 5.445776972919702530e-03 9.686007499694824219e-01
-4.478375434875488281e+00 6.171503067016601562e-01 -3.286781692504882812e+01 2.478266656398773193e-01 1.193819846957921982e-02 2.189598605036735535e-02 9.684833288192749023e-01
-4.536291599273681641e+00 6.056127548217773438e-01 -3.304649734497070312e+01 2.472534775733947754e-01 8.839180227369070053e-04 3.792312368750572205e-02 9.682080149650573730e-01
-4.593794345855712891e+00 6.013383865356445312e-01 -3.323438644409179688e+01 2.472143024206161499e-01 -1.059598196297883987e-02 5.478768423199653625e-02 9.673526287078857422e-01
-4.647050857543945312e+00 6.009664535522460938e-01 -3.342901229858398438e+01 2.475289702415466309e-01 -2.375985309481620789e-02 7.310723513364791870e-02 9.658261537551879883e-01
-4.706988811492919922e+00 5.868616104125976562e-01 -3.362104415893554688e+01 2.462673038244247437e-01 -3.543876484036445618e-02 9.000962972640991211e-02 9.643623828887939453e-01
-4.765762329101562500e+00 5.833864212036132812e-01 -3.380617523193359375e+01 2.460969686508178711e-01 -4.708445817232131958e-02 1.073506399989128113e-01 9.621305465698242188e-01
-4.824062824249267578e+00 5.727720260620117188e-01 -3.398365402221679688e+01 2.443072348833084106e-01 -5.827360972762107849e-02 1.229398250579833984e-01 9.601062536239624023e-01
-4.883567810058593750e+00 5.654153823852539062e-01 -3.415021514892578125e+01 2.450663745403289795e-01 -6.921408325433731079e-02 1.394956856966018677e-01 9.569184184074401855e-01
-4.942078113555908203e+00 5.602073669433593750e-01 -3.432360076904296875e+01 2.433209717273712158e-01 -7.970466464757919312e-02 1.529442220926284790e-01 9.544894695281982422e-01
-5.006381988525390625e+00 5.606918334960937500e-01 -3.448350524902343750e+01 2.433754056692123413e-01 -8.858583867549896240e-02 1.650960743427276611e-01 9.516639113426208496e-01
-5.089304924011230469e+00 5.479354858398437500e-01 -3.463006210327148438e+01 2.422293573617935181e-01 -9.638150781393051147e-02 1.769293695688247681e-01 9.490687847137451172e-01
-5.146727085113525391e+00 5.457124710083007812e-01 -3.453451156616210938e+01 2.412700951099395752e-01 -1.030873134732246399e-01 1.858445554971694946e-01 9.469020366668701172e-01
-5.143903255462646484e+00 5.488948822021484375e-01 -3.437528228759765625e+01 2.408922165632247925e-01 -1.082538291811943054e-01 1.924574375152587891e-01 9.450989961624145508e-01
-5.127395629882812500e+00 5.530385971069335938e-01 -3.422425079345703125e+01 2.404599934816360474e-01 -1.113314330577850342e-01 1.934940963983535767e-01 9.446398019790649414e-01
-5.112824440002441406e+00 5.561876296997070312e-01 -3.407098007202148438e+01 2.402334958314895630e-01 -1.128144785761833191e-01 1.944971680641174316e-01 9.443153738975524902e-01
-5.095891952514648438e+00 5.584211349487304688e-01 -3.392311859130859375e+01 2.399336397647857666e-01 -1.137039139866828918e-01 1.949162483215332031e-01 9.441985487937927246e-01
-5.075493812561035156e+00 5.614080429077148438e-01 -3.377904510498046875e+01 2.400966882705688477e-01 -1.136570945382118225e-01 1.944589316844940186e-01 9.442570805549621582e-01
-5.059604644775390625e+00 5.643377304077148438e-01 -3.363233184814453125e+01 2.409870177507400513e-01 -1.093759983777999878e-01 1.872486472129821777e-01 9.459915757179260254e-01
-5.040844917297363281e+00 5.750627517700195312e-01 -3.349872589111328125e+01 2.420684397220611572e-01 -1.036005988717079163e-01 1.777358800172805786e-01 9.481981396675109863e-01
-5.024294853210449219e+00 5.914421081542968750e-01 -3.337483978271484375e+01 2.429945319890975952e-01 -9.679867327213287354e-02 1.647778004407882690e-01 9.510162472724914551e-01
-5.002880573272705078e+00 5.950899124145507812e-01 -3.325040435791015625e+01 2.431404292583465576e-01 -8.790434896945953369e-02 1.494594365358352661e-01 9.543675184249877930e-01
-4.989086627960205078e+00 5.988998413085937500e-01 -3.311589050292968750e+01 2.438901811838150024e-01 -7.697838544845581055e-02 1.318810433149337769e-01 9.577051997184753418e-01
-4.974241733551025391e+00 5.991601943969726562e-01 -3.299211120605468750e+01 2.447091490030288696e-01 -6.503998488187789917e-02 1.127473637461662292e-01 9.608200788497924805e-01
-4.957734584808349609e+00 6.044578552246093750e-01 -3.289184188842773438e+01 2.448121160268783569e-01 -5.266162008047103882e-02 9.053546935319900513e-02 9.638968110084533691e-01
-4.951766014099121094e+00 5.990371704101562500e-01 -3.273375320434570312e+01 2.452766448259353638e-01 -3.808817267417907715e-02 6.881419569253921509e-02 9.662573337554931641e-01
-4.934360504150390625e+00 6.039390563964843750e-01 -3.261557769775390625e+01 2.454001903533935547e-01 -2.402096427977085114e-02 4.580772295594215393e-02 9.680410027503967285e-01
-4.919818878173828125e+00 6.087903976440429688e-01 -3.250107192993164062e+01 2.447381913661956787e-01 -9.531902149319648743e-03 2.291144244372844696e-02 9.692716002464294434e-01
-4.901941776275634766e+00 6.118688583374023438e-01 -3.239306259155273438e+01 2.449130713939666748e-01 4.488664679229259491e-03 -6.577450549229979515e-04 9.695343971252441406e-01
-4.891370296478271484e+00 6.205854415893554688e-01 -3.228930664062500000e+01 2.449405342340469360e-01 1.949426159262657166e-02 -2.377114258706569672e-02 9.690505862236022949e-01
-4.875636100769042969e+00 6.257200241088867188e-01 -3.218409729003906250e+01 2.448664754629135132e-01 3.325469046831130981e-02 -4.684767127037048340e-02 9.678531885147094727e-01
-4.863212108612060547e+00 6.345624923706054688e-01 -3.209424591064453125e+01 2.442366033792495728e-01 4.707897827029228210e-02 -6.929963827133178711e-02 9.660898447036743164e-01
-4.847021102905273438e+00 6.421604156494140625e-01 -3.200085830688476562e+01 2.443068921566009521e-01 5.939844623208045959e-02 -8.965287357568740845e-02 9.637159109115600586e-01
-4.831270217895507812e+00 6.401863098144531250e-01 -3.190343093872070312e+01 2.431112378835678101e-01 7.127297669649124146e-02 -1.093690246343612671e-01 9.611740112304687500e-01
-4.816181659698486328e+00 6.493759155273437500e-01 -3.182220458984375000e+01 2.425566315650939941e-01 8.137828111648559570e-02 -1.265651136636734009e-01 9.583971500396728516e-01
-4.806715965270996094e+00 6.473455429077148438e-01 -3.173022079467773438e+01 2.415682673454284668e-01 9.106299281120300293e-02 -1.420301795005798340e-01 9.556043744087219238e-01
-4.795273780822753906e+00 6.504793167114257812e-01 -3.165313911437988281e+01 2.410864382982254028e-01 9.858933091163635254e-02 -1.543495655059814453e-01 9.530653953552246094e-01
-4.778820991516113281e+00 6.588439941406250000e-01 -3.158097839355468750e+01 2.412138283252716064e-01 1.038593202829360962e-01 -1.643200218677520752e-01 9.508039355278015137e-01
-4.764639377593994141e+00 6.544799804687500000e-01 -3.151328277587890625e+01 2.396620810031890869e-01 1.071464493870735168e-01 -1.712168753147125244e-01 9.496138691902160645e-01
-4.753705978393554688e+00 6.593265533447265625e-01 -3.144506072998046875e+01 2.393810749053955078e-01 1.089965552091598511e-01 -1.751074790954589844e-01 9.487643837928771973e-01
-4.747035980224609375e+00 6.615095138549804688e-01 -3.138315391540527344e+01 2.395359128713607788e-01 1.093123555183410645e-01 -1.747947037220001221e-01 9.487466216087341309e-01
-4.735436439514160156e+00 6.676549911499023438e-01 -3.132630538940429688e+01 2.401483356952667236e-01 1.082539409399032593e-01 -1.752494275569915771e-01 9.486292600631713867e-01
-4.728601455688476562e+00 6.698064804077148438e-01 -3.126981735229492188e+01 2.406125515699386597e-01 1.060895249247550964e-01 -1.723779141902923584e-01 9.492821097373962402e-01
-4.717325210571289062e+00 6.710205078125000000e-01 -3.122055053710937500e+01 2.419560402631759644e-01 1.020440608263015747e-01 -1.670069992542266846e-01 9.503436088562011719e-01
-4.710247993469238281e+00 6.671581268310546875e-01 -3.116850852966308594e+01 2.432096004486083984e-01 9.719078987836837769e-02 -1.593909412622451782e-01 9.518390297889709473e-01
-4.697143077850341797e+00 6.674709320068359375e-01 -3.112715339660644531e+01 2.444326132535934448e-01 9.118528664112091064e-02 -1.507270783185958862e-01 9.535299539566040039e-01
-4.692236900329589844e+00 6.721382141113281250e-01 -3.107866859436035156e+01 2.466222643852233887e-01 8.447024971246719360e-02 -1.392969787120819092e-01 9.553211927413940430e-01
-4.684870719909667969e+00 6.633815765380859375e-01 -3.102710342407226562e+01 2.475217133760452271e-01 7.736047357320785522e-02 -1.269567310810089111e-01 9.574081301689147949e-01
-4.679598331451416016e+00 6.655244827270507812e-01 -3.098484039306640625e+01 2.487991303205490112e-01 6.981045007705688477e-02 -1.134143844246864319e-01 9.593553543090820312e-01
-4.671752452850341797e+00 6.577358245849609375e-01 -3.094538307189941406e+01 2.491631507873535156e-01 6.119235605001449585e-02 -9.841556847095489502e-02 9.615027904510498047e-01
-4.664753913879394531e+00 6.587181091308593750e-01 -3.089487838745117188e+01 2.509341239929199219e-01 5.244753137230873108e-02 -8.258248865604400635e-02 9.630479812622070312e-01
-4.660748004913330078e+00 6.579961776733398438e-01 -3.085272407531738281e+01 2.522427737712860107e-01 4.408563300967216492e-02 -6.619320064783096313e-02 9.643902182579040527e-01
-4.653480052947998047e+00 6.549310684204101562e-01 -3.081128311157226562e+01 2.529836893081665039e-01 3.541854396462440491e-02 -4.906349629163742065e-02 9.655762910842895508e-01
-4.649876594543457031e+00 6.540002822875976562e-01 -3.077417755126953125e+01 2.535967230796813965e-01 2.728682942688465118e-02 -3.155650943517684937e-02 9.664099812507629395e-01
-4.640193462371826172e+00 6.522254943847656250e-01 -3.072944450378417969e+01 2.550338208675384521e-01 1.934725418686866760e-02 -1.453618891537189484e-02 9.666292667388916016e-01
-4.627139568328857422e+00 6.475343704223632812e-01 -3.068338203430175781e+01 2.556363344192504883e-01 1.094969548285007477e-02 3.175071440637111664e-03 9.667057991027832031e-01
-4.624778747558593750e+00 6.448459625244140625e-01 -3.064161491394042969e+01 2.564432322978973389e-01 4.662686958909034729e-03 2.063121832907199860e-02 9.663278460502624512e-01
-4.612091064453125000e+00 6.439161300659179688e-01 -3.060444831848144531e+01 2.570080161094665527e-01 -2.245682058855891228e-03 3.750550374388694763e-02 9.656786322593688965e-01
-4.608224391937255859e+00 6.364259719848632812e-01 -3.056859588623046875e+01 2.561630308628082275e-01 -6.805831100791692734e-03 5.425971746444702148e-02 9.650855064392089844e-01
-4.603038787841796875e+00 6.323652267456054688e-01 -3.053297424316406250e+01 2.555309236049652100e-01 -1.094333920627832413e-02 7.047291100025177002e-02 9.641668796539306641e-01
-4.593075275421142578e+00 6.298637390136718750e-01 -3.049194908142089844e+01 2.556711137294769287e-01 -1.465739682316780090e-02 8.508076518774032593e-02 9.629011750221252441e-01
-4.584382534027099609e+00 6.309204101562500000e-01 -3.045261001586914062e+01 2.559665143489837646e-01 -1.767835207283496857e-02 9.966816008090972900e-02 9.613713622093200684e-01
-4.579246520996093750e+00 6.260900497436523438e-01 -3.042293167114257812e+01 2.552937567234039307e-01 -1.957113854587078094e-02 1.133043244481086731e-01 9.600021839141845703e-01
-4.574014663696289062e+00 6.242151260375976562e-01 -3.038429069519042969e+01 2.553312778472900391e-01 -1.999134197831153870e-02 1.253342628479003906e-01 9.584871530532836914e-01
-4.564643859863281250e+00 6.248779296875000000e-01 -3.034625816345214844e+01 2.554380893707275391e-01 -2.105597220361232758e-02 1.372568458318710327e-01 9.568012356758117676e-01
-4.557580947875976562e+00 6.214122772216796875e-01 -3.030643463134765625e+01 2.553981542587280273e-01 -2.143241837620735168e-02 1.481686383485794067e-01 9.551745653152465820e-01
-4.550466537475585938e+00 6.222343444824218750e-01 -3.027234268188476562e+01 2.559376955032348633e-01 -2.134357020258903503e-02 1.566675305366516113e-01 9.536747932434082031e-01
-4.544979095458984375e+00 6.201925277709960938e-01 -3.024001312255859375e+01 2.559756934642791748e-01 -2.037009224295616150e-02 1.654962301254272461e-01 9.521935582160949707e-01
-4.539839744567871094e+00 6.193523406982421875e-01 -3.020107650756835938e+01 2.566963732242584229e-01 -1.851188391447067261e-02 1.694307178258895874e-01 9.513450860977172852e-01
-4.534118652343750000e+00 6.222448348999023438e-01 -3.016454887390136719e+01 2.577882707118988037e-01 -1.583507284522056580e-02 1.685630232095718384e-01 9.512522816658020020e-01
-4.527443885803222656e+00 6.220083236694335938e-01 -3.012779808044433594e+01 2.579752802848815918e-01 -1.317596994340419769e-02 1.675280928611755371e-01 9.514249563217163086e-01
-4.522993564605712891e+00 6.203584671020507812e-01 -3.010123062133789062e+01 2.577336132526397705e-01 -1.087142992764711380e-02 1.673263460397720337e-01 9.515550732612609863e-01
-4.518334388732910156e+00 6.214895248413085938e-01 -3.007652282714843750e+01 2.580194175243377686e-01 -9.043915197253227234e-03 1.668944209814071655e-01 9.515725970268249512e-01
-4.514868259429931641e+00 6.232814788818359375e-01 -3.005338287353515625e+01 2.584430873394012451e-01 -7.259067147970199585e-03 1.658422052860260010e-01 9.516568779945373535e-01
-4.512596607208251953e+00 6.238517761230468750e-01 -3.003425598144531250e+01 2.588161826133728027e-01 -5.840969737619161606e-03 1.662603616714477539e-01 9.514922499656677246e-01
-4.508990287780761719e+00 6.232557296752929688e-01 -3.002197837829589844e+01 2.585584223270416260e-01 -5.515884142369031906e-03 1.658139228820800781e-01 9.516422152519226074e-01
-4.507841110229492188e+00 6.232576370239257812e-01 -3.001129150390625000e+01 2.587003707885742188e-01 -5.520408041775226593e-03 1.659972220659255981e-01 9.515715837478637695e-01
-4.506975173950195312e+00 6.227827072143554688e-01 -3.000415229797363281e+01 2.585517764091491699e-01 -6.355530582368373871e-03 1.662576347589492798e-01 9.515613317489624023e-01
-4.508567810058593750e+00 6.257200241088867188e-01 -3.000074386596679688e+01 2.583224773406982422e-01 -4.978037904947996140e-03 1.561992019414901733e-01 9.533344507217407227e-01
-4.508592605590820312e+00 6.271848678588867188e-01 -2.999680328369140625e+01 2.576552629470825195e-01 -3.936844877898693085e-03 1.451467722654342651e-01 9.552646875381469727e-01
-4.508622646331787109e+00 6.298007965087890625e-01 -2.998910903930664062e+01 2.571694254875183105e-01 -3.323572222143411636e-03 1.322176009416580200e-01 9.572728872299194336e-01
-4.508313655853271484e+00 6.327962875366210938e-01 -2.998308563232421875e+01 2.566247284412384033e-01 -2.897394122555851936e-03 1.184227839112281799e-01 9.592243432998657227e-01
-4.508884906768798828e+00 6.372003555297851562e-01 -2.997496795654296875e+01 2.561393082141876221e-01 -2.421622164547443390e-03 1.027654856443405151e-01 9.611586928367614746e-01
-4.508672237396240234e+00 6.413078308105468750e-01 -2.996743392944335938e+01 2.552109062671661377e-01 -2.379360841587185860e-03 8.646441251039505005e-02 9.630086421966552734e-01
-4.507368087768554688e+00 6.462411880493164062e-01 -2.995685768127441406e+01 2.543629705905914307e-01 -2.316297264769673347e-03 6.853687763214111328e-02 9.646744728088378906e-01
-4.505968093872070312e+00 6.508636474609375000e-01 -2.994781684875488281e+01 2.536708712577819824e-01 -2.467378741130232811e-03 5.052170529961585999e-02 9.659671783447265625e-01
-4.505223751068115234e+00 6.561241149902343750e-01 -2.993663406372070312e+01 2.525403797626495361e-01 -2.725604921579360962e-03 3.161535039544105530e-02 9.670658707618713379e-01
-4.503788471221923828e+00 6.591682434082031250e-01 -2.991833686828613281e+01 2.517170608043670654e-01 -2.633435651659965515e-03 1.255058962851762772e-02 9.677159190177917480e-01
-4.500755310058593750e+00 6.658763885498046875e-01 -2.990217208862304688e+01 2.513765394687652588e-01 -2.919223858043551445e-03 -6.279813591390848160e-03 9.678645730018615723e-01
-4.496290683746337891e+00 6.699256896972656250e-01 -2.988281822204589844e+01 2.504940330982208252e-01 -3.628792241215705872e-03 -2.457988262176513672e-02 9.677992463111877441e-01
-4.493403434753417969e+00 6.728954315185546875e-01 -2.986417961120605469e+01 2.499257773160934448e-01 -3.941109869629144669e-03 -4.298345372080802917e-02 9.673024415969848633e-01
-4.489695549011230469e+00 6.786060333251953125e-01 -2.984183502197265625e+01 2.496870011091232300e-01 -4.198923707008361816e-03 -6.091111153364181519e-02 9.663997888565063477e-01
-4.486082553863525391e+00 6.834945678710937500e-01 -2.982574081420898438e+01 2.489618510007858276e-01 -4.825836978852748871e-03 -7.822618633508682251e-02 9.653369188308715820e-01
-4.482352256774902344e+00 6.878156661987304688e-01 -2.980481719970703125e+01 2.485712021589279175e-01 -5.067253485321998596e-03 -9.438040107488632202e-02 9.639912247657775879e-01
-4.478145599365234375e+00 6.923494338989257812e-01 -2.978175926208496094e+01 2.487753182649612427e-01 -5.203857086598873138e-03 -1.097043901681900024e-01 9.623142480850219727e-01
-4.473196029663085938e+00 6.956014633178710938e-01 -2.975712203979492188e+01 2.492192089557647705e-01 -5.470718257129192352e-03 -1.229907721281051636e-01 9.605900049209594727e-01
-4.469075202941894531e+00 6.990671157836914062e-01 -2.973234748840332031e+01 2.498604357242584229e-01 -5.031565204262733459e-03 -1.358515024185180664e-01 9.586911797523498535e-01
-4.463253021240234375e+00 6.993665695190429688e-01 -2.970609283447265625e+01 2.503212392330169678e-01 -5.058803129941225052e-03 -1.463532894849777222e-01 9.570237398147583008e-01
-4.459242820739746094e+00 7.007265090942382812e-01 -2.967532348632812500e+01 2.519912123680114746e-01 -6.971904542297124863e-03 -1.457726955413818359e-01 9.566619992256164551e-01
-4.454310417175292969e+00 7.005453109741210938e-01 -2.964719581604003906e+01 2.533566951751708984e-01 -8.705014362931251526e-03 -1.449196189641952515e-01 9.564167261123657227e-01
-4.449153900146484375e+00 7.003450393676757812e-01 -2.961719512939453125e+01 2.553895413875579834e-01 -1.021461095660924911e-02 -1.438143402338027954e-01 9.560278654098510742e-01
-4.444995880126953125e+00 7.006731033325195312e-01 -2.958396530151367188e+01 2.577920258045196533e-01 -1.028717122972011566e-02 -1.437315940856933594e-01 9.553945064544677734e-01
-4.438665866851806641e+00 7.014741897583007812e-01 -2.955193519592285156e+01 2.602285742759704590e-01 -1.048398669809103012e-02 -1.440429985523223877e-01 9.546846747398376465e-01
-4.432566642761230469e+00 7.019672393798828125e-01 -2.951752662658691406e+01 2.627806961536407471e-01 -1.038880180567502975e-02 -1.432047486305236816e-01 9.541125893592834473e-01
-4.428525924682617188e+00 7.026300430297851562e-01 -2.948361206054687500e+01 2.622949779033660889e-01 -9.219085797667503357e-03 -1.439044773578643799e-01 9.541529417037963867e-01
-4.422423362731933594e+00 7.023105621337890625e-01 -2.944803810119628906e+01 2.615279555320739746e-01 -8.391557261347770691e-03 -1.440542042255401611e-01 9.543485045433044434e-01
-4.414878368377685547e+00 7.036924362182617188e-01 -2.941073226928710938e+01 2.616191208362579346e-01 -7.413446903228759766e-03 -1.445699930191040039e-01 9.542536139488220215e-01
-4.408044815063476562e+00 7.046689987182617188e-01 -2.937187385559082031e+01 2.608899474143981934e-01 -5.075353663414716721e-03 -1.453963220119476318e-01 9.543430209159851074e-01
-4.401646137237548828e+00 7.055540084838867188e-01 -2.933055114746093750e+01 2.607954442501068115e-01 -2.543556038290262222e-03 -1.458185613155364990e-01 9.543145298957824707e-01
-4.394379615783691406e+00 7.055387496948242188e-01 -2.928679275512695312e+01 2.602905035018920898e-01 4.268172779120504856e-04 -1.469135731458663940e-01 9.542877078056335449e-01
-4.387282371520996094e+00 7.070541381835937500e-01 -2.924490165710449219e+01 2.598655819892883301e-01 3.868123050779104233e-03 -1.476694941520690918e-01 9.542791247367858887e-01
-4.379295349121093750e+00 7.077169418334960938e-01 -2.919877624511718750e+01 2.596691846847534180e-01 7.451737299561500549e-03 -1.483203172683715820e-01 9.542104005813598633e-01
-4.372015953063964844e+00 7.083950042724609375e-01 -2.915320777893066406e+01 2.587537467479705811e-01 1.195853762328624725e-02 -1.498172730207443237e-01 9.541793465614318848e-01
-4.364140033721923828e+00 7.084074020385742188e-01 -2.910547256469726562e+01 2.576608657836914062e-01 1.655340939760208130e-02 -1.506960093975067139e-01 9.542680978775024414e-01
-4.356140136718750000e+00 7.087917327880859375e-01 -2.905652236938476562e+01 2.565229833126068115e-01 2.187107875943183899e-02 -1.518698781728744507e-01 9.542815089225769043e-01
-4.348392009735107422e+00 7.109279632568359375e-01 -2.900715827941894531e+01 2.556039094924926758e-01 2.677527815103530884e-02 -1.525980830192565918e-01 9.542869329452514648e-01
