0.000000000000000000e+00 0.000000000000000000e+00 0.000000000000000000e+00 0.000000000000000000e+00 0.000000000000000000e+00 0.000000000000000000e+00 1.000000000000000000e+00
6.291775405406951904e-02 3.576448187232017517e-02 -1.937117800116539001e-02 -1.435991004109382629e-02 -1.361071772407740355e-04 7.136836182326078415e-03 9.998714327812194824e-01
3.022808767855167389e-02 -5.098938196897506714e-02 -1.028779819607734680e-01 -3.203525021672248840e-02 1.401725807227194309e-03 1.501631736755371094e-02 9.993729591369628906e-01
3.304888606071472168e-01 1.101084426045417786e-01 -9.854858741164207458e-03 -5.003197118639945984e-02 -2.989850472658872604e-03 2.637407183647155762e-02 9.983948469161987305e-01
2.520957887172698975e-01 6.545350700616836548e-02 -3.160178288817405701e-02 -7.123205810785293579e-02 -1.152109703980386257e-03 3.510651364922523499e-02 9.968411326408386230e-01
2.748489677906036377e-01 7.033826410770416260e-02 -3.443019092082977295e-02 -9.350931644439697266e-02 -1.700993627309799194e-03 4.548801109194755554e-02 9.945772886276245117e-01
2.915556728839874268e-01 1.049929335713386536e-01 1.565007865428924561e-02 -1.177145317196846008e-01 -2.435788512229919434e-03 5.688621476292610168e-02 9.914137721061706543e-01
3.386863172054290771e-01 1.271411180496215820e-01 4.246369004249572754e-03 -1.414437890052795410e-01 -3.538391552865505219e-03 6.732112169265747070e-02 9.876481890678405762e-01
3.046359121799468994e-01 1.338127255439758301e-01 3.090286068618297577e-02 -1.665201783180236816e-01 -4.194175824522972107e-03 7.678566873073577881e-02 9.830347895622253418e-01
3.785955309867858887e-01 1.464807391166687012e-01 3.511057049036026001e-02 -1.935324519872665405e-01 -6.758355535566806793e-03 8.957406878471374512e-02 9.769728779792785645e-01
3.882486820220947266e-01 1.717859804630279541e-01 6.539942324161529541e-02 -2.201827913522720337e-01 -9.953687898814678192e-03 1.000240221619606018e-01 9.702657461166381836e-01
3.941306471824645996e-01 1.779443919658660889e-01 7.370283454656600952e-02 -2.464426606893539429e-01 -1.278258580714464188e-02 1.095494702458381653e-01 9.628611207008361816e-01
4.173476994037628174e-01 1.973603516817092896e-01 9.105326235294342041e-02 -2.728601098060607910e-01 -1.738684624433517456e-02 1.195095777511596680e-01 9.544435739517211914e-01
4.293193221092224121e-01 2.108204960823059082e-01 1.100333034992218018e-01 -2.991576194763183594e-01 -2.285379543900489807e-02 1.279690712690353394e-01 9.453075528144836426e-01
4.526406526565551758e-01 2.312484681606292725e-01 1.304581314325332642e-01 -3.247913122177124023e-01 -2.957430481910705566e-02 1.360429972410202026e-01 9.354829192161560059e-01
4.755714237689971924e-01 2.535188198089599609e-01 1.539787799119949341e-01 -3.500002026557922363e-01 -3.739286959171295166e-02 1.433884203433990479e-01 9.249548316001892090e-01
4.733713567256927490e-01 2.606768608093261719e-01 1.675759702920913696e-01 -3.737058341503143311e-01 -4.523739591240882874e-02 1.479882150888442993e-01 9.145474433898925781e-01
5.049476623535156250e-01 2.895819544792175293e-01 1.924832165241241455e-01 -3.967853188514709473e-01 -5.623982846736907959e-02 1.532396972179412842e-01 9.032807350158691406e-01
4.983264803886413574e-01 3.012916445732116699e-01 2.131050825119018555e-01 -4.188706874847412109e-01 -6.661646068096160889e-02 1.549862325191497803e-01 8.922381401062011719e-01
5.373091697692871094e-01 3.393894433975219727e-01 2.209513932466506958e-01 -4.373370409011840820e-01 -8.063279837369918823e-02 1.584212630987167358e-01 8.815539479255676270e-01
5.592919588088989258e-01 3.709893226623535156e-01 2.565978765487670898e-01 -4.565415382385253906e-01 -9.583152830600738525e-02 1.578522473573684692e-01 8.703268170356750488e-01
5.714613795280456543e-01 3.902790546417236328e-01 2.775247693061828613e-01 -4.735170006752014160e-01 -1.117463558912277222e-01 1.559910476207733154e-01 8.596284985542297363e-01
5.911682844161987305e-01 4.113710522651672363e-01 3.063674271106719971e-01 -4.895639121532440186e-01 -1.294108331203460693e-01 1.531180888414382935e-01 8.486075997352600098e-01
6.013503074645996094e-01 4.391768574714660645e-01 3.159183561801910400e-01 -5.017836689949035645e-01 -1.481592506170272827e-01 1.473636776208877563e-01 8.393723368644714355e-01
6.229107975959777832e-01 4.625178575515747070e-01 3.319908976554870605e-01 -5.130074620246887207e-01 -1.678856164216995239e-01 1.419954001903533936e-01 8.297439813613891602e-01
6.364024281501770020e-01 4.861259162425994873e-01 3.499297499656677246e-01 -5.226952433586120605e-01 -1.875679045915603638e-01 1.353505104780197144e-01 8.205413818359375000e-01
6.452969908714294434e-01 5.040908455848693848e-01 3.629688918590545654e-01 -5.304168462753295898e-01 -2.081612497568130493e-01 1.264703720808029175e-01 8.119926452636718750e-01
6.635601520538330078e-01 5.286904573440551758e-01 3.918102383613586426e-01 -5.380104184150695801e-01 -2.288741618394851685e-01 1.190833672881126404e-01 8.024839758872985840e-01
6.773477196693420410e-01 5.514630079269409180e-01 4.113383889198303223e-01 -5.432091355323791504e-01 -2.490031272172927856e-01 1.108921095728874207e-01 7.941184639930725098e-01
6.897939443588256836e-01 5.703456401824951172e-01 4.254412055015563965e-01 -5.462091565132141113e-01 -2.691506445407867432e-01 1.018185839056968689e-01 7.866679430007934570e-01
7.034115791320800781e-01 5.872641801834106445e-01 4.396284818649291992e-01 -5.447874665260314941e-01 -2.880004644393920898e-01 9.372943639755249023e-02 7.819700837135314941e-01
7.123323082923889160e-01 6.056222915649414062e-01 4.556339681148529053e-01 -5.385428667068481445e-01 -3.053873479366302490e-01 8.689629286527633667e-02 7.804864645004272461e-01
7.244664430618286133e-01 6.260045766830444336e-01 4.722516834735870361e-01 -5.325576663017272949e-01 -3.217969536781311035e-01 8.092782646417617798e-02 7.786397337913513184e-01
7.359508275985717773e-01 6.370602846145629883e-01 4.842146635055541992e-01 -5.263200998306274414e-01 -3.367496430873870850e-01 7.484994828701019287e-02 7.771642804145812988e-01
7.470504045486450195e-01 6.587262153625488281e-01 5.027328133583068848e-01 -5.211419463157653809e-01 -3.510186672210693359e-01 6.994669884443283081e-02 7.747932076454162598e-01
7.599686384201049805e-01 6.830300688743591309e-01 5.170262455940246582e-01 -5.155752897262573242e-01 -3.636697232723236084e-01 6.561869382858276367e-02 7.730592489242553711e-01
7.740881443023681641e-01 6.951600313186645508e-01 5.347113013267517090e-01 -5.107573270797729492e-01 -3.746735453605651855e-01 6.127512454986572266e-02 7.713572978973388672e-01
7.770754098892211914e-01 7.048625349998474121e-01 5.353200435638427734e-01 -5.056403279304504395e-01 -3.827872574329376221e-01 5.606924369931221008e-02 7.711407542228698730e-01
7.837541699409484863e-01 7.156158089637756348e-01 5.484357476234436035e-01 -5.024585127830505371e-01 -3.893922567367553711e-01 5.294801667332649231e-02 7.701334953308105469e-01
7.927583456039428711e-01 7.367058396339416504e-01 5.663453936576843262e-01 -5.000864863395690918e-01 -3.949620127677917480e-01 5.116845667362213135e-02 7.689605355262756348e-01
7.992885112762451172e-01 7.464965581893920898e-01 5.789591073989868164e-01 -4.987869262695312500e-01 -3.970952928066253662e-01 4.979911819100379944e-02 7.687957882881164551e-01
8.106534481048583984e-01 7.567380070686340332e-01 5.984146595001220703e-01 -4.896204173564910889e-01 -3.953086435794830322e-01 5.492258816957473755e-02 7.752331495285034180e-01
8.067680597305297852e-01 7.772362828254699707e-01 5.880589485168457031e-01 -4.775115251541137695e-01 -3.891092538833618164e-01 6.247752159833908081e-02 7.852854728698730469e-01
8.147233724594116211e-01 8.098076581954956055e-01 6.169123053550720215e-01 -4.670651257038116455e-01 -3.826328217983245850e-01 7.289490103721618652e-02 7.938064336776733398e-01
8.282360434532165527e-01 7.976300716400146484e-01 6.519280672073364258e-01 -4.561473131179809570e-01 -3.729948401451110840e-01 8.077983558177947998e-02 8.039148449897766113e-01
8.229157924652099609e-01 8.155781626701354980e-01 6.549559831619262695e-01 -4.424462020397186279e-01 -3.597942590713500977e-01 9.227503091096878052e-02 8.162565827369689941e-01
8.333996534347534180e-01 8.271328210830688477e-01 6.725169420242309570e-01 -4.290701746940612793e-01 -3.444900214672088623e-01 1.052428707480430603e-01 8.283413052558898926e-01
8.413295745849609375e-01 8.424316644668579102e-01 6.896936893463134766e-01 -4.147316813468933105e-01 -3.268079459667205811e-01 1.189018711447715759e-01 8.408665060997009277e-01
8.367419242858886719e-01 8.472527861595153809e-01 6.946585178375244141e-01 -3.992477655410766602e-01 -3.060905635356903076e-01 1.323155909776687622e-01 8.540505766868591309e-01
8.388516306877136230e-01 8.643657565116882324e-01 7.099966406822204590e-01 -3.831577599048614502e-01 -2.840049862861633301e-01 1.471057534217834473e-01 8.665397763252258301e-01
8.354936242103576660e-01 8.707332015037536621e-01 7.265564203262329102e-01 -3.663319945335388184e-01 -2.599602043628692627e-01 1.606786102056503296e-01 8.788651227951049805e-01
8.453212976455688477e-01 8.799978494644165039e-01 7.473871707916259766e-01 -3.497837483882904053e-01 -2.340338677167892456e-01 1.755087375640869141e-01 8.899865746498107910e-01
8.460400104522705078e-01 8.782435655593872070e-01 7.533732652664184570e-01 -3.315712213516235352e-01 -2.059843391180038452e-01 1.881213784217834473e-01 9.012443423271179199e-01
8.449206352233886719e-01 8.939602375030517578e-01 7.736851572990417480e-01 -3.131184577941894531e-01 -1.772375851869583130e-01 2.009875178337097168e-01 9.111244082450866699e-01
8.461595773696899414e-01 9.074313640594482422e-01 7.865809202194213867e-01 -2.942419052124023438e-01 -1.466109305620193481e-01 2.138073295354843140e-01 9.198985695838928223e-01
8.600490093231201172e-01 9.249750375747680664e-01 8.223121166229248047e-01 -2.764757573604583740e-01 -1.159729808568954468e-01 2.257700115442276001e-01 9.268977046012878418e-01
8.584272265434265137e-01 9.100545644760131836e-01 8.017383813858032227e-01 -2.546975016593933105e-01 -8.402999490499496460e-02 2.324842512607574463e-01 9.348899126052856445e-01
7.988340854644775391e-01 8.698301315307617188e-01 7.372820973396301270e-01 -2.351884096860885620e-01 -4.949149116873741150e-02 2.406012266874313354e-01 9.403978586196899414e-01
8.617579936981201172e-01 8.306294679641723633e-01 7.331927418708801270e-01 -2.171079367399215698e-01 -1.726061664521694183e-02 2.467548698186874390e-01 9.442871809005737305e-01
4.125145971775054932e-01 5.296443700790405273e-01 6.516208052635192871e-01 -2.009316384792327881e-01 2.399762906134128571e-02 2.480491101741790771e-01 9.473764896392822266e-01
7.121829390525817871e-01 7.515108585357666016e-01 7.347291707992553711e-01 -1.794529557228088379e-01 4.972647875547409058e-02 2.510580420494079590e-01 9.498914480209350586e-01
8.410627841949462891e-01 8.644042611122131348e-01 8.149734139442443848e-01 -1.604269891977310181e-01 8.088877797126770020e-02 2.512231469154357910e-01 9.511083364486694336e-01
8.480625748634338379e-01 8.605731129646301270e-01 8.202242851257324219e-01 -1.427872627973556519e-01 1.125036180019378662e-01 2.496382296085357666e-01 9.511232972145080566e-01
9.069046974182128906e-01 6.997437477111816406e-01 6.641650795936584473e-01 -1.257328838109970093e-01 1.400253623723983765e-01 2.500320076942443848e-01 9.497726559638977051e-01
9.211946129798889160e-01 7.383971214294433594e-01 6.710327863693237305e-01 -1.089007258415222168e-01 1.694853305816650391e-01 2.441162616014480591e-01 9.485898017883300781e-01
9.337531924247741699e-01 7.813575267791748047e-01 7.074295282363891602e-01 -9.413906186819076538e-02 1.982032656669616699e-01 2.365242689847946167e-01 9.465249776840209961e-01
8.539730906486511230e-01 7.168376445770263672e-01 6.880797147750854492e-01 -8.015865832567214966e-02 2.262363731861114502e-01 2.260782569646835327e-01 9.440764188766479492e-01
9.005546569824218750e-01 7.249815464019775391e-01 7.302993535995483398e-01 -6.658625602722167969e-02 2.536739110946655273e-01 2.207543253898620605e-01 9.394058585166931152e-01
8.861848115921020508e-01 7.198687195777893066e-01 7.081308364868164062e-01 -5.611823499202728271e-02 2.755372226238250732e-01 2.030232548713684082e-01 9.379293918609619141e-01
9.025977253913879395e-01 7.495012283325195312e-01 7.421227693557739258e-01 -4.602086916565895081e-02 2.977357804775238037e-01 1.873136609792709351e-01 9.349594116210937500e-01
9.076111316680908203e-01 7.730863094329833984e-01 7.897099256515502930e-01 -3.694846853613853455e-02 3.194293081760406494e-01 1.722673922777175903e-01 9.310873746871948242e-01
9.191932678222656250e-01 7.969776391983032227e-01 8.272417783737182617e-01 -2.946834452450275421e-02 3.386213481426239014e-01 1.579783558845520020e-01 9.270976185798645020e-01
9.291902780532836914e-01 8.315126895904541016e-01 8.465937376022338867e-01 -2.210663072764873505e-02 3.537954688072204590e-01 1.442252993583679199e-01 9.238718152046203613e-01
9.393287897109985352e-01 8.841803073883056641e-01 8.854093551635742188e-01 -1.502925623208284378e-02 3.679177761077880859e-01 1.309083253145217896e-01 9.204747080802917480e-01
9.616360664367675781e-01 9.222571849822998047e-01 9.228355884552001953e-01 -9.568180888891220093e-03 3.791409432888031006e-01 1.204956248402595520e-01 9.174101352691650391e-01
9.838441610336303711e-01 9.669357538223266602e-01 9.621625542640686035e-01 -4.363610409200191498e-03 3.878730535507202148e-01 1.114172860980033875e-01 9.149435162544250488e-01
1.005614161491394043e+00 1.020478367805480957e+00 1.008320689201354980e+00 -2.709707478061318398e-04 3.941105604171752930e-01 1.040678769350051880e-01 9.131520390510559082e-01
1.026509046554565430e+00 1.066314935684204102e+00 1.071001887321472168e+00 3.305932506918907166e-03 3.989359140396118164e-01 1.000912711024284363e-01 9.114938378334045410e-01
1.050148844718933105e+00 1.122801899909973145e+00 1.125746488571166992e+00 6.290473975241184235e-03 3.999446630477905273e-01 9.766108542680740356e-02 9.112996459007263184e-01
1.073700428009033203e+00 1.196996331214904785e+00 1.181778430938720703e+00 8.937601931393146515e-03 3.978447318077087402e-01 9.651175886392593384e-02 9.123185873031616211e-01
1.101370573043823242e+00 1.253683447837829590e+00 1.232001900672912598e+00 1.003830134868621826e-02 3.916115164756774902e-01 1.003269553184509277e-01 9.145895838737487793e-01
1.124490857124328613e+00 1.308768987655639648e+00 1.275948405265808105e+00 6.119953002780675888e-03 3.824562430381774902e-01 9.869797527790069580e-02 9.186667203903198242e-01
1.152116775512695312e+00 1.380066394805908203e+00 1.345445632934570312e+00 1.864014775492250919e-03 3.719148933887481689e-01 9.777512401342391968e-02 9.231011867523193359e-01
1.184289932250976562e+00 1.482985377311706543e+00 1.399473190307617188e+00 -3.405989147722721100e-03 3.570648729801177979e-01 9.601786732673645020e-02 9.291251897811889648e-01
1.219647288322448730e+00 1.565846920013427734e+00 1.467837572097778320e+00 -9.549433365464210510e-03 3.402648866176605225e-01 9.833252429962158203e-02 9.351252913475036621e-01
1.253220558166503906e+00 1.642139315605163574e+00 1.550401329994201660e+00 -1.692926324903964996e-02 3.223359882831573486e-01 1.019052937626838684e-01 9.409719109535217285e-01
1.293413996696472168e+00 1.742532730102539062e+00 1.604248523712158203e+00 -2.537061646580696106e-02 3.001715540885925293e-01 1.053082048892974854e-01 9.477149248123168945e-01
1.367514252662658691e+00 1.829864978790283203e+00 1.656090259552001953e+00 -3.569075837731361389e-02 2.759793996810913086e-01 1.089504733681678772e-01 9.543014764785766602e-01
1.358211755752563477e+00 1.933180570602416992e+00 1.731365442276000977e+00 -4.334245622158050537e-02 2.536599636077880859e-01 1.147784590721130371e-01 9.594810605049133301e-01
1.451380610466003418e+00 2.015698432922363281e+00 1.767480254173278809e+00 -5.404715612530708313e-02 2.259658277034759521e-01 1.211968287825584412e-01 9.650542140007019043e-01
1.448073387145996094e+00 2.095692634582519531e+00 1.736199140548706055e+00 -6.278287619352340698e-02 1.981146782636642456e-01 1.282318830490112305e-01 9.697244167327880859e-01
1.498231887817382812e+00 2.230427265167236328e+00 1.881301641464233398e+00 -7.437478005886077881e-02 1.737504899501800537e-01 1.346556544303894043e-01 9.727008342742919922e-01
1.520759344100952148e+00 2.262152671813964844e+00 1.863733530044555664e+00 -8.434896171092987061e-02 1.467361897230148315e-01 1.401719003915786743e-01 9.755539894104003906e-01
1.383197546005249023e+00 2.172661066055297852e+00 1.715866923332214355e+00 -9.459710121154785156e-02 1.207151710987091064e-01 1.455679535865783691e-01 9.773889780044555664e-01
1.434748888015747070e+00 2.193301677703857422e+00 1.731209039688110352e+00 -1.055694445967674255e-01 9.317829459905624390e-02 1.527963578701019287e-01 9.781749248504638672e-01
1.407378435134887695e+00 2.214076519012451172e+00 1.747496962547302246e+00 -1.172297224402427673e-01 6.764920055866241455e-02 1.563588231801986694e-01 9.783827066421508789e-01
1.533310174942016602e+00 2.388272285461425781e+00 1.801678657531738281e+00 -1.255209445953369141e-01 3.983379900455474854e-02 1.646403521299362183e-01 9.775230288505554199e-01
1.587513446807861328e+00 2.509771347045898438e+00 1.889740705490112305e+00 -1.353490650653839111e-01 1.646767184138298035e-02 1.707845032215118408e-01 9.758289456367492676e-01
1.583507537841796875e+00 2.678585052490234375e+00 1.920678853988647461e+00 -1.412917971611022949e-01 -4.167322069406509399e-03 1.731157153844833374e-01 9.747051596641540527e-01
1.675826787948608398e+00 2.807646751403808594e+00 2.030664443969726562e+00 -1.514693945646286011e-01 -2.553763054311275482e-02 1.772811710834503174e-01 9.720988869667053223e-01
1.735511898994445801e+00 2.965867042541503906e+00 2.099919080734252930e+00 -1.578635126352310181e-01 -4.274904727935791016e-02 1.806475073099136353e-01 9.698546528816223145e-01
1.711424350738525391e+00 3.122629404067993164e+00 2.182533979415893555e+00 -1.633586734533309937e-01 -5.360032990574836731e-02 1.833395361900329590e-01 9.678984880447387695e-01
1.723716497421264648e+00 3.230691432952880859e+00 2.247074604034423828e+00 -1.703248322010040283e-01 -6.235067173838615417e-02 1.825664937496185303e-01 9.663184285163879395e-01
1.738856554031372070e+00 3.397481441497802734e+00 2.286795139312744141e+00 -1.724981069564819336e-01 -6.927404552698135376e-02 1.819139420986175537e-01 9.655842185020446777e-01
1.838948249816894531e+00 3.520151615142822266e+00 2.399429798126220703e+00 -1.815919280052185059e-01 -7.707037776708602905e-02 1.846441775560379028e-01 9.628037214279174805e-01
1.939646840095520020e+00 3.684412240982055664e+00 2.490547657012939453e+00 -1.850349158048629761e-01 -8.508285135030746460e-02 1.857561469078063965e-01 9.612583518028259277e-01
2.040808200836181641e+00 3.866896629333496094e+00 2.591564893722534180e+00 -1.892100870609283447e-01 -8.952339738607406616e-02 1.871477812528610229e-01 9.597712159156799316e-01
2.140623092651367188e+00 4.039157867431640625e+00 2.654267549514770508e+00 -1.902796477079391479e-01 -9.308551251888275146e-02 1.872497498989105225e-01 9.592008590698242188e-01
2.232837200164794922e+00 4.198419570922851562e+00 2.761672496795654297e+00 -1.941211074590682983e-01 -9.520247578620910645e-02 1.872284412384033203e-01 9.582270383834838867e-01
2.335712909698486328e+00 4.368335723876953125e+00 2.863136053085327148e+00 -1.966294646263122559e-01 -9.651002287864685059e-02 1.871801167726516724e-01 9.575940370559692383e-01
2.428257942199707031e+00 4.525697708129882812e+00 2.967489957809448242e+00 -1.980109810829162598e-01 -9.719733893871307373e-02 1.865772157907485962e-01 9.573574066162109375e-01
2.356326580047607422e+00 4.401471614837646484e+00 2.935516834259033203e+00 -1.995863616466522217e-01 -9.685045480728149414e-02 1.872036010026931763e-01 9.569430947303771973e-01
2.218256235122680664e+00 4.210998535156250000e+00 2.860554933547973633e+00 -2.030367553234100342e-01 -9.579713642597198486e-02 1.885999888181686401e-01 9.560486674308776855e-01
2.123023748397827148e+00 4.028485298156738281e+00 2.821155071258544922e+00 -2.099503129720687866e-01 -9.538250416517257690e-02 1.936624944210052490e-01 9.535815715789794922e-01
2.005074501037597656e+00 3.854292392730712891e+00 2.736719608306884766e+00 -2.127148211002349854e-01 -9.482683241367340088e-02 1.941698938608169556e-01 9.529209136962890625e-01
1.902348160743713379e+00 3.679477214813232422e+00 2.671035289764404297e+00 -2.191135287284851074e-01 -9.433486312627792358e-02 1.988777667284011841e-01 9.505460858345031738e-01
1.788611412048339844e+00 3.507256984710693359e+00 2.617804527282714844e+00 -2.253007590770721436e-01 -9.377121180295944214e-02 2.016712576150894165e-01 9.485648274421691895e-01
1.685415267944335938e+00 3.319436073303222656e+00 2.528777360916137695e+00 -2.313194125890731812e-01 -9.284411370754241943e-02 2.058980613946914673e-01 9.462966322898864746e-01
1.606857538223266602e+00 3.107220172882080078e+00 2.418578147888183594e+00 -2.372042983770370483e-01 -9.307001531124114990e-02 2.086802273988723755e-01 9.442058205604553223e-01
1.479363918304443359e+00 2.917230844497680664e+00 2.340389490127563477e+00 -2.439057826995849609e-01 -9.397277235984802246e-02 2.115391492843627930e-01 9.417697787284851074e-01
1.366513371467590332e+00 2.705047369003295898e+00 2.246454954147338867e+00 -2.520499825477600098e-01 -9.612630307674407959e-02 2.150590717792510986e-01 9.386054277420043945e-01
1.240837574005126953e+00 2.518036842346191406e+00 2.161487817764282227e+00 -2.603019773960113525e-01 -9.848738461732864380e-02 2.189823389053344727e-01 9.351950883865356445e-01
1.105241417884826660e+00 2.322356462478637695e+00 2.063380479812622070e+00 -2.676552236080169678e-01 -1.017005443572998047e-01 2.219350188970565796e-01 9.320743083953857422e-01
9.726839661598205566e-01 2.143760681152343750e+00 1.982384920120239258e+00 -2.770848572254180908e-01 -1.060223057866096497e-01 2.274988442659378052e-01 9.274845123291015625e-01
8.423917293548583984e-01 1.956166982650756836e+00 1.904099106788635254e+00 -2.871481776237487793e-01 -1.112883165478706360e-01 2.328153103590011597e-01 9.224737882614135742e-01
7.234249711036682129e-01 1.778144717216491699e+00 1.833934783935546875e+00 -2.976169586181640625e-01 -1.177442371845245361e-01 2.386290878057479858e-01 9.168514609336853027e-01
5.918152332305908203e-01 1.612987756729125977e+00 1.757531523704528809e+00 -3.078161776065826416e-01 -1.240996643900871277e-01 2.453795075416564941e-01 9.108443260192871094e-01
4.709618091583251953e-01 1.458283066749572754e+00 1.681218743324279785e+00 -3.175877630710601807e-01 -1.309655606746673584e-01 2.529579401016235352e-01 9.044325947761535645e-01
3.426411747932434082e-01 1.268862128257751465e+00 1.601518392562866211e+00 -3.277609944343566895e-01 -1.367495954036712646e-01 2.586251199245452881e-01 8.983235955238342285e-01
2.254427075386047363e-01 1.089820146560668945e+00 1.526136755943298340e+00 -3.375217020511627197e-01 -1.435118615627288818e-01 2.651060819625854492e-01 8.917410969734191895e-01
9.363567829132080078e-02 9.034031033515930176e-01 1.444561600685119629e+00 -3.465457856655120850e-01 -1.492704451084136963e-01 2.696831822395324707e-01 8.859431743621826172e-01
-2.707564830780029297e-02 7.154222726821899414e-01 1.365677237510681152e+00 -3.552491664886474609e-01 -1.550725698471069336e-01 2.748268842697143555e-01 8.798981308937072754e-01
-1.594955921173095703e-01 5.399184226989746094e-01 1.288605213165283203e+00 -3.631144762039184570e-01 -1.598473489284515381e-01 2.802042067050933838e-01 8.741180300712585449e-01
-2.867853045463562012e-01 3.776942193508148193e-01 1.224561095237731934e+00 -3.711329400539398193e-01 -1.647741347551345825e-01 2.860825359821319580e-01 8.679093122482299805e-01
-3.964346647262573242e-01 1.926265358924865723e-01 1.155681133270263672e+00 -3.779938519001007080e-01 -1.691446453332901001e-01 2.905551195144653320e-01 8.626056313514709473e-01
-5.153332948684692383e-01 2.173215150833129883e-02 1.086788296699523926e+00 -3.835551142692565918e-01 -1.727532744407653809e-01 2.950592041015625000e-01 8.578938245773315430e-01
-6.426684856414794922e-01 -1.926842629909515381e-01 1.002434134483337402e+00 -3.870535492897033691e-01 -1.741739809513092041e-01 2.958509624004364014e-01 8.557599782943725586e-01
-7.694247961044311523e-01 -3.601864874362945557e-01 9.318013787269592285e-01 -3.901117146015167236e-01 -1.749725937843322754e-01 2.990175783634185791e-01 8.531036972999572754e-01
-8.961239457130432129e-01 -5.494242906570434570e-01 8.597798347473144531e-01 -3.918208181858062744e-01 -1.745818555355072021e-01 3.000546395778656006e-01 8.520357012748718262e-01
-1.019157409667968750e+00 -7.249821424484252930e-01 7.903198003768920898e-01 -3.922554552555084229e-01 -1.726122945547103882e-01 3.015037775039672852e-01 8.517253994941711426e-01
-1.150637745857238770e+00 -9.088548421859741211e-01 7.172577381134033203e-01 -3.910544514656066895e-01 -1.685930490493774414e-01 3.016042411327362061e-01 8.530461192131042480e-01
-1.268900752067565918e+00 -1.089675426483154297e+00 6.611021757125854492e-01 -3.892646133899688721e-01 -1.631037890911102295e-01 3.014162778854370117e-01 8.549961447715759277e-01
-1.419092774391174316e+00 -1.279759287834167480e+00 5.806095600128173828e-01 -3.837329149246215820e-01 -1.549623608589172363e-01 2.978032529354095459e-01 8.602609634399414062e-01
-1.536196827888488770e+00 -1.432997226715087891e+00 5.285541415214538574e-01 -3.786524832248687744e-01 -1.479280441999435425e-01 2.976857125759124756e-01 8.637840151786804199e-01
-1.654590129852294922e+00 -1.621421098709106445e+00 4.573419988155364990e-01 -3.713579475879669189e-01 -1.386034786701202393e-01 2.948322892189025879e-01 8.694574236869812012e-01
-1.789043784141540527e+00 -1.804591178894042969e+00 3.940592706203460693e-01 -3.632979393005371094e-01 -1.274055093526840210e-01 2.906449735164642334e-01 8.759611248970031738e-01
-1.908218383789062500e+00 -1.973949432373046875e+00 3.413714766502380371e-01 -3.543503284454345703e-01 -1.164884343743324280e-01 2.870648801326751709e-01 8.823037743568420410e-01
-2.039501428604125977e+00 -2.149927616119384766e+00 2.779817581176757812e-01 -3.439261317253112793e-01 -1.043946519494056702e-01 2.819521129131317139e-01 8.895614147186279297e-01
-2.170747756958007812e+00 -2.331662416458129883e+00 2.362852394580841064e-01 -3.338971138000488281e-01 -9.133851528167724609e-02 2.762894928455352783e-01 8.965680003166198730e-01
-2.291716575622558594e+00 -2.508856534957885742e+00 2.025696039199829102e-01 -3.234336376190185547e-01 -7.842846959829330444e-02 2.712373137474060059e-01 9.031444787979125977e-01
-2.377223253250122070e+00 -2.675287246704101562e+00 1.729739010334014893e-01 -3.123963475227355957e-01 -6.620133668184280396e-02 2.677783370018005371e-01 9.090217947959899902e-01
-2.494872331619262695e+00 -2.851612567901611328e+00 1.718958616256713867e-01 -3.022138774394989014e-01 -5.251399800181388855e-02 2.623282968997955322e-01 9.149278402328491211e-01
-2.633543252944946289e+00 -3.040449857711791992e+00 1.330847144126892090e-01 -2.896882891654968262e-01 -3.861386701464653015e-02 2.553754448890686035e-01 9.216143488883972168e-01
-2.728099107742309570e+00 -3.179813623428344727e+00 1.131171584129333496e-01 -2.773911654949188232e-01 -2.672337740659713745e-02 2.499060183763504028e-01 9.273008704185485840e-01
-2.850690126419067383e+00 -3.324563026428222656e+00 1.065840721130371094e-01 -2.649602890014648438e-01 -1.432521734386682510e-02 2.435046732425689697e-01 9.328967332839965820e-01
-2.935243606567382812e+00 -3.508444786071777344e+00 1.457605361938476562e-01 -2.554212212562561035e-01 -2.487869001924991608e-03 2.388853430747985840e-01 9.368497729301452637e-01
-3.078691720962524414e+00 -3.666421175003051758e+00 1.393510103225708008e-01 -2.430503219366073608e-01 8.750537410378456116e-03 2.317824065685272217e-01 9.418741464614868164e-01
-3.062038183212280273e+00 -3.760282278060913086e+00 2.446360588073730469e-01 -2.346442937850952148e-01 1.648349128663539886e-02 2.295228540897369385e-01 9.444519877433776855e-01
-3.084020853042602539e+00 -3.935033082962036133e+00 3.658396005630493164e-01 -2.275388538837432861e-01 2.449276484549045563e-02 2.266088128089904785e-01 9.467177987098693848e-01
-3.174912214279174805e+00 -4.076681137084960938e+00 4.858723878860473633e-01 -2.203541845083236694e-01 3.230925649404525757e-02 2.215062528848648071e-01 9.493867158889770508e-01
-3.204358100891113281e+00 -4.096483707427978516e+00 5.953412055969238281e-01 -2.127759009599685669e-01 3.615047782659530640e-02 2.181183099746704102e-01 9.517583250999450684e-01
-3.195035696029663086e+00 -4.208292961120605469e+00 7.428824901580810547e-01 -2.094027698040008545e-01 3.797392919659614563e-02 2.167062908411026001e-01 9.527574777603149414e-01
-3.225073814392089844e+00 -4.192425727844238281e+00 7.898747920989990234e-01 -2.050069123506546021e-01 3.923701494932174683e-02 2.183584272861480713e-01 9.532849788665771484e-01
-3.341836452484130859e+00 -4.280025959014892578e+00 8.659723401069641113e-01 -2.030020058155059814e-01 4.026723653078079224e-02 2.171694934368133545e-01 9.539424180984497070e-01
-3.335370540618896484e+00 -4.318467617034912109e+00 9.339673519134521484e-01 -2.020058929920196533e-01 3.743739426136016846e-02 2.194192856550216675e-01 9.537543058395385742e-01
-3.496560811996459961e+00 -4.427030563354492188e+00 9.701079130172729492e-01 -2.019527703523635864e-01 3.654232621192932129e-02 2.192291319370269775e-01 9.538439512252807617e-01
-3.586426496505737305e+00 -4.574264526367187500e+00 1.074778914451599121e+00 -2.047189623117446899e-01 3.328828141093254089e-02 2.199641466140747070e-01 9.532039761543273926e-01
-3.813058853149414062e+00 -4.648293972015380859e+00 1.044572830200195312e+00 -2.057629972696304321e-01 3.084196895360946655e-02 2.194135338068008423e-01 9.531883597373962402e-01
-3.558836936950683594e+00 -4.564160346984863281e+00 1.056039571762084961e+00 -2.113288193941116333e-01 1.833179965615272522e-02 2.269784659147262573e-01 9.505181908607482910e-01
-3.661494731903076172e+00 -4.544674396514892578e+00 9.754340648651123047e-01 -2.152013927698135376e-01 1.199781149625778198e-02 2.307470589876174927e-01 9.488415122032165527e-01
-3.724094867706298828e+00 -4.562266349792480469e+00 9.077206254005432129e-01 -2.203187793493270874e-01 4.843106493353843689e-03 2.338951379060745239e-01 9.469578862190246582e-01
-3.600380659103393555e+00 -4.526217937469482422e+00 8.046553730964660645e-01 -2.255022078752517700e-01 -5.564149934798479080e-03 2.392232269048690796e-01 9.443992972373962402e-01
-3.779256582260131836e+00 -4.598614215850830078e+00 6.742414236068725586e-01 -2.294305562973022461e-01 -1.121062133461236954e-02 2.406491637229919434e-01 9.430397152900695801e-01
-3.911132335662841797e+00 -4.651895523071289062e+00 6.017732024192810059e-01 -2.352642863988876343e-01 -1.790964975953102112e-02 2.438670843839645386e-01 9.406692981719970703e-01
-4.157636642456054688e+00 -4.777042865753173828e+00 5.043082833290100098e-01 -2.413496226072311401e-01 -2.152340300381183624e-02 2.447765469551086426e-01 9.388139247894287109e-01
-4.136673450469970703e+00 -4.750626564025878906e+00 4.061298966407775879e-01 -2.454478591680526733e-01 -3.184586018323898315e-02 2.498851567506790161e-01 9.361082315444946289e-01
-4.307884693145751953e+00 -4.812089443206787109e+00 2.785384058952331543e-01 -2.485362440347671509e-01 -3.775203600525856018e-02 2.505644857883453369e-01 9.348914027214050293e-01
-4.527416229248046875e+00 -4.912924289703369141e+00 1.081714630126953125e-01 -2.506553828716278076e-01 -4.098161682486534119e-02 2.503646910190582275e-01 9.342429637908935547e-01
-4.681699275970458984e+00 -4.939305782318115234e+00 -7.442784309387207031e-02 -2.524949610233306885e-01 -4.462058842182159424e-02 2.525489032268524170e-01 9.329921603202819824e-01
-4.823052883148193359e+00 -4.962347030639648438e+00 -2.510403394699096680e-01 -2.535889446735382080e-01 -4.786919429898262024e-02 2.545615434646606445e-01 9.319869279861450195e-01
-4.978873252868652344e+00 -4.981718063354492188e+00 -4.813431501388549805e-01 -2.529788911342620850e-01 -4.837122932076454163e-02 2.562741339206695557e-01 9.316573739051818848e-01
-5.119562625885009766e+00 -5.078202724456787109e+00 -7.429163455963134766e-01 -2.522995769977569580e-01 -4.780003055930137634e-02 2.543348073959350586e-01 9.324021935462951660e-01
-5.203505039215087891e+00 -5.115628719329833984e+00 -1.007611036300659180e+00 -2.496813535690307617e-01 -4.628939926624298096e-02 2.545109391212463379e-01 9.331348538398742676e-01
-5.257106781005859375e+00 -5.174933910369873047e+00 -1.278123617172241211e+00 -2.465247064828872681e-01 -4.380834102630615234e-02 2.542554438114166260e-01 9.341630339622497559e-01
-5.240332126617431641e+00 -5.218393325805664062e+00 -1.523126840591430664e+00 -2.426716834306716919e-01 -4.256225749850273132e-02 2.547097206115722656e-01 9.351052641868591309e-01
-5.307638168334960938e+00 -5.290454864501953125e+00 -1.800996065139770508e+00 -2.368243783712387085e-01 -3.855375573039054871e-02 2.543475031852722168e-01 9.368751645088195801e-01
-5.418348789215087891e+00 -5.374628067016601562e+00 -2.023021697998046875e+00 -2.327849566936492920e-01 -3.451278433203697205e-02 2.534276247024536133e-01 9.382933974266052246e-01
-5.524589538574218750e+00 -5.373041152954101562e+00 -2.295147657394409180e+00 -2.249594777822494507e-01 -3.073183447122573853e-02 2.542776465415954590e-01 9.401019215583801270e-01
-5.713771820068359375e+00 -5.472736835479736328e+00 -2.475970268249511719e+00 -2.203392684459686279e-01 -2.609248086810112000e-02 2.515447437763214111e-01 9.420695304870605469e-01
-5.880491256713867188e+00 -5.544334411621093750e+00 -2.693963289260864258e+00 -2.146750688552856445e-01 -2.128875255584716797e-02 2.498486638069152832e-01 9.439476132392883301e-01
-6.027319908142089844e+00 -5.607622146606445312e+00 -2.943053960800170898e+00 -2.071263343095779419e-01 -1.742253825068473816e-02 2.480623722076416016e-01 9.461818933486938477e-01
-6.123629570007324219e+00 -5.700232028961181641e+00 -3.203191518783569336e+00 -1.991863250732421875e-01 -1.287963334470987320e-02 2.475461959838867188e-01 9.480926990509033203e-01
-6.150403976440429688e+00 -5.824772357940673828e+00 -3.448006391525268555e+00 -1.921305060386657715e-01 -1.028420031070709229e-02 2.468255460262298584e-01 9.497669339179992676e-01
-6.204430580139160156e+00 -5.992706298828125000e+00 -3.683400154113769531e+00 -1.856459230184555054e-01 -6.754016503691673279e-03 2.456205636262893677e-01 9.513992667198181152e-01
-6.275123596191406250e+00 -6.133014678955078125e+00 -3.927503108978271484e+00 -1.780930757522583008e-01 -4.294142127037048340e-03 2.446722090244293213e-01 9.531001448631286621e-01
-6.378984928131103516e+00 -6.276998519897460938e+00 -4.158627033233642578e+00 -1.717699617147445679e-01 -2.894834149628877640e-03 2.440250515937805176e-01 9.544309377670288086e-01
-6.493028163909912109e+00 -6.436635017395019531e+00 -4.334792613983154297e+00 -1.674289703369140625e-01 -1.225243322551250458e-03 2.451284825801849365e-01 9.549230933189392090e-01
-6.611921787261962891e+00 -6.583395481109619141e+00 -4.590997219085693359e+00 -1.607143133878707886e-01 -2.784393029287457466e-03 2.438848018646240234e-01 9.563907980918884277e-01
-6.751045703887939453e+00 -6.731511592864990234e+00 -4.813626289367675781e+00 -1.549062132835388184e-01 -3.019550116732716560e-03 2.449142038822174072e-01 9.570851325988769531e-01
-6.867162704467773438e+00 -6.899603366851806641e+00 -5.015177726745605469e+00 -1.509053260087966919e-01 -6.705329753458499908e-03 2.451668530702590942e-01 9.576407670974731445e-01
-6.991037368774414062e+00 -7.077210903167724609e+00 -5.212886810302734375e+00 -1.478453874588012695e-01 -1.164718344807624817e-02 2.464065253734588623e-01 9.577525258064270020e-01
-7.097752571105957031e+00 -7.259533405303955078e+00 -5.409682273864746094e+00 -1.455355435609817505e-01 -1.937197335064411163e-02 2.481479197740554810e-01 9.575315713882446289e-01
-7.304420948028564453e+00 -7.468575954437255859e+00 -5.552549839019775391e+00 -1.450725793838500977e-01 -2.523749507963657379e-02 2.493168413639068604e-01 9.571614861488342285e-01
-7.443050861358642578e+00 -7.675032615661621094e+00 -5.694812297821044922e+00 -1.464926153421401978e-01 -3.580194339156150818e-02 2.512890100479125977e-01 9.560920000076293945e-01
-7.595926284790039062e+00 -7.847278594970703125e+00 -5.878558635711669922e+00 -1.445305198431015015e-01 -4.573922976851463318e-02 2.543720602989196777e-01 9.551511406898498535e-01
-7.763594627380371094e+00 -8.045801162719726562e+00 -6.030815124511718750e+00 -1.456079334020614624e-01 -5.556973069906234741e-02 2.567861974239349365e-01 9.538192749023437500e-01
-7.885510921478271484e+00 -8.242845535278320312e+00 -6.205123901367187500e+00 -1.467281430959701538e-01 -6.731775403022766113e-02 2.595873475074768066e-01 9.521310925483703613e-01
-7.963895320892333984e+00 -8.433382034301757812e+00 -6.413023471832275391e+00 -1.480756700038909912e-01 -8.059443533420562744e-02 2.619920074939727783e-01 9.502306580543518066e-01
-8.052509307861328125e+00 -8.621342658996582031e+00 -6.578441619873046875e+00 -1.509377211332321167e-01 -9.418145567178726196e-02 2.649040520191192627e-01 9.477201700210571289e-01
-8.082486152648925781e+00 -8.824287414550781250e+00 -6.771376609802246094e+00 -1.546905636787414551e-01 -1.091979742050170898e-01 2.679556310176849365e-01 9.446408748626708984e-01
-8.155543327331542969e+00 -9.007125854492187500e+00 -6.966646671295166016e+00 -1.574410051107406616e-01 -1.220251247286796570e-01 2.720302641391754150e-01 9.414466023445129395e-01
-8.167023658752441406e+00 -9.204098701477050781e+00 -7.157102584838867188e+00 -1.611194759607315063e-01 -1.379674971103668213e-01 2.737673521041870117e-01 9.381134510040283203e-01
-8.252840042114257812e+00 -9.401359558105468750e+00 -7.359378814697265625e+00 -1.640324145555496216e-01 -1.483546048402786255e-01 2.762793302536010742e-01 9.352828264236450195e-01
-8.154809951782226562e+00 -9.562861442565917969e+00 -7.557182312011718750e+00 -1.672393977642059326e-01 -1.675574928522109985e-01 2.802092730998992920e-01 9.302893280982971191e-01
-8.134399414062500000e+00 -9.739615440368652344e+00 -7.742211341857910156e+00 -1.706079840660095215e-01 -1.819778084754943848e-01 2.826368212699890137e-01 9.262253642082214355e-01
-8.070402145385742188e+00 -9.913564682006835938e+00 -7.929674148559570312e+00 -1.738330423831939697e-01 -1.961899548768997192e-01 2.860391438007354736e-01 9.216687083244323730e-01
-8.008143424987792969e+00 -1.011917495727539062e+01 -8.078772544860839844e+00 -1.784671545028686523e-01 -2.087814360857009888e-01 2.882178127765655518e-01 9.173277616500854492e-01
-7.907790184020996094e+00 -1.033242988586425781e+01 -8.054615974426269531e+00 -1.814841926097869873e-01 -2.222989052534103394e-01 2.906345129013061523e-01 9.127860069274902344e-01
-7.924766540527343750e+00 -1.040009593963623047e+01 -7.841464996337890625e+00 -1.830584704875946045e-01 -2.329996228218078613e-01 2.935892641544342041e-01 9.088487625122070312e-01
-7.965229034423828125e+00 -1.042609119415283203e+01 -7.604809761047363281e+00 -1.849039644002914429e-01 -2.432533204555511475e-01 2.960547506809234619e-01 9.049805998802185059e-01
-7.993690013885498047e+00 -1.041955375671386719e+01 -7.361928939819335938e+00 -1.881604790687561035e-01 -2.535422742366790771e-01 2.991290390491485596e-01 9.004630446434020996e-01
-8.055636405944824219e+00 -1.041712570190429688e+01 -7.145789146423339844e+00 -1.894813477993011475e-01 -2.608415782451629639e-01 3.009185194969177246e-01 8.975001573562622070e-01
-8.097329139709472656e+00 -1.040267753601074219e+01 -6.925341129302978516e+00 -1.898752152919769287e-01 -2.688692510128021240e-01 3.024936318397521973e-01 8.945134282112121582e-01
-8.137136459350585938e+00 -1.039183330535888672e+01 -6.718044757843017578e+00 -1.907858401536941528e-01 -2.754084765911102295e-01 3.038958609104156494e-01 8.918510079383850098e-01
-8.197180747985839844e+00 -1.038434410095214844e+01 -6.532050609588623047e+00 -1.908860951662063599e-01 -2.789420485496520996e-01 3.051833212375640869e-01 8.902903795242309570e-01
-8.251971244812011719e+00 -1.038654708862304688e+01 -6.333255767822265625e+00 -1.922127008438110352e-01 -2.821865081787109375e-01 3.056205213069915771e-01 8.888313174247741699e-01
-8.284802436828613281e+00 -1.036126518249511719e+01 -6.160074234008789062e+00 -1.908867955207824707e-01 -2.848941087722778320e-01 3.079177737236022949e-01 8.874593973159790039e-01
-8.351948738098144531e+00 -1.035227298736572266e+01 -5.989696502685546875e+00 -1.905400305986404419e-01 -2.855021357536315918e-01 3.081957995891571045e-01 8.872420191764831543e-01
-8.361887931823730469e+00 -1.033029651641845703e+01 -5.825190067291259766e+00 -1.878832578659057617e-01 -2.880007624626159668e-01 3.092238903045654297e-01 8.866431117057800293e-01
-8.424294471740722656e+00 -1.032163429260253906e+01 -5.691340446472167969e+00 -1.856537312269210815e-01 -2.857553362846374512e-01 3.097417950630187988e-01 8.876579403877258301e-01
-8.453746795654296875e+00 -1.029604625701904297e+01 -5.547837257385253906e+00 -1.834800094366073608e-01 -2.836054265499114990e-01 3.121074140071868896e-01 8.879707455635070801e-01
-8.475655555725097656e+00 -1.030659961700439453e+01 -5.416138172149658203e+00 -1.820095181465148926e-01 -2.806523442268371582e-01 3.118369281291961670e-01 8.893056511878967285e-01
-8.536505699157714844e+00 -1.028690719604492188e+01 -5.254512310028076172e+00 -1.799809485673904419e-01 -2.776758372783660889e-01 3.127637803554534912e-01 8.903267979621887207e-01
-8.584357261657714844e+00 -1.027275371551513672e+01 -5.141971588134765625e+00 -1.761553436517715454e-01 -2.726216614246368408e-01 3.129777610301971436e-01 8.925758600234985352e-01
-8.607485771179199219e+00 -1.026848220825195312e+01 -5.028839588165283203e+00 -1.731301546096801758e-01 -2.671194970607757568e-01 3.133666813373565674e-01 8.946923613548278809e-01
-8.630101203918457031e+00 -1.025896549224853516e+01 -4.917358875274658203e+00 -1.693728268146514893e-01 -2.614346742630004883e-01 3.136723339557647705e-01 8.969807624816894531e-01
-8.662941932678222656e+00 -1.024117660522460938e+01 -4.818468570709228516e+00 -1.647609919309616089e-01 -2.542867660522460938e-01 3.141240775585174561e-01 8.997322320938110352e-01
-8.691926956176757812e+00 -1.025721168518066406e+01 -4.767701625823974609e+00 -1.579264849424362183e-01 -2.434724569320678711e-01 3.117549419403076172e-01 9.047592282295227051e-01
-8.720620155334472656e+00 -1.023055362701416016e+01 -4.662044048309326172e+00 -1.534302681684494019e-01 -2.364100366830825806e-01 3.129847943782806396e-01 9.069784879684448242e-01
-8.741128921508789062e+00 -1.022602653503417969e+01 -4.589369297027587891e+00 -1.476270705461502075e-01 -2.264429777860641479e-01 3.121573925018310547e-01 9.107620716094970703e-01
-8.749918937683105469e+00 -1.021999931335449219e+01 -4.519253253936767578e+00 -1.420414447784423828e-01 -2.166556268930435181e-01 3.114270567893981934e-01 9.142744541168212891e-01
-8.763695716857910156e+00 -1.020718574523925781e+01 -4.469220638275146484e+00 -1.346532404422760010e-01 -2.051757127046585083e-01 3.108936548233032227e-01 9.182137846946716309e-01
-8.791572570800781250e+00 -1.020574569702148438e+01 -4.425803184509277344e+00 -1.272403895854949951e-01 -1.922980248928070068e-01 3.098680675029754639e-01 9.223952889442443848e-01
-8.798073768615722656e+00 -1.020186710357666016e+01 -4.387666702270507812e+00 -1.201022416353225708e-01 -1.797390878200531006e-01 3.088928163051605225e-01 9.262043833732604980e-01
-8.809339523315429688e+00 -1.019801902770996094e+01 -4.355651855468750000e+00 -1.123658567667007446e-01 -1.664691567420959473e-01 3.074451386928558350e-01 9.301286935806274414e-01
-8.815165519714355469e+00 -1.019732284545898438e+01 -4.333242416381835938e+00 -1.044285446405410767e-01 -1.527892053127288818e-01 3.061688840389251709e-01 9.338151216506958008e-01
-8.821272850036621094e+00 -1.018788623809814453e+01 -4.320462226867675781e+00 -9.597831219434738159e-02 -1.387679129838943481e-01 3.050403594970703125e-01 9.372737407684326172e-01
-8.820143699645996094e+00 -1.019422054290771484e+01 -4.316878795623779297e+00 -8.811929821968078613e-02 -1.247730627655982971e-01 3.027791082859039307e-01 9.407398700714111328e-01
-8.824198722839355469e+00 -1.019424819946289062e+01 -4.322595596313476562e+00 -7.873445749282836914e-02 -1.101183071732521057e-01 3.006921112537384033e-01 9.440652132034301758e-01
-8.819541931152343750e+00 -1.018672943115234375e+01 -4.304031372070312500e+00 -7.041453570127487183e-02 -9.647423774003982544e-02 2.996759116649627686e-01 9.465351700782775879e-01
-8.811944007873535156e+00 -1.020142269134521484e+01 -4.313169479370117188e+00 -6.274786591529846191e-02 -8.236764371395111084e-02 2.981199622154235840e-01 9.488955736160278320e-01
-8.820432662963867188e+00 -1.021043205261230469e+01 -4.302136421203613281e+00 -5.407876148819923401e-02 -6.833592057228088379e-02 2.957710921764373779e-01 9.512755274772644043e-01
-8.824268341064453125e+00 -1.020931529998779297e+01 -4.289788246154785156e+00 -4.570788145065307617e-02 -5.524343624711036682e-02 2.945819199085235596e-01 9.529325366020202637e-01
-8.816493034362792969e+00 -1.021192264556884766e+01 -4.275009632110595703e+00 -3.836178779602050781e-02 -4.257459938526153564e-02 2.939760088920593262e-01 9.540932178497314453e-01
-8.812944412231445312e+00 -1.022208690643310547e+01 -4.219951152801513672e+00 -3.398977592587471008e-02 -3.229333460330963135e-02 2.950561642646789551e-01 9.543289542198181152e-01
-8.783140182495117188e+00 -1.021860408782958984e+01 -4.235344409942626953e+00 -2.501549012959003448e-02 -2.048449032008647919e-02 2.931550741195678711e-01 9.555180072784423828e-01
-8.770308494567871094e+00 -1.025957584381103516e+01 -4.264684200286865234e+00 -1.994547247886657715e-02 -9.103100746870040894e-03 2.932699620723724365e-01 9.557782411575317383e-01
-8.698549270629882812e+00 -1.032379436492919922e+01 -4.261163234710693359e+00 -1.911762915551662445e-02 -2.199121983721852303e-03 2.939636111259460449e-01 9.556229114532470703e-01
-8.763031005859375000e+00 -1.029311656951904297e+01 -4.222698688507080078e+00 -9.515759535133838654e-03 7.871869020164012909e-03 2.937967479228973389e-01 9.557881355285644531e-01
-8.765741348266601562e+00 -1.018627452850341797e+01 -4.074532032012939453e+00 -7.111589889973402023e-03 1.035410538315773010e-02 3.027493357658386230e-01 9.529874324798583984e-01
