0.000000000000000000e+00 0.000000000000000000e+00 0.000000000000000000e+00 0.000000000000000000e+00 0.000000000000000000e+00 0.000000000000000000e+00 1.000000000000000000e+00
-4.445000551640987396e-03 1.289881393313407898e-02 -1.517728418111801147e-01 -2.028647810220718384e-03 -8.335545659065246582e-03 -9.362314827740192413e-03 9.999193549156188965e-01
-2.196529880166053772e-03 3.936845064163208008e-02 -3.025539219379425049e-01 -4.107021261006593704e-03 -1.694377698004245758e-02 -1.929694227874279022e-02 9.996617436408996582e-01
-3.158982843160629272e-03 6.540042161941528320e-02 -4.706804156303405762e-01 -6.519543472677469254e-03 -2.585967443883419037e-02 -2.959480136632919312e-02 9.992061257362365723e-01
3.651872277259826660e-03 8.590740710496902466e-02 -6.366778016090393066e-01 -9.399752132594585419e-03 -3.520952537655830383e-02 -4.033276811242103577e-02 9.985215067863464355e-01
-9.117141366004943848e-03 9.317277371883392334e-02 -8.134697675704956055e-01 -1.305450219660997391e-02 -4.436742886900901794e-02 -5.122517049312591553e-02 9.976156949996948242e-01
7.451325654983520508e-05 1.271418184041976929e-01 -9.920319318771362305e-01 -1.617143116891384125e-02 -5.382701382040977478e-02 -6.223336979746818542e-02 9.964778423309326172e-01
-7.710903882980346680e-04 1.424760222434997559e-01 -1.158795714378356934e+00 -1.953513734042644501e-02 -6.308671087026596069e-02 -7.346943020820617676e-02 9.951083660125732422e-01
3.681823611259460449e-03 1.667790710926055908e-01 -1.316740751266479492e+00 -2.269628830254077911e-02 -7.259039580821990967e-02 -8.458902686834335327e-02 9.935090541839599609e-01
2.714636921882629395e-02 1.920204460620880127e-01 -1.473116517066955566e+00 -2.544561587274074554e-02 -8.238770067691802979e-02 -9.479679167270660400e-02 9.917551875114440918e-01
4.518389701843261719e-02 2.274930179119110107e-01 -1.618577599525451660e+00 -2.768372185528278351e-02 -9.186079353094100952e-02 -1.051946729421615601e-01 9.898127913475036621e-01
3.085210919380187988e-02 2.483873814344406128e-01 -1.761781692504882812e+00 -3.029396198689937592e-02 -9.992253035306930542e-02 -1.155617758631706238e-01 9.877971410751342773e-01
3.067058324813842773e-02 2.448681294918060303e-01 -1.868005871772766113e+00 -3.353364020586013794e-02 -1.089769899845123291e-01 -1.257352083921432495e-01 9.854897856712341309e-01
2.440264821052551270e-02 2.523602545261383057e-01 -1.979562401771545410e+00 -3.595682978630065918e-02 -1.170735210180282593e-01 -1.355401873588562012e-01 9.831733107566833496e-01
3.697532415390014648e-02 2.735289633274078369e-01 -2.082399845123291016e+00 -3.718665614724159241e-02 -1.250909715890884399e-01 -1.438911259174346924e-01 9.809509515762329102e-01
3.913828730583190918e-02 2.724288702011108398e-01 -2.185330152511596680e+00 -3.931925818324089050e-02 -1.326368451118469238e-01 -1.523826420307159424e-01 9.785913228988647461e-01
3.626561164855957031e-02 2.933435738086700439e-01 -2.267390727996826172e+00 -3.935422748327255249e-02 -1.393923014402389526e-01 -1.599422544240951538e-01 9.764422774314880371e-01
5.520725250244140625e-02 3.233389556407928467e-01 -2.343374252319335938e+00 -3.874133527278900146e-02 -1.460715383291244507e-01 -1.663166135549545288e-01 9.744234085083007812e-01
4.634672403335571289e-02 3.282402157783508301e-01 -2.405858039855957031e+00 -3.824425488710403442e-02 -1.515829861164093018e-01 -1.720951050519943237e-01 9.725961685180664062e-01
5.082827806472778320e-02 3.297058939933776855e-01 -2.467277526855468750e+00 -3.695327416062355042e-02 -1.566156893968582153e-01 -1.768247783184051514e-01 9.709989428520202637e-01
7.855337858200073242e-02 3.536528944969177246e-01 -2.512452125549316406e+00 -3.441987931728363037e-02 -1.617812961339950562e-01 -1.805204749107360840e-01 9.695640802383422852e-01
7.724994421005249023e-02 3.355091512203216553e-01 -2.548451662063598633e+00 -3.270769119262695312e-02 -1.653063297271728516e-01 -1.803198158740997314e-01 9.690659046173095703e-01
7.661271095275878906e-02 3.611961901187896729e-01 -2.572941303253173828e+00 -2.835879847407341003e-02 -1.677314788103103638e-01 -1.798109412193298340e-01 9.688807725906372070e-01
6.130236387252807617e-02 3.522152602672576904e-01 -2.593198776245117188e+00 -2.459558285772800446e-02 -1.694006174802780151e-01 -1.792846024036407471e-01 9.687907099723815918e-01
8.375608921051025391e-02 3.537763357162475586e-01 -2.600880146026611328e+00 -1.969999074935913086e-02 -1.714797616004943848e-01 -1.784527599811553955e-01 9.686904549598693848e-01
7.651817798614501953e-02 3.672809898853302002e-01 -2.605765342712402344e+00 -1.379668712615966797e-02 -1.719941198825836182e-01 -1.776856929063796997e-01 9.688423275947570801e-01
7.652544975280761719e-02 3.623310029506683350e-01 -2.609533071517944336e+00 -7.974858395755290985e-03 -1.723717004060745239e-01 -1.768200397491455078e-01 9.689990282058715820e-01
7.669019699096679688e-02 3.492038249969482422e-01 -2.611494541168212891e+00 -1.902224845252931118e-03 -1.720006316900253296e-01 -1.758398115634918213e-01 9.692742228507995605e-01
7.342660427093505859e-02 3.619075715541839600e-01 -2.610749244689941406e+00 4.994738381356000900e-03 -1.710076332092285156e-01 -1.747991442680358887e-01 9.696270823478698730e-01
4.980266094207763672e-02 3.441554605960845947e-01 -2.610153675079345703e+00 1.116589363664388657e-02 -1.691147834062576294e-01 -1.730398237705230713e-01 9.702230095863342285e-01
6.755393743515014648e-02 3.584852218627929688e-01 -2.620572328567504883e+00 1.823402009904384613e-02 -1.676446646451950073e-01 -1.693244874477386475e-01 9.710262417793273926e-01
6.776148080825805664e-02 3.476061224937438965e-01 -2.623155593872070312e+00 2.448624372482299805e-02 -1.656059026718139648e-01 -1.654969602823257446e-01 9.718980789184570312e-01
7.477992773056030273e-02 3.569813966751098633e-01 -2.641281843185424805e+00 3.091206774115562439e-02 -1.631570756435394287e-01 -1.618733555078506470e-01 9.727390408515930176e-01
5.301529169082641602e-02 3.499032557010650635e-01 -2.660756349563598633e+00 3.677412495017051697e-02 -1.597248613834381104e-01 -1.582314372062683105e-01 9.737034440040588379e-01
7.338804006576538086e-02 3.672034740447998047e-01 -2.679259777069091797e+00 4.309532418847084045e-02 -1.570837944746017456e-01 -1.543327718973159790e-01 9.744992852210998535e-01
7.544130086898803711e-02 3.614411652088165283e-01 -2.714293241500854492e+00 4.801151901483535767e-02 -1.535409986972808838e-01 -1.508103758096694946e-01 9.753851890563964844e-01
6.677830219268798828e-02 3.615767359733581543e-01 -2.739361524581909180e+00 5.282696336507797241e-02 -1.499314606189727783e-01 -1.481827646493911743e-01 9.761002659797668457e-01
5.608922243118286133e-02 3.605051934719085693e-01 -2.773335695266723633e+00 5.683032795786857605e-02 -1.459891796112060547e-01 -1.456938087940216064e-01 9.768473505973815918e-01
7.852965593338012695e-02 3.701966404914855957e-01 -2.805912256240844727e+00 6.049063056707382202e-02 -1.429547965526580811e-01 -1.435000896453857422e-01 9.774008989334106445e-01
6.807678937911987305e-02 3.779755234718322754e-01 -2.853260040283203125e+00 6.327728927135467529e-02 -1.387297660112380981e-01 -1.417638808488845825e-01 9.780864119529724121e-01
7.021826505661010742e-02 3.957533836364746094e-01 -2.899062395095825195e+00 6.555251777172088623e-02 -1.350101381540298462e-01 -1.413418054580688477e-01 9.785180687904357910e-01
5.201625823974609375e-02 3.877379894256591797e-01 -2.961231708526611328e+00 6.585533171892166138e-02 -1.307349354028701782e-01 -1.413057744503021240e-01 9.790832996368408203e-01
6.726753711700439453e-02 4.050739109516143799e-01 -3.020199775695800781e+00 6.607850641012191772e-02 -1.271641254425048828e-01 -1.422345787286758423e-01 9.794040322303771973e-01
7.853931188583374023e-02 4.022016525268554688e-01 -3.079397201538085938e+00 6.509763747453689575e-02 -1.236298531293869019e-01 -1.434523910284042358e-01 9.797445535659790039e-01
8.441919088363647461e-02 4.210318922996520996e-01 -3.144496202468872070e+00 6.404206156730651855e-02 -1.198394447565078735e-01 -1.449950635433197021e-01 9.800579547882080078e-01
9.883683919906616211e-02 4.430148601531982422e-01 -3.221039056777954102e+00 6.262558698654174805e-02 -1.161557137966156006e-01 -1.474711000919342041e-01 9.802235364913940430e-01
8.711868524551391602e-02 4.389484524726867676e-01 -3.296105384826660156e+00 5.989497154951095581e-02 -1.118408963084220886e-01 -1.499578654766082764e-01 9.805186390876770020e-01
9.137725830078125000e-02 4.534549415111541748e-01 -3.371954441070556641e+00 5.712496861815452576e-02 -1.076013818383216858e-01 -1.528953164815902710e-01 9.807046651840209961e-01
9.479224681854248047e-02 4.539061486721038818e-01 -3.468621015548706055e+00 5.436994135379791260e-02 -1.031251847743988037e-01 -1.556351184844970703e-01 9.809111952781677246e-01
9.100127220153808594e-02 4.612453579902648926e-01 -3.556628465652465820e+00 5.177077651023864746e-02 -9.829511493444442749e-02 -1.577898412942886353e-01 9.812034368515014648e-01
1.005277633666992188e-01 4.901987314224243164e-01 -3.622884750366210938e+00 4.970680549740791321e-02 -9.321675449609756470e-02 -1.597788780927658081e-01 9.814838767051696777e-01
9.936535358428955078e-02 4.947344660758972168e-01 -3.714468955993652344e+00 4.723517969250679016e-02 -8.764311671257019043e-02 -1.616025269031524658e-01 9.818208217620849609e-01
1.026468276977539062e-01 5.088558793067932129e-01 -3.784992933273315430e+00 4.518652707338333130e-02 -8.195098489522933960e-02 -1.631743758916854858e-01 9.821488261222839355e-01
1.042959690093994141e-01 5.112853050231933594e-01 -3.859936237335205078e+00 4.348219186067581177e-02 -7.600287348031997681e-02 -1.641303002834320068e-01 9.825447201728820801e-01
9.108543395996093750e-02 5.214104056358337402e-01 -3.923406600952148438e+00 4.240473732352256775e-02 -6.908712536096572876e-02 -1.644619405269622803e-01 9.830468297004699707e-01
1.066308915615081787e-01 5.384461879730224609e-01 -3.998071193695068359e+00 4.281139746308326721e-02 -6.273946911096572876e-02 -1.632388234138488770e-01 9.836584925651550293e-01
1.000811159610748291e-01 5.432442426681518555e-01 -4.040021419525146484e+00 4.323448985815048218e-02 -5.506276339292526245e-02 -1.615768224000930786e-01 9.843738079071044922e-01
1.023345291614532471e-01 5.467344522476196289e-01 -4.087068557739257812e+00 4.477110132575035095e-02 -4.705465212464332581e-02 -1.592950075864791870e-01 9.850921034812927246e-01
9.879672527313232422e-02 5.645446181297302246e-01 -4.141673564910888672e+00 4.750720411539077759e-02 -3.846140950918197632e-02 -1.548130512237548828e-01 9.860510826110839844e-01
8.496376872062683105e-02 5.432642698287963867e-01 -4.175051689147949219e+00 5.064377933740615845e-02 -2.908498048782348633e-02 -1.495761722326278687e-01 9.870239496231079102e-01
9.803918004035949707e-02 5.383852124214172363e-01 -4.207148075103759766e+00 5.551983416080474854e-02 -1.985113508999347687e-02 -1.430324465036392212e-01 9.879601001739501953e-01
1.069155931472778320e-01 5.555908679962158203e-01 -4.223090171813964844e+00 6.255408376455307007e-02 -9.526036679744720459e-03 -1.344382315874099731e-01 9.888997077941894531e-01
8.892553299665451050e-02 5.374615788459777832e-01 -4.236234664916992188e+00 6.982740014791488647e-02 2.073504263535141945e-03 -1.251747906208038330e-01 9.896721839904785156e-01
8.168473094701766968e-02 5.338321924209594727e-01 -4.242520332336425781e+00 7.844880968332290649e-02 1.360963005572557449e-02 -1.142243593931198120e-01 9.902592301368713379e-01
9.244090318679809570e-02 5.432108044624328613e-01 -4.247983932495117188e+00 8.848856389522552490e-02 2.504345960915088654e-02 -1.017491146922111511e-01 9.905502200126647949e-01
9.324142336845397949e-02 5.432721972465515137e-01 -4.256743431091308594e+00 9.917216002941131592e-02 3.707331046462059021e-02 -8.844798058271408081e-02 9.904379844665527344e-01
8.927679061889648438e-02 5.336095690727233887e-01 -4.271188735961914062e+00 1.099513545632362366e-01 4.929486289620399475e-02 -7.442020624876022339e-02 9.899203777313232422e-01
1.008431911468505859e-01 5.525376200675964355e-01 -4.273313045501708984e+00 1.224929019808769226e-01 6.119694560766220093e-02 -5.956647545099258423e-02 9.887883067131042480e-01
1.135752201080322266e-01 5.632359385490417480e-01 -4.302698135375976562e+00 1.346740573644638062e-01 7.310176640748977661e-02 -4.408156871795654297e-02 9.872061014175415039e-01
9.561055898666381836e-02 5.431562066078186035e-01 -4.317897796630859375e+00 1.468296796083450317e-01 8.548837155103683472e-02 -2.899253740906715393e-02 9.850341677665710449e-01
9.530079364776611328e-02 5.417415499687194824e-01 -4.334896087646484375e+00 1.593017280101776123e-01 9.728087484836578369e-02 -1.293324306607246399e-02 9.823401570320129395e-01
1.057584881782531738e-01 5.282137393951416016e-01 -4.374317169189453125e+00 1.716047525405883789e-01 1.082888245582580566e-01 1.871652202680706978e-03 9.791944622993469238e-01
9.827709197998046875e-02 5.203703641891479492e-01 -4.393243789672851562e+00 1.834655851125717163e-01 1.193269491195678711e-01 1.713062450289726257e-02 9.756065011024475098e-01
1.141738891601562500e-01 5.310482978820800781e-01 -4.426596641540527344e+00 1.957441121339797974e-01 1.291191577911376953e-01 3.215397521853446960e-02 9.715856313705444336e-01
1.190510988235473633e-01 5.150212049484252930e-01 -4.443253517150878906e+00 2.068484723567962646e-01 1.385912150144577026e-01 4.690970107913017273e-02 9.673705101013183594e-01
1.036070585250854492e-01 5.270477533340454102e-01 -4.477621078491210938e+00 2.179793566465377808e-01 1.479646265506744385e-01 6.021337583661079407e-02 9.627906680107116699e-01
1.187241077423095703e-01 5.364185571670532227e-01 -4.527017116546630859e+00 2.285753935575485229e-01 1.557855159044265747e-01 7.378731667995452881e-02 9.581438302993774414e-01
1.327443122863769531e-01 5.515623092651367188e-01 -4.569736957550048828e+00 2.382084876298904419e-01 1.623841524124145508e-01 8.643563091754913330e-02 9.536336064338684082e-01
1.346920728683471680e-01 5.607929229736328125e-01 -4.606369018554687500e+00 2.468382269144058228e-01 1.683843731880187988e-01 9.718183428049087524e-02 9.493541121482849121e-01
1.130921840667724609e-01 5.568536520004272461e-01 -4.647870063781738281e+00 2.543165683746337891e-01 1.737085133790969849e-01 1.061730831861495972e-01 9.454500079154968262e-01
1.226981878280639648e-01 5.532162189483642578e-01 -4.683724880218505859e+00 2.606498897075653076e-01 1.772129684686660767e-01 1.145880594849586487e-01 9.420863986015319824e-01
1.392781734466552734e-01 5.748597383499145508e-01 -4.729010581970214844e+00 2.643254995346069336e-01 1.819772869348526001e-01 1.125253811478614807e-01 9.404011964797973633e-01
1.335474252700805664e-01 5.601285696029663086e-01 -4.804697990417480469e+00 2.669548690319061279e-01 1.851813793182373047e-01 1.109376400709152222e-01 9.392208456993103027e-01
1.250811815261840820e-01 5.646713972091674805e-01 -4.848289966583251953e+00 2.691210806369781494e-01 1.872017383575439453e-01 1.092811524868011475e-01 9.383959770202636719e-01
1.453042030334472656e-01 5.987203121185302734e-01 -4.911076545715332031e+00 2.711884677410125732e-01 1.871349960565567017e-01 1.088298410177230835e-01 9.378663897514343262e-01
1.415044069290161133e-01 5.867036581039428711e-01 -4.988363265991210938e+00 2.718978822231292725e-01 1.862058341503143311e-01 1.090324595570564270e-01 9.378224015235900879e-01
1.603035926818847656e-01 6.189748048782348633e-01 -5.019919872283935547e+00 2.732115089893341064e-01 1.839870661497116089e-01 1.090995371341705322e-01 9.378707408905029297e-01
1.284323930740356445e-01 5.970385074615478516e-01 -5.168358325958251953e+00 2.729498147964477539e-01 1.812132000923156738e-01 1.095011010766029358e-01 9.384400248527526855e-01
1.374521255493164062e-01 6.108541488647460938e-01 -5.224921703338623047e+00 2.728655040264129639e-01 1.776025891304016113e-01 1.103781014680862427e-01 9.390518665313720703e-01
1.454271078109741211e-01 6.283688545227050781e-01 -5.315092086791992188e+00 2.724975347518920898e-01 1.732231378555297852e-01 1.117473840713500977e-01 9.398145675659179688e-01
1.403971910476684570e-01 6.351596117019653320e-01 -5.430150508880615234e+00 2.718114852905273438e-01 1.686638295650482178e-01 1.130248159170150757e-01 9.406893253326416016e-01
1.491668224334716797e-01 6.661603450775146484e-01 -5.486285209655761719e+00 2.713353633880615234e-01 1.637744754552841187e-01 1.142415329813957214e-01 9.415433406829833984e-01
1.653084754943847656e-01 6.471006870269775391e-01 -5.674378395080566406e+00 2.695097327232360840e-01 1.584260016679763794e-01 1.164566949009895325e-01 9.427107572555541992e-01
1.419283151626586914e-01 6.870914697647094727e-01 -5.768385887145996094e+00 2.683552205562591553e-01 1.550063043832778931e-01 1.139096543192863464e-01 9.439190626144409180e-01
1.517924070358276367e-01 7.147535085678100586e-01 -5.939457893371582031e+00 2.664187550544738770e-01 1.519796997308731079e-01 1.097861081361770630e-01 9.454470872879028320e-01
1.511517763137817383e-01 7.157846689224243164e-01 -6.057063102722167969e+00 2.638939917087554932e-01 1.497268825769424438e-01 1.050616651773452759e-01 9.470500946044921875e-01
1.640603542327880859e-01 7.402509450912475586e-01 -6.227867603302001953e+00 2.616840302944183350e-01 1.477682143449783325e-01 1.004765331745147705e-01 9.484674334526062012e-01
1.571770906448364258e-01 7.552360296249389648e-01 -6.345586776733398438e+00 2.601065933704376221e-01 1.468987017869949341e-01 9.578209370374679565e-02 9.495215415954589844e-01
1.793574094772338867e-01 7.724595069885253906e-01 -6.494948387145996094e+00 2.582184672355651855e-01 1.465010344982147217e-01 9.155311435461044312e-02 9.505149722099304199e-01
2.006224393844604492e-01 7.967870235443115234e-01 -6.691029548645019531e+00 2.568078637123107910e-01 1.468936055898666382e-01 8.805070817470550537e-02 9.511672258377075195e-01
1.596072912216186523e-01 8.037066459655761719e-01 -6.871841907501220703e+00 2.556882798671722412e-01 1.496093571186065674e-01 8.415129035711288452e-02 9.513984918594360352e-01
1.825659275054931641e-01 8.441741466522216797e-01 -7.001851081848144531e+00 2.561541199684143066e-01 1.523212641477584839e-01 8.092024922370910645e-02 9.511231184005737305e-01
1.635978221893310547e-01 8.759255409240722656e-01 -7.165489196777343750e+00 2.563520669937133789e-01 1.567964106798171997e-01 7.906103134155273438e-02 9.504987597465515137e-01
1.778330802917480469e-01 8.833849430084228516e-01 -7.343478202819824219e+00 2.568199634552001953e-01 1.617108285427093506e-01 7.603296637535095215e-02 9.497958421707153320e-01
1.790490150451660156e-01 9.073173999786376953e-01 -7.530664443969726562e+00 2.578642368316650391e-01 1.673125475645065308e-01 7.512022554874420166e-02 9.486145377159118652e-01
1.666038036346435547e-01 9.397001266479492188e-01 -7.708901405334472656e+00 2.595902681350708008e-01 1.742563247680664062e-01 7.378274947404861450e-02 9.469972252845764160e-01
1.535494327545166016e-01 9.528405666351318359e-01 -7.857787132263183594e+00 2.615092396736145020e-01 1.818876564502716064e-01 7.282339036464691162e-02 9.451066255569458008e-01
1.501352787017822266e-01 9.490253925323486328e-01 -8.054700851440429688e+00 2.634100615978240967e-01 1.892825365066528320e-01 7.215249538421630859e-02 9.431761503219604492e-01
1.720788478851318359e-01 1.029721736907958984e+00 -8.325414657592773438e+00 2.664715051651000977e-01 1.972669214010238647e-01 7.160357385873794556e-02 9.407186508178710938e-01
1.661303043365478516e-01 1.022013425827026367e+00 -8.544690132141113281e+00 2.682616412639617920e-01 2.058159708976745605e-01 7.151862233877182007e-02 9.383818507194519043e-01
1.888890266418457031e-01 1.096151590347290039e+00 -8.743468284606933594e+00 2.714737653732299805e-01 2.136957496404647827e-01 7.207020372152328491e-02 9.356505870819091797e-01
1.833183765411376953e-01 1.128236532211303711e+00 -8.931959152221679688e+00 2.744460701942443848e-01 2.220092564821243286e-01 7.124570757150650024e-02 9.329069256782531738e-01
1.302671432495117188e-01 1.101012945175170898e+00 -9.196424484252929688e+00 2.764718830585479736e-01 2.311646044254302979e-01 7.088300585746765137e-02 9.301084876060485840e-01
1.503467559814453125e-01 1.142345190048217773e+00 -9.456253051757812500e+00 2.790680825710296631e-01 2.388062477111816406e-01 7.166057825088500977e-02 9.273388385772705078e-01
9.366440773010253906e-02 1.255998611450195312e+00 -9.503356933593750000e+00 2.834236323833465576e-01 2.469967901706695557e-01 7.193160057067871094e-02 9.238449335098266602e-01
1.238918304443359375e-01 1.334118604660034180e+00 -9.993284225463867188e+00 2.859466671943664551e-01 2.532351016998291016e-01 7.334131002426147461e-02 9.212641119956970215e-01
1.499545574188232422e-01 1.358937978744506836e+00 -1.015015697479248047e+01 2.888413667678833008e-01 2.594492733478546143e-01 7.430932670831680298e-02 9.185504317283630371e-01
6.187629699707031250e-02 1.364026069641113281e+00 -1.038369750976562500e+01 2.909903526306152344e-01 2.659092545509338379e-01 7.405696809291839600e-02 9.160417318344116211e-01
1.511859893798828125e-01 1.504063367843627930e+00 -1.067256450653076172e+01 2.940576672554016113e-01 2.697431445121765137e-01 7.537882030010223389e-02 9.138308167457580566e-01
1.133136749267578125e-01 1.522679328918457031e+00 -1.089336013793945312e+01 2.962754666805267334e-01 2.741963565349578857e-01 7.492017000913619995e-02 9.118246436119079590e-01
-6.461620330810546875e-03 1.555673599243164062e+00 -1.094223403930664062e+01 2.985571324825286865e-01 2.781692743301391602e-01 7.533289492130279541e-02 9.098408818244934082e-01
-1.081595420837402344e-01 1.593069553375244141e+00 -1.127858924865722656e+01 2.986056208610534668e-01 2.814088165760040283e-01 7.370792329311370850e-02 9.089614152908325195e-01
-1.475200653076171875e-01 1.676455497741699219e+00 -1.156133842468261719e+01 2.985953092575073242e-01 2.824172675609588623e-01 7.421782612800598145e-02 9.086105227470397949e-01
-1.252050399780273438e-01 1.730745315551757812e+00 -1.178194046020507812e+01 2.992947101593017578e-01 2.824563980102539062e-01 7.377142459154129028e-02 9.084045290946960449e-01
-9.835004806518554688e-02 1.790897607803344727e+00 -1.195200252532958984e+01 2.992274463176727295e-01 2.812615633010864258e-01 7.464935630559921265e-02 9.087256789207458496e-01
-1.075119972229003906e-01 1.822713851928710938e+00 -1.218324756622314453e+01 2.991939485073089600e-01 2.799545824527740479e-01 7.435034215450286865e-02 9.091646671295166016e-01
-1.357154846191406250e-01 1.850150585174560547e+00 -1.241551017761230469e+01 2.987268865108489990e-01 2.785550355911254883e-01 7.438365370035171509e-02 9.097452163696289062e-01
-1.557898521423339844e-01 1.882876634597778320e+00 -1.262878036499023438e+01 2.984861731529235840e-01 2.766123414039611816e-01 7.317002862691879272e-02 9.105151295661926270e-01
-1.882786750793457031e-01 1.899807691574096680e+00 -1.284634780883789062e+01 2.975248396396636963e-01 2.746840417385101318e-01 7.401098310947418213e-02 9.113451838493347168e-01
-2.235569953918457031e-01 1.926081418991088867e+00 -1.305415534973144531e+01 2.971126735210418701e-01 2.730405032634735107e-01 7.254014909267425537e-02 9.120914936065673828e-01
-2.726411819458007812e-01 1.951818466186523438e+00 -1.326058769226074219e+01 2.961778044700622559e-01 2.715777754783630371e-01 7.189105451107025146e-02 9.128832817077636719e-01
-3.027572631835937500e-01 1.973731517791748047e+00 -1.344937801361083984e+01 2.958897948265075684e-01 2.704061865806579590e-01 7.118331640958786011e-02 9.133797883987426758e-01
-3.102531433105468750e-01 1.986509799957275391e+00 -1.362582874298095703e+01 2.955605387687683105e-01 2.693435549736022949e-01 7.039928436279296875e-02 9.138609766960144043e-01
-3.217768669128417969e-01 1.998453378677368164e+00 -1.379039382934570312e+01 2.952622771263122559e-01 2.693613469600677490e-01 7.006824761629104614e-02 9.139776229858398438e-01
-3.686366081237792969e-01 2.028746128082275391e+00 -1.395949745178222656e+01 2.953555583953857422e-01 2.703752815723419189e-01 6.893563270568847656e-02 9.137341976165771484e-01
-3.607358932495117188e-01 2.023549079895019531e+00 -1.410021591186523438e+01 2.949162125587463379e-01 2.717707455158233643e-01 6.932286918163299561e-02 9.134327769279479980e-01
-3.656086921691894531e-01 2.033414363861083984e+00 -1.423559570312500000e+01 2.951665222644805908e-01 2.747257053852081299e-01 6.905381381511688232e-02 9.124878644943237305e-01
-4.429435729980468750e-01 2.068834304809570312e+00 -1.440220642089843750e+01 2.931993007659912109e-01 2.802258133888244629e-01 6.907274574041366577e-02 9.114475250244140625e-01
-4.281749725341796875e-01 2.070895195007324219e+00 -1.450535011291503906e+01 2.913226187229156494e-01 2.865774929523468018e-01 7.010667771100997925e-02 9.099942445755004883e-01
-4.148106575012207031e-01 2.065539836883544922e+00 -1.460119819641113281e+01 2.892524302005767822e-01 2.939729690551757812e-01 7.224649190902709961e-02 9.081262946128845215e-01
-4.380636215209960938e-01 2.079338550567626953e+00 -1.472141933441162109e+01 2.868657708168029785e-01 3.038519322872161865e-01 7.395016402006149292e-02 9.054906964302062988e-01
-4.494228363037109375e-01 2.087328195571899414e+00 -1.481401252746582031e+01 2.828206121921539307e-01 3.169550597667694092e-01 7.220803946256637573e-02 9.024067521095275879e-01
-4.629759788513183594e-01 2.102211952209472656e+00 -1.490691184997558594e+01 2.783604562282562256e-01 3.316394686698913574e-01 7.005741447210311890e-02 8.986783027648925781e-01
-4.674110412597656250e-01 2.098534822463989258e+00 -1.498142719268798828e+01 2.732298672199249268e-01 3.481575846672058105e-01 6.911924481391906738e-02 8.940661549568176270e-01
-4.329271316528320312e-01 2.092104434967041016e+00 -1.501857852935791016e+01 2.679999768733978271e-01 3.651018142700195312e-01 6.724746525287628174e-02 8.890188336372375488e-01
-4.676165580749511719e-01 2.107297182083129883e+00 -1.510402297973632812e+01 2.626034319400787354e-01 3.834178149700164795e-01 6.747523695230484009e-02 8.828800916671752930e-01
-4.098415374755859375e-01 2.093098163604736328e+00 -1.509632682800292969e+01 2.559641599655151367e-01 4.018013775348663330e-01 6.615772843360900879e-02 8.767332434654235840e-01
-4.376821517944335938e-01 2.104527235031127930e+00 -1.516826248168945312e+01 2.496654391288757324e-01 4.206179678440093994e-01 6.564124673604965210e-02 8.697350025177001953e-01
-4.703545570373535156e-01 2.113001823425292969e+00 -1.522218704223632812e+01 2.432288229465484619e-01 4.398728907108306885e-01 6.474094837903976440e-02 8.620673418045043945e-01
-4.639687538146972656e-01 2.116734743118286133e+00 -1.524849033355712891e+01 2.362654060125350952e-01 4.581748247146606445e-01 6.654765456914901733e-02 8.542984724044799805e-01
-4.813680648803710938e-01 2.115528345108032227e+00 -1.529111957550048828e+01 2.298073917627334595e-01 4.764392077922821045e-01 6.551032513380050659e-02 8.461102843284606934e-01
-4.687027931213378906e-01 2.110128879547119141e+00 -1.530746841430664062e+01 2.227907627820968628e-01 4.934256076812744141e-01 6.718397885560989380e-02 8.380821943283081055e-01
-4.632463455200195312e-01 2.125094175338745117e+00 -1.532872295379638672e+01 2.167248278856277466e-01 5.096168518066406250e-01 6.749265640974044800e-02 8.299191594123840332e-01
-5.148453712463378906e-01 2.132066249847412109e+00 -1.539085197448730469e+01 2.098057270050048828e-01 5.245550274848937988e-01 6.920213252305984497e-02 8.222132921218872070e-01
-4.838156700134277344e-01 2.157232761383056641e+00 -1.538953971862792969e+01 2.059925645589828491e-01 5.374011993408203125e-01 7.113113254308700562e-02 8.146823644638061523e-01
-4.273147583007812500e-01 2.167855024337768555e+00 -1.540526103973388672e+01 2.001056373119354248e-01 5.477023720741271973e-01 6.962707638740539551e-02 8.094021677970886230e-01
-3.935775756835937500e-01 2.128035545349121094e+00 -1.540676116943359375e+01 1.942367106676101685e-01 5.574212670326232910e-01 7.672861963510513306e-02 8.035336732864379883e-01
-4.106335639953613281e-01 2.131752014160156250e+00 -1.541690826416015625e+01 1.919991821050643921e-01 5.661829113960266113e-01 7.999007403850555420e-02 7.976056337356567383e-01
-4.573793411254882812e-01 2.129386425018310547e+00 -1.546311950683593750e+01 1.889006197452545166e-01 5.726987123489379883e-01 8.917775750160217285e-02 7.927042841911315918e-01
-4.535326957702636719e-01 2.139650583267211914e+00 -1.546345043182373047e+01 1.848297417163848877e-01 5.772789716720581055e-01 8.717633783817291260e-02 7.905613183975219727e-01
-3.870744705200195312e-01 2.092161417007446289e+00 -1.541473102569580078e+01 1.802990585565567017e-01 5.787302851676940918e-01 9.294836223125457764e-02 7.898886799812316895e-01
-3.876147270202636719e-01 2.083651781082153320e+00 -1.542698097229003906e+01 1.736709326505661011e-01 5.798707008361816406e-01 9.252511709928512573e-02 7.905868291854858398e-01
-4.202480316162109375e-01 2.119813919067382812e+00 -1.545988368988037109e+01 1.677202433347702026e-01 5.779877305030822754e-01 8.340011537075042725e-02 7.942571640014648438e-01
-4.599151611328125000e-01 2.123086452484130859e+00 -1.550641250610351562e+01 1.591278761625289917e-01 5.743536353111267090e-01 7.504544407129287720e-02 7.994775176048278809e-01
-4.801659584045410156e-01 2.125497341156005859e+00 -1.552762317657470703e+01 1.509879529476165771e-01 5.687457919120788574e-01 5.952164158225059509e-02 8.063423633575439453e-01
-4.213252067565917969e-01 2.122133255004882812e+00 -1.551117992401123047e+01 1.425420045852661133e-01 5.598987340927124023e-01 5.018772929906845093e-02 8.146633505821228027e-01
-4.152388572692871094e-01 2.133598089218139648e+00 -1.549754333496093750e+01 1.365560293197631836e-01 5.513184070587158203e-01 4.516948014497756958e-02 8.218029737472534180e-01
-4.442338943481445312e-01 2.188627004623413086e+00 -1.551659584045410156e+01 1.302616000175476074e-01 5.413791537284851074e-01 2.764941006898880005e-02 8.301662206649780273e-01
-4.926772117614746094e-01 2.149293899536132812e+00 -1.557801818847656250e+01 1.202520206570625305e-01 5.307547450065612793e-01 1.339449640363454819e-02 8.388441205024719238e-01
-5.038409233093261719e-01 2.152138233184814453e+00 -1.559053611755371094e+01 1.142738014459609985e-01 5.196580290794372559e-01 3.985539078712463379e-03 8.466883301734924316e-01
-4.937725067138671875e-01 2.172080278396606445e+00 -1.559520339965820312e+01 1.071957200765609741e-01 5.067682266235351562e-01 -5.331967025995254517e-03 8.553751111030578613e-01
-4.721369743347167969e-01 2.189900159835815430e+00 -1.560420036315917969e+01 1.002086997032165527e-01 4.947527348995208740e-01 -1.360528636723756790e-02 8.631296753883361816e-01
-4.861960411071777344e-01 2.206700563430786133e+00 -1.562536811828613281e+01 9.366507828235626221e-02 4.830228686332702637e-01 -2.216445468366146088e-02 8.703013658523559570e-01
-4.599337577819824219e-01 2.224701166152954102e+00 -1.559315490722656250e+01 8.809611946344375610e-02 4.726890027523040771e-01 -3.153084591031074524e-02 8.762476444244384766e-01
-4.531126022338867188e-01 2.205519914627075195e+00 -1.560598373413085938e+01 8.244162797927856445e-02 4.623601436614990234e-01 -3.868937864899635315e-02 8.820031881332397461e-01
-3.995547294616699219e-01 2.214311122894287109e+00 -1.556753158569335938e+01 7.733441144227981567e-02 4.526225626468658447e-01 -4.331886395812034607e-02 8.872855901718139648e-01
-4.071593284606933594e-01 2.225815773010253906e+00 -1.561065292358398438e+01 7.219126820564270020e-02 4.441769123077392578e-01 -4.876971244812011719e-02 8.916932344436645508e-01
-4.482188224792480469e-01 2.251242637634277344e+00 -1.567896080017089844e+01 6.851152330636978149e-02 4.390685856342315674e-01 -5.295693129301071167e-02 8.942709565162658691e-01
-4.626369476318359375e-01 2.247003555297851562e+00 -1.573336601257324219e+01 6.509044766426086426e-02 4.351309835910797119e-01 -5.360962823033332825e-02 8.964096307754516602e-01
-4.761176109313964844e-01 2.237810611724853516e+00 -1.578135490417480469e+01 6.209714338183403015e-02 4.333664476871490479e-01 -5.222525075078010559e-02 8.975577950477600098e-01
-5.030093193054199219e-01 2.234285831451416016e+00 -1.585948371887207031e+01 5.957204103469848633e-02 4.345322549343109131e-01 -5.179890990257263184e-02 8.971899151802062988e-01
-5.179080963134765625e-01 2.231535911560058594e+00 -1.592457389831542969e+01 5.857017263770103455e-02 4.386142790317535400e-01 -4.719048738479614258e-02 8.955222368240356445e-01
-5.647001266479492188e-01 2.268379688262939453e+00 -1.599179077148437500e+01 5.851171910762786865e-02 4.461514055728912354e-01 -4.150925576686859131e-02 8.920775055885314941e-01
-5.468893051147460938e-01 2.237208366394042969e+00 -1.604360389709472656e+01 5.778569355607032776e-02 4.545862376689910889e-01 -3.395351022481918335e-02 8.881775140762329102e-01
-5.610346794128417969e-01 2.238950967788696289e+00 -1.609501647949218750e+01 5.925983935594558716e-02 4.667462110519409180e-01 -2.560574561357498169e-02 8.820320963859558105e-01
-5.731620788574218750e-01 2.243078708648681641e+00 -1.613142395019531250e+01 6.010754406452178955e-02 4.796027839183807373e-01 -1.511421054601669312e-02 8.752940893173217773e-01
-5.541734695434570312e-01 2.294175148010253906e+00 -1.619201660156250000e+01 6.275711953639984131e-02 4.936278164386749268e-01 -2.677090466022491455e-03 8.674018383026123047e-01
-6.045184135437011719e-01 2.261550426483154297e+00 -1.629560852050781250e+01 6.406423449516296387e-02 5.096942782402038574e-01 9.117134846746921539e-03 8.579186201095581055e-01
-6.060028076171875000e-01 2.267062187194824219e+00 -1.636463928222656250e+01 6.637913733720779419e-02 5.264536738395690918e-01 2.199095860123634338e-02 8.473232984542846680e-01
-6.042795181274414062e-01 2.262063026428222656e+00 -1.643757438659667969e+01 6.895770877599716187e-02 5.430949330329895020e-01 3.261154517531394958e-02 8.361992835998535156e-01
-6.038765907287597656e-01 2.273088693618774414e+00 -1.654085922241210938e+01 7.090687006711959839e-02 5.580399632453918457e-01 4.289255291223526001e-02 8.256657123565673828e-01
-6.249675750732421875e-01 2.268109321594238281e+00 -1.662125205993652344e+01 7.304950058460235596e-02 5.773319005966186523e-01 5.888613313436508179e-02 8.111005425453186035e-01
-6.380500793457031250e-01 2.271936178207397461e+00 -1.672030448913574219e+01 7.640600949525833130e-02 5.936494469642639160e-01 7.319676876068115234e-02 7.977372407913208008e-01
-6.540331840515136719e-01 2.277360677719116211e+00 -1.681275558471679688e+01 7.955700904130935669e-02 6.100904941558837891e-01 8.637484908103942871e-02 7.835813164710998535e-01
-6.608288288116455078e-01 2.287636518478393555e+00 -1.690342330932617188e+01 8.263710886240005493e-02 6.257008314132690430e-01 9.692282229661941528e-02 7.695943713188171387e-01
-6.699297428131103516e-01 2.289100885391235352e+00 -1.699761772155761719e+01 8.506470173597335815e-02 6.398762464523315430e-01 1.097216978669166565e-01 7.558329701423645020e-01
-6.769585609436035156e-01 2.290379285812377930e+00 -1.708144950866699219e+01 8.679513633251190186e-02 6.545042395591735840e-01 1.210724785923957825e-01 7.412369847297668457e-01
-6.900722980499267578e-01 2.295139551162719727e+00 -1.716343307495117188e+01 8.960662782192230225e-02 6.674763560295104980e-01 1.316180825233459473e-01 7.274081110954284668e-01
-6.972190737724304199e-01 2.300966978073120117e+00 -1.724509048461914062e+01 9.138984233140945435e-02 6.788535118103027344e-01 1.395830065011978149e-01 7.150680422782897949e-01
-7.076902389526367188e-01 2.306649923324584961e+00 -1.731986427307128906e+01 9.366644173860549927e-02 6.893261075019836426e-01 1.464379578828811646e-01 7.032865881919860840e-01
-7.112737894058227539e-01 2.305904865264892578e+00 -1.739415740966796875e+01 9.417304396629333496e-02 6.982343196868896484e-01 1.519149243831634521e-01 6.931970119476318359e-01
-7.219479084014892578e-01 2.316199064254760742e+00 -1.746734046936035156e+01 9.385632723569869995e-02 7.050220966339111328e-01 1.535678505897521973e-01 6.859676837921142578e-01
-7.295899391174316406e-01 2.321378707885742188e+00 -1.753272438049316406e+01 9.336894005537033081e-02 7.114769220352172852e-01 1.534192115068435669e-01 6.793712973594665527e-01
-7.453891634941101074e-01 2.323086261749267578e+00 -1.759805679321289062e+01 9.294065833091735840e-02 7.156916260719299316e-01 1.550197154283523560e-01 6.746231317520141602e-01
-7.521743774414062500e-01 2.330259084701538086e+00 -1.766065406799316406e+01 9.350748360157012939e-02 7.185212373733520508e-01 1.541313678026199341e-01 6.717343926429748535e-01
-7.602536082267761230e-01 2.338629961013793945e+00 -1.770932197570800781e+01 9.508582204580307007e-02 7.218640446662902832e-01 1.521485149860382080e-01 6.683725714683532715e-01
-7.782958745956420898e-01 2.339361667633056641e+00 -1.778304100036621094e+01 9.502761811017990112e-02 7.203499078750610352e-01 1.517315953969955444e-01 6.701068878173828125e-01
-7.886776924133300781e-01 2.345386743545532227e+00 -1.783414840698242188e+01 9.479134529829025269e-02 7.203533649444580078e-01 1.481624394655227661e-01 6.709348559379577637e-01
-7.981131076812744141e-01 2.348067522048950195e+00 -1.788867187500000000e+01 9.266375005245208740e-02 7.191314101219177246e-01 1.435384601354598999e-01 6.735429763793945312e-01
-8.109448552131652832e-01 2.350145339965820312e+00 -1.793235778808593750e+01 9.122548252344131470e-02 7.179415225982666016e-01 1.388624310493469238e-01 6.759845018386840820e-01
-8.194550275802612305e-01 2.353493213653564453e+00 -1.797442817687988281e+01 8.971808850765228271e-02 7.156912088394165039e-01 1.325400620698928833e-01 6.798307895660400391e-01
-8.284772634506225586e-01 2.362206220626831055e+00 -1.802297401428222656e+01 8.755713701248168945e-02 7.114800810813903809e-01 1.263400018215179443e-01 6.856879591941833496e-01
-8.413578271865844727e-01 2.370414972305297852e+00 -1.806184768676757812e+01 8.613122999668121338e-02 7.077202200889587402e-01 1.204450801014900208e-01 6.908012628555297852e-01
-8.483306169509887695e-01 2.376056432723999023e+00 -1.810035324096679688e+01 8.342890441417694092e-02 7.031918764114379883e-01 1.143564954400062561e-01 6.967663764953613281e-01
-8.578250408172607422e-01 2.378998517990112305e+00 -1.813225555419921875e+01 8.102190494537353516e-02 6.980621218681335449e-01 1.085401847958564758e-01 7.031100392341613770e-01
-8.650471568107604980e-01 2.380725860595703125e+00 -1.816247749328613281e+01 7.790686190128326416e-02 6.930009722709655762e-01 1.029174476861953735e-01 7.092871069908142090e-01
-8.725086450576782227e-01 2.389793395996093750e+00 -1.818774986267089844e+01 7.523401826620101929e-02 6.876826286315917969e-01 9.644459933042526245e-02 7.156332731246948242e-01
-8.822889328002929688e-01 2.389979600906372070e+00 -1.822358894348144531e+01 7.167755812406539917e-02 6.809062957763671875e-01 9.289017319679260254e-02 7.229110002517700195e-01
-8.891392946243286133e-01 2.396515846252441406e+00 -1.823483085632324219e+01 6.876055151224136353e-02 6.766510009765625000e-01 8.898142725229263306e-02 7.276659607887268066e-01
-8.914463520050048828e-01 2.393571376800537109e+00 -1.825664520263671875e+01 6.435321271419525146e-02 6.705492138862609863e-01 8.593057096004486084e-02 7.340560555458068848e-01
-9.020382165908813477e-01 2.398183107376098633e+00 -1.827000808715820312e+01 6.162750348448753357e-02 6.654419898986816406e-01 8.429787307977676392e-02 7.391094565391540527e-01
-9.041268825531005859e-01 2.401018381118774414e+00 -1.827772521972656250e+01 5.820602923631668091e-02 6.602350473403930664e-01 8.310707658529281616e-02 7.441740036010742188e-01
-9.035706520080566406e-01 2.405335903167724609e+00 -1.828549957275390625e+01 5.457359552383422852e-02 6.544316411018371582e-01 8.337694406509399414e-02 7.495259642601013184e-01
-9.104084968566894531e-01 2.401840209960937500e+00 -1.828591728210449219e+01 5.021790042519569397e-02 6.510374546051025391e-01 8.465782552957534790e-02 7.526363134384155273e-01
-9.127504825592041016e-01 2.407563686370849609e+00 -1.829953002929687500e+01 4.659835621714591980e-02 6.470937728881835938e-01 8.769865334033966064e-02 7.559148073196411133e-01
-9.163608551025390625e-01 2.410805940628051758e+00 -1.831703186035156250e+01 4.245892912149429321e-02 6.436792016029357910e-01 9.073869138956069946e-02 7.587099671363830566e-01
-9.227125644683837891e-01 2.410594940185546875e+00 -1.834460258483886719e+01 3.850507363677024841e-02 6.403286457061767578e-01 9.547444432973861694e-02 7.611709237098693848e-01
-9.298255443572998047e-01 2.408772468566894531e+00 -1.838258171081542969e+01 3.372902423143386841e-02 6.373086571693420410e-01 1.016394868493080139e-01 7.631313800811767578e-01
-9.403612613677978516e-01 2.417736053466796875e+00 -1.842790222167968750e+01 2.987665683031082153e-02 6.345143914222717285e-01 1.076206713914871216e-01 7.647984027862548828e-01
-9.475326538085937500e-01 2.420127868652343750e+00 -1.847052192687988281e+01 2.614759840071201324e-02 6.333175897598266602e-01 1.156602278351783752e-01 7.647534608840942383e-01
-9.596991539001464844e-01 2.426591157913208008e+00 -1.852023696899414062e+01 2.247769571840763092e-02 6.328924298286437988e-01 1.236932873725891113e-01 7.639645934104919434e-01
-9.686458110809326172e-01 2.425108432769775391e+00 -1.857821655273437500e+01 1.757308281958103180e-02 6.327785253524780273e-01 1.331392079591751099e-01 7.625985145568847656e-01
-9.733746051788330078e-01 2.433409452438354492e+00 -1.864713668823242188e+01 1.376152690500020981e-02 6.316471099853515625e-01 1.424088776111602783e-01 7.619398236274719238e-01
-9.896759986877441406e-01 2.439856290817260742e+00 -1.871739387512207031e+01 9.925995022058486938e-03 6.331303119659423828e-01 1.526223868131637573e-01 7.587844729423522949e-01
-1.004023790359497070e+00 2.444533824920654297e+00 -1.878927421569824219e+01 5.648360121995210648e-03 6.351681947708129883e-01 1.649290174245834351e-01 7.545381784439086914e-01
-1.020677328109741211e+00 2.448181390762329102e+00 -1.887129402160644531e+01 1.434385194443166256e-03 6.381341814994812012e-01 1.760317683219909668e-01 7.495301961898803711e-01
-1.042950868606567383e+00 2.453029632568359375e+00 -1.895577049255371094e+01 -1.842257683165371418e-03 6.423894166946411133e-01 1.892952322959899902e-01 7.426304221153259277e-01
-1.054912090301513672e+00 2.453222036361694336e+00 -1.906657600402832031e+01 -6.927340757101774216e-03 6.443958878517150879e-01 2.023611515760421753e-01 7.373980283737182617e-01
-1.074182152748107910e+00 2.471702098846435547e+00 -1.915771484375000000e+01 -9.075137786567211151e-03 6.502109169960021973e-01 2.152269631624221802e-01 7.285744547843933105e-01
-1.087271928787231445e+00 2.478056669235229492e+00 -1.926040267944335938e+01 -1.261449791491031647e-02 6.556119322776794434e-01 2.305258959531784058e-01 7.189378738403320312e-01
-1.115794301033020020e+00 2.485450744628906250e+00 -1.936942100524902344e+01 -1.525045558810234070e-02 6.623880267143249512e-01 2.441728860139846802e-01 7.080883383750915527e-01
-1.136994123458862305e+00 2.500184059143066406e+00 -1.947847747802734375e+01 -2.394025586545467377e-02 6.699513792991638184e-01 2.522750794887542725e-01 6.978175044059753418e-01
-1.155983805656433105e+00 2.500746726989746094e+00 -1.960888481140136719e+01 -3.362090885639190674e-02 6.767173409461975098e-01 2.619945406913757324e-01 6.872278451919555664e-01
-1.186505317687988281e+00 2.515800952911376953e+00 -1.973362350463867188e+01 -4.067336395382881165e-02 6.850951313972473145e-01 2.718563079833984375e-01 6.745994687080383301e-01
-1.223914384841918945e+00 2.535383701324462891e+00 -1.986081123352050781e+01 -4.877474159002304077e-02 6.932260394096374512e-01 2.815026640892028809e-01 6.616758704185485840e-01
-1.269771575927734375e+00 2.562557935714721680e+00 -1.998803138732910156e+01 -5.508172884583473206e-02 7.020478248596191406e-01 2.902072072029113770e-01 6.479772925376892090e-01
-1.293539643287658691e+00 2.549722194671630859e+00 -2.010705757141113281e+01 -6.430704891681671143e-02 7.106524109840393066e-01 3.010862767696380615e-01 6.326016187667846680e-01
-1.335008144378662109e+00 2.562636613845825195e+00 -2.027064323425292969e+01 -7.001402229070663452e-02 7.172910571098327637e-01 3.122339248657226562e-01 6.189519166946411133e-01
-1.384131908416748047e+00 2.583540916442871094e+00 -2.040150833129882812e+01 -7.555609196424484253e-02 7.261114120483398438e-01 3.214378058910369873e-01 6.031013727188110352e-01
-1.430833339691162109e+00 2.582975387573242188e+00 -2.055748939514160156e+01 -8.029271662235260010e-02 7.329421639442443848e-01 3.331833779811859131e-01 5.876542925834655762e-01
-1.499359726905822754e+00 2.609989643096923828e+00 -2.073806571960449219e+01 -8.254728466272354126e-02 7.377222180366516113e-01 3.435883820056915283e-01 5.752381086349487305e-01
-1.555592536926269531e+00 2.625428199768066406e+00 -2.086795616149902344e+01 -8.645973354578018188e-02 7.457723617553710938e-01 3.535260856151580811e-01 5.580033659934997559e-01
-1.604482173919677734e+00 2.631805896759033203e+00 -2.098909568786621094e+01 -8.981424570083618164e-02 7.538448572158813477e-01 3.631441593170166016e-01 5.401644706726074219e-01
-1.658335208892822266e+00 2.681057929992675781e+00 -2.119616889953613281e+01 -8.881835639476776123e-02 7.567091584205627441e-01 3.731337487697601318e-01 5.294088125228881836e-01
-1.765510082244873047e+00 2.697234392166137695e+00 -2.130757904052734375e+01 -8.990474790334701538e-02 7.638855576515197754e-01 3.786531984806060791e-01 5.147987604141235352e-01
-1.845993280410766602e+00 2.696243286132812500e+00 -2.145918846130371094e+01 -9.151177853345870972e-02 7.677252292633056641e-01 3.882977068424224854e-01 5.014463067054748535e-01
-2.017328739166259766e+00 2.760640382766723633e+00 -2.153395652770996094e+01 -8.607260882854461670e-02 7.748315930366516113e-01 3.885648250579833984e-01 4.911668598651885986e-01
-2.182027339935302734e+00 2.803534030914306641e+00 -2.154140853881835938e+01 -8.306713402271270752e-02 7.796596884727478027e-01 3.941678106784820557e-01 4.794396758079528809e-01
-2.315610408782958984e+00 2.823994398117065430e+00 -2.146575927734375000e+01 -8.288514614105224609e-02 7.844307422637939453e-01 3.953774571418762207e-01 4.706113934516906738e-01
-2.448472499847412109e+00 2.841962337493896484e+00 -2.135425567626953125e+01 -8.994881063699722290e-02 7.876961827278137207e-01 3.898970484733581543e-01 4.684273898601531982e-01
-2.579401254653930664e+00 2.850911855697631836e+00 -2.122606468200683594e+01 -9.887248277664184570e-02 7.893993258476257324e-01 3.831233978271484375e-01 4.693498313426971436e-01
-2.651956558227539062e+00 2.850681781768798828e+00 -2.105578231811523438e+01 -1.094480603933334351e-01 7.913695573806762695e-01 3.738856613636016846e-01 4.711314737796783447e-01
-2.743976116180419922e+00 2.851684570312500000e+00 -2.089687156677246094e+01 -1.211668848991394043e-01 7.914681434631347656e-01 3.619235157966613770e-01 4.773972928524017334e-01
-2.855232715606689453e+00 2.879662275314331055e+00 -2.074417304992675781e+01 -1.299989372491836548e-01 7.911863923072814941e-01 3.468802273273468018e-01 4.866193830966949463e-01
-2.930776834487915039e+00 2.873116493225097656e+00 -2.056853103637695312e+01 -1.426831632852554321e-01 7.895079851150512695e-01 3.319559097290039062e-01 4.961087405681610107e-01
-2.993443965911865234e+00 2.871051788330078125e+00 -2.038208389282226562e+01 -1.554438918828964233e-01 7.876420021057128906e-01 3.148723244667053223e-01 5.062734484672546387e-01
-3.055436611175537109e+00 2.885322332382202148e+00 -2.018293380737304688e+01 -1.675298213958740234e-01 7.851852774620056152e-01 2.959958314895629883e-01 5.174981355667114258e-01
-3.162675857543945312e+00 2.895559549331665039e+00 -2.001357460021972656e+01 -1.782316565513610840e-01 7.801032066345214844e-01 2.754628062248229980e-01 5.327219963073730469e-01
-3.229151010513305664e+00 2.933981418609619141e+00 -1.978291511535644531e+01 -1.887435615062713623e-01 7.770146727561950684e-01 2.530324757099151611e-01 5.446088314056396484e-01
-3.319216489791870117e+00 2.896512508392333984e+00 -1.961827659606933594e+01 -2.010800093412399292e-01 7.694098949432373047e-01 2.344677150249481201e-01 5.591064691543579102e-01
-3.403606414794921875e+00 2.913219451904296875e+00 -1.941750144958496094e+01 -2.101732790470123291e-01 7.630876302719116211e-01 2.131227105855941772e-01 5.728029012680053711e-01
-3.468249559402465820e+00 2.927516460418701172e+00 -1.919624710083007812e+01 -2.201731204986572266e-01 7.567246556282043457e-01 1.927922666072845459e-01 5.845705270767211914e-01
-3.580592632293701172e+00 2.972785949707031250e+00 -1.901556205749511719e+01 -2.245607078075408936e-01 7.493882775306701660e-01 1.710981279611587524e-01 5.989283323287963867e-01
-3.659831762313842773e+00 2.987688064575195312e+00 -1.877783966064453125e+01 -2.320933341979980469e-01 7.435961365699768066e-01 1.518494635820388794e-01 6.083906888961791992e-01
-3.722123146057128906e+00 2.947057485580444336e+00 -1.857476234436035156e+01 -2.428110688924789429e-01 7.341785430908203125e-01 1.347891241312026978e-01 6.195615530014038086e-01
-3.783598423004150391e+00 2.946236848831176758e+00 -1.834397125244140625e+01 -2.501282989978790283e-01 7.277041673660278320e-01 1.197777241468429565e-01 6.273242831230163574e-01
-3.840542316436767578e+00 2.957988262176513672e+00 -1.811310195922851562e+01 -2.556753158569335938e-01 7.213065028190612793e-01 1.058274656534194946e-01 6.349390149116516113e-01
-3.938931226730346680e+00 3.022826910018920898e+00 -1.791508483886718750e+01 -2.532547712326049805e-01 7.160696983337402344e-01 9.161157906055450439e-02 6.439826488494873047e-01
-3.985561847686767578e+00 3.015957593917846680e+00 -1.766229629516601562e+01 -2.579796314239501953e-01 7.122049927711486816e-01 8.304831385612487793e-02 6.475441455841064453e-01
-4.019317626953125000e+00 2.978764772415161133e+00 -1.741557693481445312e+01 -2.635880708694458008e-01 7.092052698135375977e-01 7.923924922943115234e-02 6.490533947944641113e-01
-4.073041915893554688e+00 2.984661817550659180e+00 -1.723674583435058594e+01 -2.619201540946960449e-01 7.038945555686950684e-01 7.751073688268661499e-02 6.556846499443054199e-01
-4.143666744232177734e+00 2.982233762741088867e+00 -1.698150062561035156e+01 -2.608914673328399658e-01 7.052220106124877930e-01 7.721385359764099121e-02 6.547026634216308594e-01
-4.217931747436523438e+00 2.980126619338989258e+00 -1.674050140380859375e+01 -2.567972242832183838e-01 7.086486816406250000e-01 8.080723881721496582e-02 6.521828174591064453e-01
-4.275074005126953125e+00 2.985500097274780273e+00 -1.653275489807128906e+01 -2.497362941503524780e-01 7.108569741249084473e-01 8.941275626420974731e-02 6.513980627059936523e-01
-4.354391098022460938e+00 2.997718572616577148e+00 -1.629613876342773438e+01 -2.436626404523849487e-01 7.151466012001037598e-01 9.581474959850311279e-02 6.480844020843505859e-01
-4.406166076660156250e+00 2.992293596267700195e+00 -1.603510093688964844e+01 -2.377000004053115845e-01 7.223293781280517578e-01 1.090871691703796387e-01 6.401866078376770020e-01
-4.445710182189941406e+00 2.977598905563354492e+00 -1.576362895965576172e+01 -2.332105785608291626e-01 7.291385531425476074e-01 1.235979124903678894e-01 6.314216852188110352e-01
-4.525871753692626953e+00 2.999574422836303711e+00 -1.553477287292480469e+01 -2.218968868255615234e-01 7.365900874137878418e-01 1.388837993144989014e-01 6.236249208450317383e-01
-4.618086338043212891e+00 3.011480093002319336e+00 -1.527888488769531250e+01 -2.106052935123443604e-01 7.465588450431823730e-01 1.553695052862167358e-01 6.116825938224792480e-01
-4.710549831390380859e+00 3.035908460617065430e+00 -1.501252555847167969e+01 -1.978647261857986450e-01 7.568566203117370605e-01 1.718501448631286621e-01 5.987362265586853027e-01
-4.787833213806152344e+00 3.038571596145629883e+00 -1.475995635986328125e+01 -1.882088333368301392e-01 7.653831839561462402e-01 1.918275356292724609e-01 5.847804546356201172e-01
-4.892118453979492188e+00 3.046642065048217773e+00 -1.453687286376953125e+01 -1.754729747772216797e-01 7.726017236709594727e-01 2.131799459457397461e-01 5.717080235481262207e-01
-4.976351261138916016e+00 3.104194402694702148e+00 -1.425866222381591797e+01 -1.622641831636428833e-01 7.832977175712585449e-01 2.309923321008682251e-01 5.538569092750549316e-01
-5.102832317352294922e+00 3.101940631866455078e+00 -1.403855705261230469e+01 -1.482104808092117310e-01 7.894872426986694336e-01 2.532261610031127930e-01 5.390918850898742676e-01
-5.215939521789550781e+00 3.133546829223632812e+00 -1.382371807098388672e+01 -1.344555318355560303e-01 7.973164319992065430e-01 2.744652330875396729e-01 5.204584598541259766e-01
-5.353339672088623047e+00 3.162347793579101562e+00 -1.356610298156738281e+01 -1.226726025342941284e-01 8.049489855766296387e-01 2.907958626747131348e-01 5.024403333663940430e-01
-5.490932464599609375e+00 3.159829616546630859e+00 -1.331647300720214844e+01 -1.139569208025932312e-01 8.105849623680114746e-01 3.097658753395080566e-01 4.837467074394226074e-01
-5.627127170562744141e+00 3.162744998931884766e+00 -1.306441116333007812e+01 -1.054374575614929199e-01 8.162013292312622070e-01 3.280076384544372559e-01 4.637987911701202393e-01
-5.775838375091552734e+00 3.156423568725585938e+00 -1.282281112670898438e+01 -1.002857089042663574e-01 8.202750086784362793e-01 3.440413475036621094e-01 4.457883536815643311e-01
-5.935149192810058594e+00 3.186610698699951172e+00 -1.257807636260986328e+01 -9.087835997343063354e-02 8.253164291381835938e-01 3.572948575019836426e-01 4.277080893516540527e-01
-6.074825286865234375e+00 3.183958530426025391e+00 -1.233923435211181641e+01 -8.725526928901672363e-02 8.294399976730346680e-01 3.705803155899047852e-01 4.087615609169006348e-01
-6.234889984130859375e+00 3.191811323165893555e+00 -1.211217880249023438e+01 -7.808700948953628540e-02 8.358842134475708008e-01 3.731627762317657471e-01 3.949044346809387207e-01
-6.382342338562011719e+00 3.200543880462646484e+00 -1.188291072845458984e+01 -7.257295399904251099e-02 8.421033024787902832e-01 3.751116096973419189e-01 3.806395232677459717e-01
-6.528034210205078125e+00 3.217419147491455078e+00 -1.164657211303710938e+01 -6.825969368219375610e-02 8.491720557212829590e-01 3.744253814220428467e-01 3.661325275897979736e-01
-6.693948268890380859e+00 3.226126194000244141e+00 -1.143693447113037109e+01 -6.585662066936492920e-02 8.546321988105773926e-01 3.738388419151306152e-01 3.542756140232086182e-01
-6.839560985565185547e+00 3.232016563415527344e+00 -1.121034431457519531e+01 -6.592818349599838257e-02 8.605565428733825684e-01 3.722159266471862793e-01 3.413960337638854980e-01
-7.019547462463378906e+00 3.235280036926269531e+00 -1.102607536315917969e+01 -6.523294001817703247e-02 8.643103241920471191e-01 3.723668158054351807e-01 3.317457437515258789e-01
-7.161605834960937500e+00 3.243499279022216797e+00 -1.081163597106933594e+01 -6.776945292949676514e-02 8.695642948150634766e-01 3.700989484786987305e-01 3.198312222957611084e-01
-7.325127601623535156e+00 3.255200386047363281e+00 -1.060860252380371094e+01 -7.056253403425216675e-02 8.734757900238037109e-01 3.682472705841064453e-01 3.105718791484832764e-01
-7.454788208007812500e+00 3.264059782028198242e+00 -1.039274215698242188e+01 -7.681498676538467407e-02 8.779600262641906738e-01 3.661954402923583984e-01 2.986411452293395996e-01
-7.621862411499023438e+00 3.275828361511230469e+00 -1.020031356811523438e+01 -8.056440204381942749e-02 8.811286687850952148e-01 3.631323873996734619e-01 2.919870018959045410e-01
-7.764153957366943359e+00 3.280344963073730469e+00 -9.994410514831542969e+00 -8.639977872371673584e-02 8.842054009437561035e-01 3.610955178737640381e-01 2.834182977676391602e-01
-7.911658287048339844e+00 3.286306619644165039e+00 -9.802843093872070312e+00 -9.253888577222824097e-02 8.866569995880126953e-01 3.593983650207519531e-01 2.758780717849731445e-01
-8.069772720336914062e+00 3.294537782669067383e+00 -9.623888015747070312e+00 -9.583554416894912720e-02 8.882907629013061523e-01 3.581866025924682617e-01 2.710301578044891357e-01
-8.218390464782714844e+00 3.288120269775390625e+00 -9.436236381530761719e+00 -1.009192541241645813e-01 8.892070651054382324e-01 3.574962019920349121e-01 2.670627534389495850e-01
-8.361581802368164062e+00 3.290903091430664062e+00 -9.262047767639160156e+00 -1.044924333691596985e-01 8.899660706520080566e-01 3.573189377784729004e-01 2.633721530437469482e-01
-8.512103080749511719e+00 3.288699150085449219e+00 -9.086770057678222656e+00 -1.078308001160621643e-01 8.905043005943298340e-01 3.563039898872375488e-01 2.615761458873748779e-01
-8.670957565307617188e+00 3.300009250640869141e+00 -8.934480667114257812e+00 -1.087690070271492004e-01 8.906809091567993164e-01 3.555133342742919922e-01 2.616621553897857666e-01
-8.829206466674804688e+00 3.303032875061035156e+00 -8.759994506835937500e+00 -1.102568656206130981e-01 8.904923200607299805e-01 3.543742597103118896e-01 2.632219493389129639e-01
-8.976269721984863281e+00 3.305149555206298828e+00 -8.599395751953125000e+00 -1.099214479327201843e-01 8.900947570800781250e-01 3.542345762252807617e-01 2.648894488811492920e-01
-9.127884864807128906e+00 3.309240818023681641e+00 -8.441901206970214844e+00 -1.083188429474830627e-01 8.893415331840515137e-01 3.543630838394165039e-01 2.678907215595245361e-01
-9.285527229309082031e+00 3.317119598388671875e+00 -8.292984962463378906e+00 -1.031952723860740662e-01 8.914096355438232422e-01 3.459029793739318848e-01 2.740269601345062256e-01
-9.425148963928222656e+00 3.308039188385009766e+00 -8.150261878967285156e+00 -9.821467846632003784e-02 8.927072882652282715e-01 3.403473794460296631e-01 2.785520851612091064e-01
-9.572168350219726562e+00 3.308799028396606445e+00 -8.002036094665527344e+00 -9.111621975898742676e-02 8.941985964775085449e-01 3.332397043704986572e-01 2.847069203853607178e-01
-9.729948043823242188e+00 3.328351497650146484e+00 -7.869426727294921875e+00 -8.110168576240539551e-02 8.952776193618774414e-01 3.252076208591461182e-01 2.934969663619995117e-01
-9.855876922607421875e+00 3.304818630218505859e+00 -7.731589317321777344e+00 -7.362101227045059204e-02 8.952022790908813477e-01 3.204606771469116211e-01 3.008285760879516602e-01
-1.000350475311279297e+01 3.313401699066162109e+00 -7.599867343902587891e+00 -6.338770687580108643e-02 8.953279256820678711e-01 3.128125369548797607e-01 3.106738924980163574e-01
-1.016053199768066406e+01 3.319032669067382812e+00 -7.478633403778076172e+00 -5.207905173301696777e-02 8.950758576393127441e-01 3.047743439674377441e-01 3.213092386722564697e-01
-1.030265235900878906e+01 3.308794260025024414e+00 -7.367629528045654297e+00 -4.125546663999557495e-02 8.936134576797485352e-01 2.986388504505157471e-01 3.325173556804656982e-01
-1.044412326812744141e+01 3.302126169204711914e+00 -7.248885154724121094e+00 -2.978528663516044617e-02 8.921937942504882812e-01 2.921726107597351074e-01 3.431300818920135498e-01
-1.057616615295410156e+01 3.306308984756469727e+00 -7.138918399810791016e+00 -1.905241236090660095e-02 8.899954557418823242e-01 2.851223647594451904e-01 3.553172349929809570e-01
-1.071396541595458984e+01 3.303849935531616211e+00 -7.025271415710449219e+00 -7.327723316848278046e-03 8.873871564865112305e-01 2.783348560333251953e-01 3.674506545066833496e-01
-1.086383438110351562e+01 3.296487331390380859e+00 -6.927832126617431641e+00 4.937065299600362778e-03 8.838359117507934570e-01 2.718396186828613281e-01 3.806743323802947998e-01
-1.100701332092285156e+01 3.285983562469482422e+00 -6.834431171417236328e+00 1.598511077463626862e-02 8.797338008880615234e-01 2.656296193599700928e-01 3.940226137638092041e-01
-1.114583396911621094e+01 3.282541036605834961e+00 -6.743026733398437500e+00 2.634979784488677979e-02 8.753222227096557617e-01 2.588762640953063965e-01 4.075533151626586914e-01
-1.128103446960449219e+01 3.264831066131591797e+00 -6.651410579681396484e+00 3.699044883251190186e-02 8.703703284263610840e-01 2.533783018589019775e-01 4.205789864063262939e-01
-1.142137527465820312e+01 3.258544445037841797e+00 -6.564187049865722656e+00 4.586428031325340271e-02 8.646764755249023438e-01 2.463410198688507080e-01 4.353701174259185791e-01
-1.155100154876708984e+01 3.256772756576538086e+00 -6.479650497436523438e+00 5.403769761323928833e-02 8.582751154899597168e-01 2.405972480773925781e-01 4.500629603862762451e-01
-1.168748092651367188e+01 3.243600845336914062e+00 -6.405204772949218750e+00 6.132579967379570007e-02 8.515644073486328125e-01 2.349361479282379150e-01 4.646313488483428955e-01
-1.181848144531250000e+01 3.239336490631103516e+00 -6.349820137023925781e+00 6.707450002431869507e-02 8.444935679435729980e-01 2.284877598285675049e-01 4.797133803367614746e-01
-1.196087360382080078e+01 3.235025167465209961e+00 -6.297346591949462891e+00 7.280247658491134644e-02 8.360739350318908691e-01 2.239612042903900146e-01 4.955013096332550049e-01
-1.208229637145996094e+01 3.245555639266967773e+00 -6.257522583007812500e+00 7.284218072891235352e-02 8.279471397399902344e-01 2.163177281618118286e-01 5.122541189193725586e-01
-1.221574878692626953e+01 3.219920873641967773e+00 -6.185144424438476562e+00 7.331363111734390259e-02 8.199536204338073730e-01 2.112031131982803345e-01 5.269670486450195312e-01
-1.233238220214843750e+01 3.236021041870117188e+00 -6.145856380462646484e+00 7.277721166610717773e-02 8.111566901206970215e-01 2.055467814207077026e-01 5.426589846611022949e-01
-1.246233177185058594e+01 3.208717107772827148e+00 -6.078488349914550781e+00 7.201432436704635620e-02 8.019909858703613281e-01 2.018577903509140015e-01 5.575641393661499023e-01
-1.258273983001708984e+01 3.199278593063354492e+00 -6.037621021270751953e+00 7.100493460893630981e-02 7.929469943046569824e-01 1.983657181262969971e-01 5.717030167579650879e-01
-1.270496559143066406e+01 3.192755699157714844e+00 -6.015233039855957031e+00 6.962287425994873047e-02 7.827617526054382324e-01 1.954897791147232056e-01 5.867030024528503418e-01
-1.281921005249023438e+01 3.178939580917358398e+00 -5.978025436401367188e+00 6.557421386241912842e-02 7.730692028999328613e-01 1.918903887271881104e-01 6.010342240333557129e-01
-1.293175411224365234e+01 3.174802780151367188e+00 -5.936654090881347656e+00 5.973200127482414246e-02 7.636498808860778809e-01 1.871243417263031006e-01 6.150246858596801758e-01
-1.303717994689941406e+01 3.166955471038818359e+00 -5.922567367553710938e+00 5.493315309286117554e-02 7.533553242683410645e-01 1.846607178449630737e-01 6.287594437599182129e-01
-1.314709568023681641e+01 3.164734125137329102e+00 -5.884980201721191406e+00 4.782682284712791443e-02 7.434973120689392090e-01 1.801261603832244873e-01 6.422451734542846680e-01
-1.324977970123291016e+01 3.160764932632446289e+00 -5.852502346038818359e+00 4.244070500135421753e-02 7.342071533203125000e-01 1.774339228868484497e-01 6.539540290832519531e-01
-1.334304618835449219e+01 3.158029556274414062e+00 -5.843452930450439453e+00 3.552288562059402466e-02 7.242132425308227539e-01 1.742330938577651978e-01 6.662553548812866211e-01
-1.345003318786621094e+01 3.152656793594360352e+00 -5.822275161743164062e+00 2.845642901957035065e-02 7.145698070526123047e-01 1.709606349468231201e-01 6.777555346488952637e-01
-1.353599166870117188e+01 3.148074150085449219e+00 -5.807331562042236328e+00 2.182516641914844513e-02 7.059390544891357422e-01 1.684609204530715942e-01 6.876005530357360840e-01
-1.362514114379882812e+01 3.135023832321166992e+00 -5.809082984924316406e+00 1.588319800794124603e-02 6.967589259147644043e-01 1.673963218927383423e-01 6.973185539245605469e-01
-1.371105766296386719e+01 3.125985383987426758e+00 -5.799538135528564453e+00 9.537418372929096222e-03 6.883702874183654785e-01 1.655524373054504395e-01 7.061499953269958496e-01
-1.378970146179199219e+01 3.117379665374755859e+00 -5.784073352813720703e+00 2.708300948143005371e-03 6.806970834732055664e-01 1.636431515216827393e-01 7.140483856201171875e-01
-1.386749076843261719e+01 3.128282546997070312e+00 -5.771147251129150391e+00 -3.340614726766943932e-03 6.735453605651855469e-01 1.609823703765869141e-01 7.213946580886840820e-01
-1.394045162200927734e+01 3.115034341812133789e+00 -5.766961097717285156e+00 -8.810122497379779816e-03 6.669358611106872559e-01 1.602432429790496826e-01 7.276269793510437012e-01
-1.401626205444335938e+01 3.110201358795166016e+00 -5.751412868499755859e+00 -1.346131041646003723e-02 6.615396142005920410e-01 1.591046899557113647e-01 7.327139973640441895e-01
-1.407693958282470703e+01 3.107335805892944336e+00 -5.743499755859375000e+00 -1.724453642964363098e-02 6.566876173019409180e-01 1.581367105245590210e-01 7.371951937675476074e-01
-1.413759326934814453e+01 3.105586767196655273e+00 -5.743362426757812500e+00 -2.031262777745723724e-02 6.525403261184692383e-01 1.577263027429580688e-01 7.408785223960876465e-01
-1.419933414459228516e+01 3.093623876571655273e+00 -5.733515739440917969e+00 -2.301027625799179077e-02 6.496943235397338867e-01 1.572593748569488525e-01 7.433958053588867188e-01
-1.424935150146484375e+01 3.084599494934082031e+00 -5.736468315124511719e+00 -2.489677071571350098e-02 6.469967961311340332e-01 1.574183404445648193e-01 7.456505894660949707e-01
-1.429356288909912109e+01 3.085006475448608398e+00 -5.728843212127685547e+00 -2.603932097554206848e-02 6.457476019859313965e-01 1.574325859546661377e-01 7.466906905174255371e-01
-1.433384990692138672e+01 3.071298360824584961e+00 -5.727237701416015625e+00 -2.752644754946231842e-02 6.446638703346252441e-01 1.575260013341903687e-01 7.475535869598388672e-01
-1.437654685974121094e+01 3.073070764541625977e+00 -5.729743957519531250e+00 -2.727511711418628693e-02 6.443049311637878418e-01 1.581844389438629150e-01 7.477332353591918945e-01
-1.440517044067382812e+01 3.067321538925170898e+00 -5.727436065673828125e+00 -2.767359651625156403e-02 6.445125937461853027e-01 1.586596369743347168e-01 7.474388480186462402e-01
-1.442334079742431641e+01 3.065490722656250000e+00 -5.727428436279296875e+00 -2.728035673499107361e-02 6.448491215705871582e-01 1.593840867280960083e-01 7.470087409019470215e-01
-1.444340419769287109e+01 3.059673070907592773e+00 -5.735479354858398438e+00 -2.671164833009243011e-02 6.456788778305053711e-01 1.608124971389770508e-01 7.460057735443115234e-01
-1.446030044555664062e+01 3.062921762466430664e+00 -5.732915878295898438e+00 -2.589196898043155670e-02 6.471739411354064941e-01 1.620090305805206299e-01 7.444787025451660156e-01
-1.447095394134521484e+01 3.067378759384155273e+00 -5.728406906127929688e+00 -2.457738481462001801e-02 6.491535305976867676e-01 1.618745923042297363e-01 7.428272366523742676e-01
-1.447272014617919922e+01 3.058874368667602539e+00 -5.727561950683593750e+00 -2.360245585441589355e-02 6.511562466621398926e-01 1.639332324266433716e-01 7.406513094902038574e-01
-1.448488235473632812e+01 3.060531139373779297e+00 -5.727871894836425781e+00 -2.234457805752754211e-02 6.531568765640258789e-01 1.642323583364486694e-01 7.388603091239929199e-01
-1.448648929595947266e+01 3.063476562500000000e+00 -5.730058670043945312e+00 -2.094090357422828674e-02 6.552948951721191406e-01 1.653282344341278076e-01 7.367609143257141113e-01
-1.449007320404052734e+01 3.053800344467163086e+00 -5.732237339019775391e+00 -1.978422142565250397e-02 6.575871706008911133e-01 1.678070724010467529e-01 7.341855764389038086e-01
-1.449661540985107422e+01 3.062978029251098633e+00 -5.723775863647460938e+00 -1.802478730678558350e-02 6.600561141967773438e-01 1.688441634178161621e-01 7.317736744880676270e-01
-1.450620651245117188e+01 3.060098409652709961e+00 -5.716799736022949219e+00 -1.694782823324203491e-02 6.626460552215576172e-01 1.704741120338439941e-01 7.290758490562438965e-01
-1.452034187316894531e+01 3.057010650634765625e+00 -5.730251312255859375e+00 -1.612607948482036591e-02 6.644259691238403320e-01 1.722248643636703491e-01 7.270602583885192871e-01
-1.453889656066894531e+01 3.062814235687255859e+00 -5.724122524261474609e+00 -1.474102307111024857e-02 6.664617657661437988e-01 1.734476387500762939e-01 7.249326109886169434e-01
-1.455405998229980469e+01 3.058766365051269531e+00 -5.728510379791259766e+00 -1.425697840750217438e-02 6.682331562042236328e-01 1.751091629266738892e-01 7.229093909263610840e-01
-1.456678771972656250e+01 3.048820734024047852e+00 -5.723958969116210938e+00 -1.443466916680335999e-02 6.699309945106506348e-01 1.770722419023513794e-01 7.208533287048339844e-01
-1.458579826354980469e+01 3.051145315170288086e+00 -5.720358848571777344e+00 -1.396423391997814178e-02 6.714626550674438477e-01 1.778420209884643555e-01 7.192461490631103516e-01
-1.458269119262695312e+01 3.050540924072265625e+00 -5.726057529449462891e+00 -1.398221310228109360e-02 6.722395420074462891e-01 1.798685640096664429e-01 7.180151939392089844e-01
-1.460397911071777344e+01 3.048284530639648438e+00 -5.717545986175537109e+00 -1.385984383523464203e-02 6.736528873443603516e-01 1.802328974008560181e-01 7.166001796722412109e-01
-1.461322307586669922e+01 3.043465375900268555e+00 -5.716995716094970703e+00 -1.408937200903892517e-02 6.742736101150512695e-01 1.818485409021377563e-01 7.156030535697937012e-01
-1.463078212738037109e+01 3.039881229400634766e+00 -5.721162319183349609e+00 -1.451313123106956482e-02 6.743780970573425293e-01 1.831200271844863892e-01 7.151717543601989746e-01
-1.466085720062255859e+01 3.042652606964111328e+00 -5.713946342468261719e+00 -1.493135467171669006e-02 6.744865775108337402e-01 1.831217557191848755e-01 7.150603532791137695e-01
-1.468096065521240234e+01 3.037635564804077148e+00 -5.727863788604736328e+00 -1.466800086200237274e-02 6.740192174911499023e-01 1.847113519906997681e-01 7.150977253913879395e-01
-1.471762847900390625e+01 3.038534402847290039e+00 -5.725285530090332031e+00 -1.499555911868810654e-02 6.733790636062622070e-01 1.841707676649093628e-01 7.158330082893371582e-01
-1.476275539398193359e+01 3.040846824645996094e+00 -5.728509902954101562e+00 -1.489155273884534836e-02 6.724883913993835449e-01 1.834680587053298950e-01 7.168521881103515625e-01
-1.481777572631835938e+01 3.028093814849853516e+00 -5.720519542694091797e+00 -1.545991003513336182e-02 6.715273261070251465e-01 1.829314380884170532e-01 7.178775072097778320e-01
-1.488171863555908203e+01 3.018048524856567383e+00 -5.709319114685058594e+00 -1.579996943473815918e-02 6.703158617019653320e-01 1.815374642610549927e-01 7.193546891212463379e-01
-1.493671989440917969e+01 3.014625072479248047e+00 -5.726004600524902344e+00 -1.596341282129287720e-02 6.682085990905761719e-01 1.801417618989944458e-01 7.216587066650390625e-01
-1.503077316284179688e+01 3.015998125076293945e+00 -5.731230258941650391e+00 -1.507429219782352448e-02 6.658930778503417969e-01 1.772696077823638916e-01 7.245237827301025391e-01
-1.511162185668945312e+01 2.997728347778320312e+00 -5.737945556640625000e+00 -1.552899740636348724e-02 6.628652215003967285e-01 1.756399720907211304e-01 7.276806235313415527e-01
-1.520199203491210938e+01 2.988631963729858398e+00 -5.739344120025634766e+00 -1.443369779735803604e-02 6.597782969474792480e-01 1.726540178060531616e-01 7.312146425247192383e-01
-1.531406021118164062e+01 2.976204156875610352e+00 -5.737319946289062500e+00 -1.388675253838300705e-02 6.567428708076477051e-01 1.679673343896865845e-01 7.350394129753112793e-01
-1.541701412200927734e+01 2.989842414855957031e+00 -5.731097221374511719e+00 -1.206300407648086548e-02 6.533784866333007812e-01 1.629004925489425659e-01 7.391985654830932617e-01
-1.551979351043701172e+01 2.984439611434936523e+00 -5.733831405639648438e+00 -1.063059456646442413e-02 6.484960913658142090e-01 1.566208302974700928e-01 7.448555827140808105e-01
-1.564151096343994141e+01 2.947895050048828125e+00 -5.743951797485351562e+00 -1.025600451976060867e-02 6.436477303504943848e-01 1.517935693264007568e-01 7.500474452972412109e-01
-1.576982402801513672e+01 2.950961112976074219e+00 -5.770909309387207031e+00 -7.905216887593269348e-03 6.380074024200439453e-01 1.442656517028808594e-01 7.563540339469909668e-01
-1.589931392669677734e+01 2.927522659301757812e+00 -5.793725967407226562e+00 -5.619341507554054260e-03 6.319798231124877930e-01 1.380169540643692017e-01 7.625753879547119141e-01
-1.602274703979492188e+01 2.906289815902709961e+00 -5.802124023437500000e+00 -4.423917271196842194e-03 6.254807114601135254e-01 1.297214329242706299e-01 7.693676948547363281e-01
-1.616283226013183594e+01 2.902760982513427734e+00 -5.816386222839355469e+00 -1.396432286128401756e-03 6.187623143196105957e-01 1.220899820327758789e-01 7.760317325592041016e-01
-1.632110404968261719e+01 2.884439468383789062e+00 -5.813866615295410156e+00 1.530292676761746407e-03 6.130051016807556152e-01 1.150393187999725342e-01 7.816574573516845703e-01
-1.646543693542480469e+01 2.874299287796020508e+00 -5.848754405975341797e+00 2.878206549212336540e-03 6.051104664802551270e-01 1.061746180057525635e-01 7.890247106552124023e-01
-1.661151695251464844e+01 2.860311985015869141e+00 -5.857981681823730469e+00 4.374969284981489182e-03 5.977565646171569824e-01 9.807316213846206665e-02 7.956441640853881836e-01
-1.676758766174316406e+01 2.848724603652954102e+00 -5.864597320556640625e+00 7.265107240527868271e-03 5.911473631858825684e-01 9.169317036867141724e-02 8.013016581535339355e-01
-1.692601203918457031e+01 2.809611320495605469e+00 -5.868722915649414062e+00 7.343150675296783447e-03 5.842511057853698730e-01 8.420673012733459473e-02 8.071591854095458984e-01
-1.710813522338867188e+01 2.812366008758544922e+00 -5.887436866760253906e+00 8.875405415892601013e-03 5.769485831260681152e-01 7.870460301637649536e-02 8.129311800003051758e-01
-1.727544975280761719e+01 2.810040950775146484e+00 -5.921327114105224609e+00 1.005606446415185928e-02 5.694525837898254395e-01 7.365873456001281738e-02 8.186556696891784668e-01
-1.745643043518066406e+01 2.815729618072509766e+00 -5.907605171203613281e+00 1.171155180782079697e-02 5.635684132575988770e-01 6.790258735418319702e-02 8.231905698776245117e-01
-1.763321685791015625e+01 2.800377130508422852e+00 -5.893980026245117188e+00 1.011167932301759720e-02 5.579465031623840332e-01 6.481179594993591309e-02 8.272804021835327148e-01
-1.784952926635742188e+01 2.824465274810791016e+00 -5.915777683258056641e+00 1.093487907201051712e-02 5.517139434814453125e-01 6.249332800507545471e-02 8.316169381141662598e-01
-1.804659271240234375e+01 2.824054956436157227e+00 -5.900643348693847656e+00 1.018474623560905457e-02 5.459637641906738281e-01 6.080811098217964172e-02 8.355370759963989258e-01
-1.824517059326171875e+01 2.783679962158203125e+00 -5.847306251525878906e+00 5.153592210263013840e-03 5.422900319099426270e-01 6.135756522417068481e-02 8.379321098327636719e-01
-1.845824623107910156e+01 2.836868286132812500e+00 -5.824806213378906250e+00 3.986526280641555786e-03 5.381447672843933105e-01 6.425529718399047852e-02 8.403901457786560059e-01
-1.865304565429687500e+01 2.899931430816650391e+00 -5.757552146911621094e+00 2.440909156575798988e-03 5.345950722694396973e-01 6.802173703908920288e-02 8.423628807067871094e-01
-1.886312484741210938e+01 2.878048896789550781e+00 -5.675488471984863281e+00 -5.027772393077611923e-03 5.321066975593566895e-01 7.422783225774765015e-02 8.434022665023803711e-01
-1.905802917480468750e+01 2.924017429351806641e+00 -5.572478294372558594e+00 -9.258315898478031158e-03 5.309099555015563965e-01 8.125147223472595215e-02 8.434732556343078613e-01
-1.923632049560546875e+01 2.929510116577148438e+00 -5.397198677062988281e+00 -1.870736666023731232e-02 5.315343737602233887e-01 9.091296792030334473e-02 8.419359326362609863e-01
-1.940203475952148438e+01 2.986214637756347656e+00 -5.244655132293701172e+00 -2.532787621021270752e-02 5.312219858169555664e-01 1.013403162360191345e-01 8.407686352729797363e-01
-1.955410385131835938e+01 3.064554691314697266e+00 -5.077678203582763672e+00 -3.104276955127716064e-02 5.312446355819702148e-01 1.133746206760406494e-01 8.390243053436279297e-01
-1.970899200439453125e+01 3.057374715805053711e+00 -4.861692428588867188e+00 -4.350734129548072815e-02 5.333818793296813965e-01 1.266321390867233276e-01 8.352096676826477051e-01
-1.986169052124023438e+01 3.107752323150634766e+00 -4.654672145843505859e+00 -5.158242955803871155e-02 5.351990461349487305e-01 1.401566565036773682e-01 8.314188718795776367e-01
-2.000823783874511719e+01 3.094287872314453125e+00 -4.478768348693847656e+00 -6.559581309556961060e-02 5.356411337852478027e-01 1.553568243980407715e-01 8.274357914924621582e-01
-2.017180442810058594e+01 3.121503829956054688e+00 -4.238796234130859375e+00 -7.630006968975067139e-02 5.382589101791381836e-01 1.693921983242034912e-01 8.220474123954772949e-01
-2.032623672485351562e+01 3.174106121063232422e+00 -4.026001930236816406e+00 -8.535338938236236572e-02 5.389452576637268066e-01 1.837818175554275513e-01 8.176044225692749023e-01
-2.049366378784179688e+01 3.199102401733398438e+00 -3.781425952911376953e+00 -9.635100513696670532e-02 5.410639047622680664e-01 1.974341869354248047e-01 8.117795586585998535e-01
-2.064942359924316406e+01 3.225637912750244141e+00 -3.539733409881591797e+00 -1.081395000219345093e-01 5.413599014282226562e-01 2.114132642745971680e-01 8.065604567527770996e-01
-2.077971458435058594e+01 3.192509174346923828e+00 -3.269222497940063477e+00 -1.246060580015182495e-01 5.414438247680664062e-01 2.268806099891662598e-01 7.998981475830078125e-01
-2.096713256835937500e+01 3.277227878570556641e+00 -3.036312103271484375e+00 -1.299960017204284668e-01 5.420302152633666992e-01 2.391627132892608643e-01 7.950506210327148438e-01
-2.110872268676757812e+01 3.313042163848876953e+00 -2.830303192138671875e+00 -1.397848427295684814e-01 5.394151210784912109e-01 2.506175637245178223e-01 7.916326522827148438e-01
-2.126004409790039062e+01 3.326020240783691406e+00 -2.582826375961303711e+00 -1.512451469898223877e-01 5.392946004867553711e-01 2.608864903450012207e-01 7.862724661827087402e-01
-2.141492271423339844e+01 3.348128318786621094e+00 -2.365983486175537109e+00 -1.609675884246826172e-01 5.373811721801757812e-01 2.697379887104034424e-01 7.826571464538574219e-01
-2.153304481506347656e+01 3.379206657409667969e+00 -2.144102096557617188e+00 -1.715223491191864014e-01 5.339322090148925781e-01 2.751430869102478027e-01 7.808923125267028809e-01
-2.164776420593261719e+01 3.394704818725585938e+00 -1.942792415618896484e+00 -1.833146661520004272e-01 5.279029607772827148e-01 2.792365252971649170e-01 7.808592319488525391e-01
-2.174402618408203125e+01 3.371170997619628906e+00 -1.759341478347778320e+00 -1.989607363939285278e-01 5.213036537170410156e-01 2.796500921249389648e-01 7.813149094581604004e-01
-2.187033462524414062e+01 3.385957717895507812e+00 -1.569346904754638672e+00 -2.079890817403793335e-01 5.157406926155090332e-01 2.811036407947540283e-01 7.821335196495056152e-01
-2.201263427734375000e+01 3.423117637634277344e+00 -1.416313886642456055e+00 -2.145973294973373413e-01 5.076219439506530762e-01 2.782635688781738281e-01 7.866621017456054688e-01
-2.213259506225585938e+01 3.444350242614746094e+00 -1.277638435363769531e+00 -2.235734909772872925e-01 4.973231852054595947e-01 2.733239829540252686e-01 7.924509644508361816e-01
-2.227273559570312500e+01 3.456616401672363281e+00 -1.124341487884521484e+00 -2.328659743070602417e-01 4.887196123600006104e-01 2.651530504226684570e-01 7.978849411010742188e-01
-2.237547302246093750e+01 3.415754318237304688e+00 -1.000460624694824219e+00 -2.483011484146118164e-01 4.749414324760437012e-01 2.562138140201568604e-01 8.044449090957641602e-01
-2.253143310546875000e+01 3.471872806549072266e+00 -8.756785392761230469e-01 -2.510085105895996094e-01 4.645451009273529053e-01 2.435542345046997070e-01 8.135563731193542480e-01
-2.266725730895996094e+01 3.499278545379638672e+00 -7.239680290222167969e-01 -2.581573128700256348e-01 4.527619481086730957e-01 2.312147021293640137e-01 8.215237259864807129e-01
-2.283179283142089844e+01 3.546801090240478516e+00 -5.734972953796386719e-01 -2.610835731029510498e-01 4.423089623451232910e-01 2.164605855941772461e-01 8.302667737007141113e-01
-2.301705169677734375e+01 3.585739612579345703e+00 -4.365701675415039062e-01 -2.627323269844055176e-01 4.317159950733184814e-01 1.998902708292007446e-01 8.394265174865722656e-01
-2.320813369750976562e+01 3.628509521484375000e+00 -3.321881294250488281e-01 -2.620799243450164795e-01 4.197273552417755127e-01 1.805773973464965820e-01 8.500204682350158691e-01
-2.341150283813476562e+01 3.670481681823730469e+00 -1.581726074218750000e-01 -2.632120549678802490e-01 4.112294018268585205e-01 1.606692075729370117e-01 8.577850461006164551e-01
-2.359765625000000000e+01 3.703311443328857422e+00 -8.568286895751953125e-03 -2.660356163978576660e-01 3.989931941032409668e-01 1.442585438489913940e-01 8.655743598937988281e-01
-2.375814819335937500e+01 3.687669277191162109e+00 1.448121070861816406e-01 -2.730881273746490479e-01 3.841170966625213623e-01 1.294837594032287598e-01 8.724166750907897949e-01
-2.394883346557617188e+01 3.763374328613281250e+00 3.037004470825195312e-01 -2.703071534633636475e-01 3.728541433811187744e-01 1.101936399936676025e-01 8.807787299156188965e-01
-2.413159942626953125e+01 3.856381893157958984e+00 4.614853858947753906e-01 -2.654759585857391357e-01 3.615827560424804688e-01 9.223404526710510254e-02 8.889731764793395996e-01
-2.430137825012207031e+01 3.922720909118652344e+00 6.413903236389160156e-01 -2.641357183456420898e-01 3.502419292926788330e-01 7.572782784700393677e-02 8.954486250877380371e-01
-2.448029136657714844e+01 3.993940353393554688e+00 8.057289123535156250e-01 -2.607552111148834229e-01 3.396808505058288574e-01 6.169225275516510010e-02 9.015640020370483398e-01
-2.472126770019531250e+01 4.007885932922363281e+00 9.905881881713867188e-01 -2.620036900043487549e-01 3.347937166690826416e-01 5.029039084911346436e-02 9.037356376647949219e-01
-2.505075645446777344e+01 4.069575786590576172e+00 1.192199230194091797e+00 -2.576867043972015381e-01 3.380219638347625732e-01 3.765584900975227356e-02 9.043896794319152832e-01
-2.529874420166015625e+01 4.121877670288085938e+00 1.366033554077148438e+00 -2.528181076049804688e-01 3.329764008522033691e-01 3.149900212883949280e-02 9.078642725944519043e-01
-2.558096885681152344e+01 4.159302234649658203e+00 1.556571960449218750e+00 -2.511319220066070557e-01 3.329909145832061768e-01 2.596873790025711060e-02 9.085017442703247070e-01
-2.584061813354492188e+01 4.244244098663330078e+00 1.769313812255859375e+00 -2.429802864789962769e-01 3.368284404277801514e-01 2.352948114275932312e-02 9.093698263168334961e-01
-2.609153938293457031e+01 4.288216590881347656e+00 1.943807601928710938e+00 -2.382714450359344482e-01 3.380192518234252930e-01 2.302381582558155060e-02 9.101865887641906738e-01
-2.636151885986328125e+01 4.330305099487304688e+00 2.109072685241699219e+00 -2.322536706924438477e-01 3.416814506053924561e-01 2.385052293539047241e-02 9.103533029556274414e-01
-2.655140686035156250e+01 4.444770812988281250e+00 2.329251289367675781e+00 -2.231013625860214233e-01 3.511232137680053711e-01 2.152391150593757629e-02 9.091066718101501465e-01
-2.679224967956542969e+01 4.467514514923095703e+00 2.493331909179687500e+00 -2.182238548994064331e-01 3.587399423122406006e-01 2.569667994976043701e-02 9.072065353393554688e-01
-2.708312606811523438e+01 4.498607158660888672e+00 2.587375640869140625e+00 -2.117891311645507812e-01 3.643149733543395996e-01 3.099402040243148804e-02 9.063439369201660156e-01
-2.731412887573242188e+01 4.499728202819824219e+00 2.689398765563964844e+00 -2.084145545959472656e-01 3.715838789939880371e-01 3.903879597783088684e-02 9.038610458374023438e-01
-2.754102706909179688e+01 4.510936260223388672e+00 2.753509521484375000e+00 -2.036732733249664307e-01 3.786857426166534424e-01 4.718865454196929932e-02 9.016027450561523438e-01
-2.775086212158203125e+01 4.519250869750976562e+00 2.837621688842773438e+00 -1.982504278421401978e-01 3.876775205135345459e-01 5.685612186789512634e-02 8.984265327453613281e-01
-2.795058822631835938e+01 4.536183834075927734e+00 2.934860229492187500e+00 -1.938424706459045410e-01 3.984790742397308350e-01 6.647793203592300415e-02 8.939911723136901855e-01
-2.814779281616210938e+01 4.541419506072998047e+00 3.017804145812988281e+00 -1.898391991853713989e-01 4.087345898151397705e-01 7.610399276018142700e-02 8.894410133361816406e-01
-2.834555435180664062e+01 4.541336536407470703e+00 3.114945411682128906e+00 -1.863898783922195435e-01 4.196727573871612549e-01 8.685720711946487427e-02 8.840754628181457520e-01
-2.854623222351074219e+01 4.558370590209960938e+00 3.189701080322265625e+00 -1.817913651466369629e-01 4.299662709236145020e-01 9.814091771841049194e-02 8.788909316062927246e-01
-2.871630477905273438e+01 4.566179752349853516e+00 3.269320487976074219e+00 -1.775611788034439087e-01 4.399236738681793213e-01 1.072666794061660767e-01 8.737465739250183105e-01
-2.889311599731445312e+01 4.578525543212890625e+00 3.350538253784179688e+00 -1.738564670085906982e-01 4.501239061355590820e-01 1.165774166584014893e-01 8.680852651596069336e-01
-2.904465484619140625e+01 4.603370666503906250e+00 3.419141769409179688e+00 -1.695699542760848999e-01 4.592179656028747559e-01 1.256040930747985840e-01 8.628954291343688965e-01
-2.916987800598144531e+01 4.635366439819335938e+00 3.506598472595214844e+00 -1.654399484395980835e-01 4.686223864555358887e-01 1.301325559616088867e-01 8.579558730125427246e-01
-2.928410720825195312e+01 4.652725696563720703e+00 3.590250015258789062e+00 -1.630041301250457764e-01 4.764172732830047607e-01 1.370284110307693481e-01 8.530412912368774414e-01
-2.942053222656250000e+01 4.653235912322998047e+00 3.656915664672851562e+00 -1.620846539735794067e-01 4.837198257446289062e-01 1.457692533731460571e-01 8.476408720016479492e-01
