0 0 0 0 0 0 1
0 0 0 0 0 0 1
0.159979 0.0186435 0.0975439 0.00610157 -0.0116565 0.00506119 0.999901
0.315151 0.0394808 0.199131 0.0114991 -0.0230983 0.0096546 0.99962
0.457235 0.0564541 0.295913 0.0112705 -0.0329121 0.0135376 0.999303
0.595126 0.0735687 0.394446 0.0109133 -0.0424909 0.0168254 0.998896
0.727907 0.0872553 0.491007 0.0100802 -0.0514747 0.0194486 0.998434
0.855588 0.106038 0.586405 0.00983317 -0.059921 0.0219603 0.997913
0.982714 0.129624 0.681686 0.0101714 -0.0684627 0.0244902 0.997301
1.10351 0.151275 0.774863 0.0103556 -0.0762478 0.0264636 0.996684
1.22147 0.173313 0.866843 0.0106518 -0.0837904 0.0281021 0.99603
1.33656 0.196364 0.95504 0.0111575 -0.0908823 0.0295526 0.995361
1.44695 0.222408 1.04208 0.0121849 -0.0973697 0.0308895 0.994694
1.55147 0.243501 1.12286 0.0122678 -0.102608 0.0326971 0.994109
1.65451 0.270136 1.19898 0.013348 -0.107678 0.0344082 0.993501
1.75596 0.302146 1.26678 0.0154322 -0.112503 0.0360766 0.992876
1.86013 0.327887 1.32908 0.0166624 -0.117568 0.0376228 0.992212
1.95663 0.351104 1.38479 0.0178561 -0.12149 0.0384708 0.991686
2.05989 0.373728 1.43831 0.0189836 -0.126286 0.0400405 0.991004
2.15845 0.395799 1.48718 0.0202408 -0.130553 0.0410409 0.990385
2.25858 0.413011 1.52999 0.0211995 -0.135024 0.0413265 0.989753
2.35716 0.436916 1.5709 0.0229113 -0.139271 0.0421883 0.98909
2.46195 0.465983 1.60817 0.0253619 -0.144135 0.0434268 0.988279
2.5668 0.4941 1.64191 0.0272266 -0.148143 0.0451956 0.987557
2.67502 0.509637 1.67241 0.02677 -0.152609 0.0458003 0.986862
2.78618 0.52909 1.69807 0.0271125 -0.156812 0.0463237 0.986169
2.90179 0.539184 1.72618 0.0267283 -0.161233 0.0466281 0.985452
3.01917 0.561106 1.74765 0.0277631 -0.165423 0.0471645 0.984703
3.14078 0.593984 1.76619 0.0304077 -0.169671 0.0480914 0.983857
3.26827 0.62299 1.78119 0.0324255 -0.173902 0.0488529 0.983016
3.40326 0.664559 1.80319 0.0362445 -0.178282 0.0494881 0.982066
3.52776 0.701882 1.80644 0.0395782 -0.180689 0.0500595 0.981468
3.66484 0.747041 1.82521 0.0440056 -0.184173 0.0502943 0.980619
3.79881 0.786778 1.83795 0.0467545 -0.186506 0.0508339 0.980023
3.92647 0.806116 1.83929 0.0476126 -0.18765 0.0502145 0.979795
4.06624 0.859067 1.83752 0.0518571 -0.189725 0.0502665 0.979177
4.20269 0.887467 1.84715 0.0540834 -0.191577 0.0499411 0.978713
4.33503 0.898471 1.85172 0.0546753 -0.192467 0.0489855 0.978554
4.4409 0.908223 1.84446 0.0554532 -0.190093 0.0471117 0.979066
4.55001 0.941131 1.85305 0.0571821 -0.187746 0.0469539 0.979427
4.64861 0.971798 1.8562 0.0596387 -0.184177 0.045137 0.980043
4.74493 0.98246 1.87024 0.0596871 -0.179944 0.042598 0.98094
4.83517 0.984656 1.89656 0.0596838 -0.175284 0.0380554 0.98197
4.91182 1.01187 1.92361 0.0623932 -0.169058 0.0337913 0.983049
4.96126 1.04572 1.93286 0.0643851 -0.158753 0.0304473 0.984746
5.01109 1.03852 1.96276 0.0639952 -0.149021 0.0231861 0.986489
5.07748 1.06105 1.9849 0.0660133 -0.1398 0.0164928 0.987839
5.1477 1.11906 2.00453 0.0686012 -0.132239 0.00463878 0.98883
5.19721 1.20587 2.00958 0.0728805 -0.121986 -0.00131573 0.989852
5.24791 1.41914 1.99528 0.0833131 -0.111266 -0.00330282 0.990287
5.30862 1.35171 2.00485 0.0799748 -0.102007 -0.00738535 0.991536
5.2951 1.6012 1.99357 0.0937353 -0.0864223 -0.0046028 0.991828
5.35284 1.41199 2.04202 0.0827926 -0.0756887 -0.00461636 0.993678
5.38342 1.4463 2.04354 0.0837795 -0.0632786 -0.00100113 0.994473
5.3842 1.64262 2.0256 0.0926212 -0.0492754 -0.000471406 0.994481
5.38297 1.71749 2.01229 0.0940135 -0.0366867 0.00019583 0.994895
5.31051 1.75699 2.03642 0.0923749 -0.0231698 -0.00485208 0.995443
5.33798 1.74413 2.0581 0.0886859 -0.0145306 -0.00924353 0.995911
5.26757 1.70039 2.08377 0.0854575 -0.00369321 -0.0124366 0.996257
5.22393 1.47402 2.15506 0.0712945 0.00486062 -0.0156949 0.99732
5.24308 1.40214 2.20353 0.0658409 0.0103935 -0.0180885 0.997612
5.25827 1.5205 2.19455 0.068507 0.014568 -0.016069 0.997415
5.23891 1.47517 2.2436 0.0638203 0.0169513 -0.0215674 0.997584
5.26757 1.44003 2.29263 0.0603322 0.0155193 -0.0244282 0.997759
5.29979 1.57665 2.29325 0.0663384 0.0124984 -0.0246896 0.997413
5.36234 1.65506 2.33459 0.0691106 0.00432013 -0.0262497 0.997254
5.37983 1.64928 2.36942 0.065096 -0.00233276 -0.0240433 0.997587
5.3476 1.90865 2.37749 0.0736652 -0.00702049 -0.0212726 0.997031
5.33614 2.04921 2.4174 0.0777122 -0.0152733 -0.0185901 0.996685
5.33614 2.04921 2.4174 0.0777122 -0.0152733 -0.0185901 0.996685
5.31761 2.23214 2.42685 0.0825975 -0.02421 -0.0143149 0.996186
5.38027 2.34651 2.47643 0.0858123 -0.0390722 -0.0140192 0.995446
5.44374 2.51724 2.54196 0.0934848 -0.0543785 -0.0122339 0.994059
5.47703 2.58204 2.59783 0.0935729 -0.0682714 -0.0101537 0.993217
5.54495 2.73953 2.66586 0.0999349 -0.0838081 -0.00814843 0.991425
5.60982 2.86675 2.7463 0.10449 -0.0991759 -0.00447164 0.989559
5.66185 3.00496 2.79832 0.108897 -0.112913 8.7e-05 0.987619
5.7371 3.04671 2.85654 0.107059 -0.127383 0.00465223 0.986048
5.75057 3.00874 2.88907 0.0998365 -0.136795 0.01153 0.985488
5.77671 3.08683 2.94078 0.102413 -0.14629 0.0150462 0.983811
5.83481 3.17348 2.98849 0.104249 -0.156745 0.0225429 0.981863
5.86863 3.23793 3.04936 0.10418 -0.165125 0.0285197 0.98034
5.88133 3.3566 3.09476 0.106672 -0.170317 0.0383272 0.978848
5.857 3.4842 3.15038 0.110405 -0.171433 0.0467358 0.977874
5.84359 3.59804 3.2149 0.111384 -0.172463 0.0549796 0.977153
5.77273 3.73352 3.25872 0.113146 -0.167707 0.0648174 0.977175
5.71078 3.77354 3.31022 0.108168 -0.162331 0.0721665 0.978131
5.57954 3.9152 3.35083 0.110348 -0.150832 0.0824025 0.978919
5.53474 3.94261 3.37984 0.10318 -0.144055 0.0912579 0.979936
5.50567 3.95939 3.41562 0.0946723 -0.13762 0.100602 0.980804
5.4767 4.03064 3.44738 0.0889594 -0.130429 0.111397 0.981155
5.44729 4.0901 3.47899 0.0833272 -0.122707 0.117846 0.981892
5.41446 4.12371 3.5256 0.0757018 -0.113782 0.125154 0.98268
5.38299 4.15849 3.57182 0.0687511 -0.104295 0.132469 0.983284
5.34986 4.18882 3.62832 0.0609332 -0.0943974 0.138401 0.983982
5.31867 4.21092 3.67264 0.0527453 -0.0837682 0.143969 0.984619
5.2846 4.24044 3.72276 0.0466747 -0.0720745 0.150314 0.984902
5.24625 4.26185 3.7696 0.0403545 -0.058908 0.157607 0.984917
5.21424 4.28442 3.82256 0.0340156 -0.0470929 0.163826 0.984777
5.17857 4.30201 3.86205 0.0275874 -0.0345888 0.169175 0.984592
5.14598 4.31497 3.90861 0.0210448 -0.0215756 0.176274 0.98388
5.1191 4.32034 3.94988 0.0134994 -0.00953512 0.183939 0.982799
5.09631 4.32387 3.99295 0.00593436 0.00195781 0.191615 0.98145
5.07272 4.32841 4.03171 -0.000819087 0.0133875 0.198468 0.980016
5.0503 4.33108 4.06791 -0.00748825 0.0242566 0.20466 0.978504
5.03172 4.33436 4.09852 -0.0136107 0.0338707 0.209898 0.977042
5.02021 4.32994 4.12863 -0.0206595 0.0420204 0.216121 0.975243
5.0095 4.3313 4.15115 -0.0260899 0.049266 0.220337 0.973829
5.00384 4.32549 4.16719 -0.0322085 0.055605 0.224997 0.972238
4.99881 4.32204 4.1785 -0.0375774 0.0611393 0.224434 0.971843
4.99516 4.31531 4.18804 -0.0426417 0.0658657 0.223912 0.971446
4.992 4.31217 4.1958 -0.0468781 0.0696319 0.223166 0.97116
4.98849 4.31089 4.20313 -0.0503028 0.0726957 0.222295 0.970963
4.98602 4.30941 4.21189 -0.0534073 0.0750554 0.222292 0.970619
4.98416 4.30975 4.22673 -0.0556033 0.0765858 0.222043 0.970433
4.98141 4.30876 4.24236 -0.0573302 0.0777103 0.222215 0.970204
4.97832 4.3072 4.25648 -0.0584194 0.0782879 0.222069 0.970126
4.9765 4.31 4.27753 -0.0583849 0.0779934 0.222285 0.970102
4.97531 4.31513 4.2973 -0.0573776 0.0769857 0.222666 0.970155
4.97228 4.3229 4.32173 -0.0553686 0.0753199 0.222352 0.970475
4.96841 4.33169 4.34488 -0.0525608 0.0735264 0.222443 0.970747
4.96622 4.34108 4.37304 -0.0488632 0.0708697 0.223016 0.971007
4.9629 4.35514 4.40347 -0.0441592 0.0674861 0.219013 0.972383
4.95724 4.36925 4.43058 -0.0389269 0.0637087 0.211988 0.974416
4.95731 4.38175 4.45763 -0.033421 0.0586532 0.204007 0.976639
4.95755 4.39391 4.48786 -0.0272659 0.052962 0.195279 0.978937
4.96338 4.39924 4.50815 -0.021777 0.0462231 0.186307 0.981162
4.9717 4.40666 4.52873 -0.0155849 0.0387001 0.176387 0.983436
4.98061 4.40345 4.54423 -0.0102169 0.0311561 0.166309 0.985528
4.99897 4.39822 4.55033 -0.00515052 0.0218794 0.155476 0.987584
5.01276 4.39724 4.56803 0.000865126 0.0128668 0.144175 0.989468
5.02664 4.39477 4.58364 0.00681023 0.00338078 0.13249 0.991155
5.04863 4.38754 4.60162 0.0122358 -0.00677137 0.120687 0.992592
5.06449 4.37856 4.6199 0.017304 -0.016082 0.109127 0.993747
5.07863 4.37895 4.64175 0.0235858 -0.0255446 0.096141 0.99476
5.09361 4.36909 4.65504 0.0285096 -0.0350914 0.0834829 0.995483
5.10743 4.35779 4.67 0.0331485 -0.0442018 0.0706438 0.99597
5.1178 4.35426 4.70335 0.0386054 -0.0530929 0.0577452 0.996171
5.12536 4.35026 4.73819 0.0436564 -0.061354 0.0451738 0.996137
5.13285 4.34409 4.77648 0.0482433 -0.0696816 0.0326579 0.995867
5.14827 4.33498 4.79792 0.0511278 -0.0783094 0.0219072 0.995376
5.15571 4.32401 4.83057 0.0539241 -0.0860809 0.0104894 0.994772
5.16061 4.32025 4.88148 0.0571411 -0.0932557 -0.000742359 0.994001
5.16007 4.31703 4.92986 0.0595169 -0.0996566 -0.0107342 0.993182
5.15614 4.32932 4.99355 0.0593648 -0.10734 -0.00476093 0.992437
5.14732 4.34047 5.04693 0.0582312 -0.113724 0.00114178 0.991804
5.12697 4.36844 5.10893 0.058701 -0.118117 0.00531632 0.991249
5.1072 4.41201 5.16321 0.0592551 -0.121775 0.0103427 0.990733
5.08265 4.43116 5.24136 0.0585074 -0.124724 0.0131587 0.990378
5.066 4.43919 5.31581 0.056 -0.127337 0.0154241 0.990157
5.03937 4.44064 5.40174 0.0527885 -0.128402 0.016522 0.990178
5.0191 4.44742 5.47724 0.0496354 -0.128986 0.0169363 0.990259
4.99174 4.46351 5.55129 0.047721 -0.127851 0.0163562 0.99051
4.96739 4.47332 5.61844 0.0448428 -0.126033 0.0154804 0.990891
4.94342 4.48873 5.6892 0.0427254 -0.122882 0.012575 0.991421
4.92659 4.50334 5.74519 0.0405054 -0.119346 0.00885389 0.991987
4.90934 4.51792 5.79837 0.0383559 -0.114418 0.00395449 0.992684
4.89385 4.53346 5.84706 0.0365398 -0.108589 -0.00241891 0.993412
4.88426 4.53592 5.88819 0.0303631 -0.102735 -0.00915918 0.994203
4.87552 4.52851 5.92533 0.0223285 -0.0962649 -0.0171283 0.994958
4.87177 4.51813 5.93465 0.0120834 -0.0891 -0.0254726 0.995624
4.86805 4.5059 5.93067 0.000641206 -0.0808347 -0.0355908 0.996092
4.86722 4.48868 5.91918 -0.0119327 -0.0723455 -0.0450832 0.996289
4.87729 4.45936 5.90209 -0.0276471 -0.0646128 -0.0414431 0.996666
4.88091 4.43731 5.89163 -0.0431261 -0.0539526 -0.0254064 0.997288
4.88095 4.42774 5.88616 -0.0571236 -0.0435256 -0.0132468 0.99733
4.88791 4.40394 5.89392 -0.0750822 -0.0341929 0.00160481 0.99659
4.88208 4.40602 5.90375 -0.0890133 -0.0231753 0.0150927 0.995646
4.87777 4.40235 5.91968 -0.104796 -0.011839 0.0304062 0.993958
4.86853 4.40533 5.94307 -0.11983 -0.000361075 0.0453151 0.99176
4.86296 4.41827 5.96881 -0.132341 0.00959798 0.0603644 0.989318
4.85561 4.43159 6.00168 -0.145408 0.0190843 0.0756235 0.986293
4.85082 4.43809 6.04237 -0.160079 0.0275131 0.0933821 0.982292
4.84313 4.44864 6.09083 -0.175039 0.0350057 0.110462 0.977719
4.83342 4.47056 6.13683 -0.186069 0.0409141 0.124605 0.973744
4.82082 4.47779 6.18558 -0.198997 0.0495 0.141225 0.968507
4.80495 4.49108 6.23926 -0.210873 0.0575225 0.157749 0.962984
4.78905 4.50002 6.29839 -0.222445 0.0642949 0.17346 0.957234
4.76869 4.51046 6.3624 -0.234321 0.0717373 0.190683 0.950572
4.74259 4.53278 6.43358 -0.245021 0.0782578 0.207941 0.943716
4.72233 4.54803 6.50946 -0.255225 0.0825288 0.225081 0.93669
4.70035 4.56929 6.5879 -0.262881 0.0845392 0.239626 0.930766
4.6848 4.58578 6.65129 -0.268371 0.0839351 0.252438 0.925855
4.66447 4.60575 6.71753 -0.271502 0.0811876 0.263134 0.922202
4.64339 4.62719 6.77461 -0.271376 0.0762155 0.270226 0.920611
4.62031 4.64871 6.82639 -0.270226 0.0674445 0.270547 0.921539
4.5949 4.66768 6.88358 -0.267816 0.057747 0.270423 0.922936
4.54922 4.68894 6.96554 -0.264465 0.0492761 0.27145 0.924092
4.5057 4.73614 7.06725 -0.257514 0.0377044 0.271041 0.926716
4.47924 4.7939 7.17163 -0.248125 0.0219327 0.270698 0.929879
4.46791 4.8423 7.27689 -0.239101 0.0031177 0.272987 0.931826
4.45117 4.88145 7.38046 -0.228886 -0.0161181 0.272487 0.934399
4.42731 4.90624 7.47375 -0.220187 -0.0324188 0.273413 0.935795
4.41177 4.90283 7.5567 -0.211572 -0.0493144 0.273538 0.937007
4.42952 4.88083 7.59502 -0.202651 -0.0715332 0.275094 0.937091
4.42625 4.89982 7.63048 -0.187096 -0.0918707 0.279234 0.937328
4.41308 4.90429 7.66573 -0.176266 -0.107806 0.282864 0.936641
4.40308 4.89252 7.68048 -0.166357 -0.123775 0.284136 0.936094
4.39523 4.86214 7.61089 -0.154071 -0.136722 0.278175 0.938183
4.3896 4.84398 7.6157 -0.141599 -0.153148 0.266078 0.941115
4.41059 4.80847 7.60186 -0.130791 -0.169749 0.255616 0.94273
4.42315 4.75446 7.67006 -0.124074 -0.185127 0.245172 0.943517
4.41892 4.71229 7.69814 -0.117557 -0.196319 0.23645 0.944315
4.38913 4.7275 7.7355 -0.108501 -0.206367 0.230632 0.944695
4.35852 4.75042 7.78434 -0.09954 -0.214827 0.225026 0.945148
4.33526 4.77457 7.86066 -0.0928355 -0.223262 0.220294 0.94499
4.30717 4.81938 7.92867 -0.0854991 -0.229772 0.216984 0.944888
4.2664 4.8543 8.0026 -0.0782195 -0.234293 0.212324 0.945467
4.2296 4.86876 8.07324 -0.0731911 -0.23699 0.207181 0.946337
4.19929 4.89713 8.17064 -0.0683355 -0.240254 0.202738 0.94684
4.15577 4.9024 8.2539 -0.0649857 -0.240355 0.19716 0.948227
4.09868 4.92985 8.34232 -0.0606442 -0.23911 0.192741 0.949737
4.06993 4.94949 8.4617 -0.0576398 -0.239796 0.187437 0.950812
4.03698 4.97362 8.59899 -0.0560595 -0.240224 0.183484 0.951569
3.99416 5.00996 8.74516 -0.0538922 -0.239882 0.180007 0.952444
3.96351 5.04827 8.90765 -0.0520263 -0.240177 0.176242 0.953177
3.93323 5.07728 9.06335 -0.0507928 -0.239404 0.171895 0.954232
3.91079 5.05966 9.17758 -0.0514793 -0.237116 0.16543 0.955907
3.89083 5.09428 9.32785 -0.0498177 -0.235817 0.160413 0.957171
3.84801 5.1341 9.48954 -0.0480777 -0.233518 0.156125 0.958532
3.7989 5.17394 9.63859 -0.0462833 -0.230058 0.151895 0.960135
3.75539 5.23475 9.80024 -0.0440409 -0.226688 0.14787 0.961669
3.75008 5.35437 9.92029 -0.0386026 -0.22431 0.145579 0.962809
3.63997 5.40479 10.0395 -0.0361736 -0.215225 0.142022 0.965505
3.58809 5.50733 10.1109 -0.0307449 -0.208066 0.143017 0.967114
3.53779 5.52053 10.2315 -0.0294657 -0.203489 0.140662 0.968472
3.67752 5.46018 10.3049 -0.0328219 -0.206544 0.134215 0.968632
3.69772 5.448 10.2537 -0.0312281 -0.203116 0.132274 0.969676
3.65009 5.50299 10.1788 -0.0262547 -0.197768 0.128072 0.971492
3.64936 5.4803 10.161 -0.0244022 -0.195634 0.119146 0.973106
3.62177 5.51084 10.1639 -0.0203519 -0.193097 0.112072 0.974546
3.60333 5.57691 10.125 -0.0138886 -0.191362 0.104593 0.975832
3.60223 5.60149 10.1623 -0.0102178 -0.191598 0.0972491 0.97659
3.59017 5.61032 10.1488 -0.00673017 -0.191359 0.0889704 0.977456
3.59214 5.64823 10.128 -0.00170788 -0.192029 0.0809858 0.978041
3.55089 5.62616 10.1093 -0.0004086 -0.19123 0.0717339 0.97892
3.49331 5.56582 10.1063 -0.00228419 -0.190429 0.0629184 0.97968
3.51818 5.58779 10.1365 0.000925737 -0.194619 0.055728 0.979294
3.46798 5.5107 10.1355 -0.00106375 -0.196098 0.0446727 0.979566
3.49987 5.50882 10.2343 0.00207403 -0.203553 0.0326795 0.978516
3.59085 5.49267 10.3521 0.00406557 -0.215577 0.0203717 0.976266
3.6706 5.48027 10.4661 0.0110685 -0.228956 0.00341115 0.973368
3.72623 5.47219 10.5656 0.0175791 -0.242096 -0.0132425 0.970003
3.78775 5.4418 10.6545 0.023878 -0.256429 -0.0317561 0.965746
3.85537 5.41345 10.7558 0.0268472 -0.271407 -0.0472312 0.96093
3.9673 5.38202 10.8849 0.0310649 -0.291104 -0.0628719 0.954118
4.09563 5.30586 10.9571 0.0314758 -0.308046 -0.078252 0.947625
4.15079 5.2966 11.0413 0.0326009 -0.322638 -0.0905588 0.941616
4.15141 5.29954 11.0908 0.0320462 -0.332924 -0.101525 0.936924
4.15938 5.25938 10.9978 0.0310487 -0.334988 -0.115832 0.93456
4.24564 5.27946 10.9998 0.029791 -0.343961 -0.117928 0.931073
4.25562 5.27734 10.9444 0.0212188 -0.347859 -0.113737 0.93038
4.26937 5.25712 10.9244 0.0116189 -0.353926 -0.1087 0.928863
4.29871 5.2229 10.8747 0.00104608 -0.358666 -0.103817 0.927674
4.3183 5.20107 10.8147 -0.00734212 -0.361659 -0.102169 0.926666
4.39552 5.21021 10.8045 -0.011362 -0.366115 -0.103646 0.92471
4.39373 5.20393 10.8031 -0.0151321 -0.370987 -0.107925 0.922221
4.39471 5.20168 10.7874 -0.019862 -0.37561 -0.108606 0.920178
4.39669 5.19823 10.7823 -0.023623 -0.381511 -0.102444 0.918366
4.39912 5.19461 10.7763 -0.0253413 -0.385231 -0.106407 0.916315
4.40069 5.19042 10.7713 -0.0277814 -0.386377 -0.109048 0.91545
4.40462 5.18843 10.7614 0.0462655 -0.318571 0.222878 0.920162
4.40562 5.18792 10.7586 0.0566602 -0.317443 0.204863 0.924149
4.41483 5.18887 10.7336 0.131618 -0.315087 0.323403 0.882501
4.41464 5.1872 10.7354 0.135127 -0.309069 0.317033 0.886401
4.41346 5.18756 10.7365 0.251788 -0.271111 0.508709 0.777378
4.41289 5.18688 10.7377 0.296742 -0.227072 0.590242 0.715539
4.41276 5.18627 10.7384 0.306831 -0.18806 0.62501 0.692712
4.41259 5.18253 10.7416 0.335301 -0.070046 0.688911 0.638802
4.41214 5.18431 10.7408 0.292455 -0.0984024 0.797424 0.518557
4.41375 5.18529 10.7405 0.0867091 -0.132783 0.959702 0.231997
4.41386 5.18487 10.7427 0.0875377 -0.112959 0.952911 0.267464
4.41331 5.18426 10.7456 0.0951266 -0.0884571 0.94223 0.308754
4.41356 5.1841 10.749 0.0797211 -0.0735202 0.944045 0.311478
4.41354 5.18462 10.7534 0.0644553 -0.0615656 0.946009 0.311645
4.41467 5.18542 10.7623 0.0481065 -0.0522118 0.946785 0.31394
4.41698 5.18405 10.7612 0.037137 -0.0317216 0.942659 0.330164
4.41835 5.18506 10.762 0.0246659 -0.0137815 0.941305 0.336372
4.41285 5.18998 10.7765 0.0170465 0.0119812 0.938204 0.345456
4.41072 5.19783 10.7957 0.00393084 0.0255566 0.940515 0.338767
4.41454 5.1972 10.7882 -0.00935362 0.0375767 0.940748 0.336888
4.42289 5.19374 10.7676 -0.018528 0.0501077 0.939397 0.338644
4.43745 5.19205 10.7421 -0.03286 0.0581249 0.93939 0.336287
4.44526 5.19255 10.7302 -0.0451956 0.0694274 0.942419 0.324012
4.44983 5.19418 10.723 -0.057177 0.0778732 0.944207 0.314865
4.4533 5.19605 10.7114 -0.0622743 0.0871047 0.948358 0.298583
4.45647 5.19965 10.6953 -0.0669356 0.0888594 0.951779 0.285903
4.45659 5.20829 10.6802 -0.0710602 0.087012 0.954503 0.276231
4.45512 5.21248 10.675 -0.0769585 0.0848561 0.954299 0.276027
4.46418 5.21488 10.6592 -0.0836601 0.0794801 0.95283 0.28071
4.47044 5.21759 10.6497 -0.0912328 0.0768722 0.951386 0.283958
4.47318 5.21825 10.6442 -0.0989116 0.0745931 0.951236 0.282495
4.48112 5.21756 10.6288 -0.107684 0.0723665 0.950988 0.280693
4.48729 5.21979 10.6199 -0.116742 0.0686194 0.95135 0.276758
4.49632 5.22126 10.6057 -0.125748 0.0652771 0.951092 0.274499
4.51609 5.21941 10.583 -0.135557 0.0598483 0.950495 0.273132
4.53478 5.21834 10.5615 -0.145198 0.0547657 0.950399 0.269554
4.55845 5.21888 10.5416 -0.156083 0.049691 0.951387 0.260827
4.5708 5.22542 10.5368 -0.162956 0.0396679 0.95174 0.257027
4.58833 5.2288 10.5312 -0.172027 0.0305211 0.95403 0.243518
4.59599 5.23862 10.5293 -0.181278 0.0189368 0.954743 0.235042
4.60506 5.24461 10.5235 -0.190915 0.00843398 0.954445 0.229162
4.61399 5.24892 10.5235 -0.202703 -0.00113772 0.952809 0.225975
4.61873 5.25316 10.5247 -0.215648 -0.00916721 0.950005 0.225616
4.62247 5.25647 10.5233 -0.229403 -0.0165554 0.945883 0.228922
4.62564 5.26044 10.5188 -0.244783 -0.0262663 0.939868 0.236726
4.62817 5.26472 10.5166 -0.261546 -0.0359025 0.932839 0.245185
4.6294 5.26931 10.5179 -0.280283 -0.0436128 0.925167 0.252202
4.62991 5.2719 10.5197 -0.299747 -0.0483834 0.916453 0.260622
4.62819 5.27701 10.5345 -0.322118 -0.0560998 0.902781 0.279427
4.62744 5.27768 10.5357 -0.334565 -0.0573502 0.893169 0.295003
4.62542 5.27948 10.5397 -0.351305 -0.0618305 0.882537 0.306414
4.62303 5.2808 10.5491 -0.371268 -0.0637896 0.869823 0.318588
4.62303 5.2808 10.5491 -0.371268 -0.0637896 0.869823 0.318588
4.62252 5.28102 10.5498 -0.584028 -0.0683364 0.68984 0.42233
4.57217 5.33128 10.5765 -0.592216 -0.0647042 0.677837 0.43085
4.55159 5.35781 10.596 -0.60111 -0.0611281 0.668123 0.434215
4.53516 5.37981 10.6158 -0.611204 -0.0584949 0.657448 0.436773
4.52685 5.40247 10.6288 -0.62134 -0.0627869 0.645515 0.439664
4.50586 5.44609 10.626 -0.605888 -0.084996 0.646242 0.456121
4.48739 5.47124 10.6487 0.620607 0.0984607 -0.617199 -0.473517
4.47468 5.48478 10.6612 0.627297 0.106491 -0.594616 -0.491518
4.45863 5.49782 10.6737 -0.631052 -0.113926 0.572795 0.510587
4.43823 5.51498 10.6867 -0.629462 -0.126754 0.545096 0.539056
4.42468 5.52707 10.6954 -0.623192 -0.141632 0.5155 0.570817
4.41978 5.53506 10.7008 -0.620286 -0.152414 0.491268 0.592175
4.41214 5.54384 10.7064 -0.612909 -0.158628 0.473791 0.612129
4.40328 5.55177 10.7158 -0.609101 -0.164145 0.455945 0.627827
4.3944 5.55773 10.7242 -0.602727 -0.167599 0.440643 0.643789
4.38409 5.56416 10.7346 -0.595292 -0.170145 0.428291 0.658213
4.37237 5.56986 10.7468 -0.590125 -0.170904 0.418531 0.668862
4.36224 5.57456 10.7582 -0.586773 -0.175127 0.404523 0.679256
4.35232 5.57769 10.7686 -0.586135 -0.17669 0.395463 0.684716
4.34258 5.5798 10.7784 -0.587509 -0.17558 0.390928 0.686426
4.3411 5.57997 10.7815 -0.587821 -0.174363 0.388815 0.687668
4.34173 5.58867 10.7786 -0.52096 -0.206404 0.459136 0.689342
4.33896 5.6055 10.7647 -0.337739 -0.221094 0.619272 0.673463
4.33684 5.60203 10.7721 -0.325576 -0.217919 0.618399 0.681244
4.34295 5.59975 10.7731 -0.325499 -0.218298 0.617464 0.682007
4.34349 5.59821 10.7784 -0.324194 -0.219208 0.617981 0.681869
4.34192 5.59804 10.7842 -0.32267 -0.220571 0.617844 0.682276
4.34464 5.59706 10.7892 -0.320407 -0.222638 0.617158 0.683292
4.35876 5.5926 10.7895 -0.318996 -0.224752 0.617797 0.682682
4.36487 5.5891 10.7953 -0.31626 -0.226648 0.619949 0.681376
4.36842 5.58669 10.8012 -0.309243 -0.229619 0.617197 0.686084
4.36126 5.58896 10.8126 -0.299966 -0.232588 0.616057 0.690215
4.34764 5.59318 10.8241 -0.284371 -0.23328 0.616334 0.696309
4.3366 5.59611 10.8332 -0.26845 -0.232877 0.617428 0.701773
4.32155 5.59649 10.8497 -0.256673 -0.235962 0.616011 0.706379
4.31059 5.59818 10.8598 -0.231358 -0.232448 0.617174 0.715218
4.30188 5.59905 10.8698 -0.207514 -0.231208 0.609116 0.729698
4.29609 5.59931 10.8772 -0.170207 -0.223605 0.597921 0.75068
4.30069 5.59777 10.8787 -0.148963 -0.225207 0.592208 0.759198
4.31212 5.59636 10.8734 -0.12839 -0.226696 0.586236 0.767107
4.31301 5.5967 10.8754 -0.107024 -0.227393 0.582935 0.772674
4.30906 5.59359 10.8903 -0.0874806 -0.230547 0.577315 0.778397
4.30106 5.58822 10.9194 -0.0755445 -0.239426 0.567498 0.784165
4.28872 5.58583 10.9405 -0.0531798 -0.240864 0.557172 0.792916
4.2794 5.5853 10.9485 -0.0065707 -0.22033 0.561251 0.797752
4.27518 5.58502 10.951 0.0325206 -0.207322 0.557498 0.803216
4.25974 5.57856 10.9927 0.059213 -0.203527 0.554376 0.804821
4.25873 5.57705 10.999 0.0769772 -0.206664 0.552111 0.804076
4.2585 5.57672 11.0001 0.112929 -0.194547 0.558224 0.798614
4.25836 5.5764 11.0011 0.142668 -0.18638 0.566801 0.789712
4.2583 5.57608 11.0021 0.163597 -0.186481 0.57839 0.777126
4.25833 5.57592 11.0024 0.174728 -0.19332 0.596955 0.758777
4.25834 5.57587 11.0026 0.186538 -0.201099 0.612138 0.741654
4.25836 5.57587 11.0026 0.196657 -0.207363 0.623013 0.728136
4.25838 5.57591 11.0024 0.205679 -0.211839 0.630585 0.717763
4.25838 5.57595 11.0023 0.218198 -0.214951 0.63729 0.70714
4.25844 5.57612 11.0016 0.230194 -0.218776 0.638488 0.701057
4.25837 5.57611 11.0017 0.244383 -0.22469 0.644505 0.68877
4.27856 5.58848 11.0232 0.252668 -0.241846 0.655665 0.669158
4.24483 5.63019 11.0704 0.267677 -0.258576 0.667907 0.644506
4.24047 5.62484 11.0801 0.273326 -0.270271 0.679848 0.624542
4.24944 5.64438 11.0603 0.276188 -0.288403 0.695225 0.597667
4.2512 5.64718 11.0622 0.279096 -0.301303 0.707803 0.57475
4.25454 5.65276 11.0617 0.280742 -0.314879 0.72139 0.54921
4.26112 5.66509 11.0598 0.281321 -0.328161 0.733059 0.525161
4.25078 5.67818 11.0749 0.283219 -0.339236 0.743665 0.501666
4.25405 5.68526 11.0749 0.280712 -0.348368 0.754257 0.480559
4.25759 5.69486 11.076 0.276385 -0.357378 0.76556 0.45805
4.22179 5.72607 11.128 0.280253 -0.366232 0.771249 0.438757
4.21044 5.74028 11.1504 0.278593 -0.372891 0.77813 0.421724
4.19686 5.7478 11.1551 0.27334 -0.37753 0.785866 0.406413
4.18485 5.76087 11.1653 0.26839 -0.383178 0.793493 0.389244
4.17793 5.77097 11.1714 0.260415 -0.38715 0.800049 0.377121
4.1698 5.77352 11.1728 0.251402 -0.388737 0.805427 0.370091
4.17053 5.78542 11.1738 0.24139 -0.392242 0.809924 0.363181
4.1588 5.799 11.1734 0.23338 -0.393631 0.812577 0.360981
4.12808 5.81081 11.1713 0.23017 -0.392755 0.815232 0.357998
4.12475 5.82061 11.1764 0.22178 -0.393951 0.816264 0.359624
4.13136 5.82617 11.1783 0.212167 -0.395085 0.817544 0.361267
4.14221 5.8249 11.1687 0.203076 -0.394211 0.818794 0.364603
4.15516 5.81619 11.1525 0.198471 -0.392193 0.820566 0.365328
4.17473 5.8077 11.1429 0.191888 -0.391411 0.821391 0.367823
4.18348 5.81015 11.1545 0.182573 -0.392244 0.820649 0.373292
4.21387 5.81914 11.173 0.171335 -0.396234 0.817999 0.380159
4.20384 5.82973 11.2105 0.160839 -0.397849 0.815766 0.387779
4.15352 5.84695 11.2562 0.156202 -0.397246 0.813192 0.395621
4.09061 5.85981 11.2989 0.147369 -0.394273 0.812298 0.403737
4.06296 5.87273 11.347 0.155123 -0.394247 0.805242 0.414839
3.99762 5.88894 11.4072 0.143854 -0.391847 0.804349 0.422829
4.01883 5.88614 11.4509 0.122313 -0.393134 0.802413 0.431993
4.0114 5.89276 11.4942 0.102698 -0.393908 0.800422 0.440017
4.02462 5.89816 11.5466 0.080238 -0.396359 0.797014 0.448587
4.00146 5.88886 11.5617 0.0593329 -0.389706 0.798838 0.454386
4.01117 5.89251 11.5748 0.0346167 -0.388113 0.799028 0.457955
4.00436 5.89487 11.5722 0.0109859 -0.384511 0.802184 0.456652
4.01452 5.87369 11.5656 -0.0166672 -0.378415 0.807484 0.452209
3.99859 5.86096 11.5688 -0.0414889 -0.374727 0.81004 0.449103
4.01259 5.82489 11.634 -0.056983 -0.39031 0.799806 0.452461
4.02076 5.79953 11.6899 -0.0653879 -0.405802 0.792972 0.449716
4.01319 5.76864 11.7405 -0.0646259 -0.41509 0.788513 0.449189
4.02013 5.73683 11.7885 -0.0682625 -0.429136 0.782732 0.445548
4.01634 5.71164 11.8497 -0.0697389 -0.443836 0.774395 0.445488
4.02814 5.72317 11.8414 -0.058909 -0.468733 0.759222 0.447661
4.03912 5.72448 11.8427 -0.0565381 -0.484048 0.759347 0.431154
4.04813 5.71576 11.8276 -0.044993 -0.496482 0.755242 0.425548
4.04926 5.69448 11.823 -0.0199989 -0.503052 0.739274 0.447228
4.05385 5.68013 11.8532 -0.0181683 -0.515888 0.73243 0.443932
4.10221 5.62658 11.8867 -0.0497544 -0.525023 0.731051 0.432942
4.19704 5.54753 11.8501 -0.0225732 -0.528658 0.716322 0.454855
4.26169 5.4569 11.8477 0.0224599 -0.530385 0.68804 0.49476
4.34398 5.35991 11.8041 0.00385553 -0.539421 0.669598 0.510538
4.43186 5.23864 11.8109 -0.0513089 -0.553902 0.652879 0.51411
4.46286 5.1486 11.8625 -0.0635269 -0.578244 0.630093 0.514374
4.44504 5.12625 11.995 0.0349848 -0.631386 0.561588 0.533617
4.29912 5.06663 11.7805 0.0132359 -0.595879 0.635499 0.49081
4.28079 5.07513 11.7754 0.034091 -0.613798 0.621578 0.485521
4.24112 5.11796 11.7235 0.072068 -0.612639 0.625476 0.477765
4.19976 5.17927 11.6933 -0.122442 0.622319 -0.61079 -0.473985
4.26422 5.17223 11.7285 -0.0813196 0.651758 -0.622822 -0.425078
4.28189 5.18133 11.7474 -0.106369 0.674241 -0.628996 -0.372087
