1.0 0.0 0.0 0.0 0.0 -1.0 0.0 0.0 0.0 0.0 -1.0 0.0
0.9996537939548139 0.012319914435395114 -0.023248912663846735 0.159979 0.012083931562390803 -0.9998743104902147 -0.01026361630778145 0.0186435 -0.02337243739412057 0.0099791247122403 -0.9996770209623885 0.0975439
0.9986684772961527 0.023435491084439895 -0.04595704747494637 0.315151 0.022543470907588722 -0.9995491183976901 -0.01983309935030021 0.0394808 -0.04640112471074421 0.0187706597654775 -0.9987465133644005 0.199131
0.9975795389653371 0.023416391012885538 -0.06547317060931972 0.457235 0.02163418760260447 -0.9993794184213801 -0.027798200706509388 0.0564541 -0.06608347270294403 0.026314457388966192 -0.9974670540763958 0.295913
0.9961508500248072 0.023232335543814327 -0.08452066362750495 0.595126 0.02037263253236858 -0.9991956123114841 -0.034541050666991625 0.0735687 -0.08525514552538922 0.032686188561198544 -0.9958228623800452 0.394446
0.9944974894112638 0.022131051497720624 -0.10239609423360924 0.727907 0.018126607918123556 -0.9990402830093598 -0.03987403929827997 0.0872553 -0.10318027737933042 0.037798538122305644 -0.9939442141668419 0.491007
0.9926255637837597 0.022257066453278677 -0.11916003153687016 0.855588 0.016993533001794743 -0.9988421077839545 -0.04500737221638411 0.106038 -0.12002378913819739 0.04265051829229709 -0.9918544365633034 0.586405
0.9904187993384165 0.023641233413456694 -0.1360576862942321 0.982714 0.016934570225199817 -0.9985935449641937 -0.05024094233921242 0.129624 -0.1370540851209368 0.0474554953460055 -0.9894261739579805 0.681686
0.9881580724440424 0.024678097226270207 -0.1514417887538495 1.10351 0.016606934393617677 -0.9983848793051453 -0.05433086144077493 0.151275 -0.1525379742677898 0.051172495465253216 -0.9869719054330461 0.774863
0.98573141292295 0.025928402788597975 -0.16631686476649668 1.22147 0.01650965592558875 -0.9981936218689222 -0.05776611914800769 0.173313 -0.16751421682395676 0.054196044034923556 -0.9843788782642693 0.866843
0.9832318515573368 0.02758307078776535 -0.18026175492612911 1.33656 0.016839848051881146 -0.9980043099673424 -0.06085899115330653 0.196364 -0.18158068619960732 0.05680291799305572 -0.9817341202722627 0.95504
0.9807413326331369 0.03025590727494783 -0.19295341028328233 1.44695 0.018225097612762062 -0.9977947332208581 -0.06382410339144606 0.222408 -0.19445895269178076 0.05907834147711377 -0.9791299532167981 1.04208
0.9786422138915066 0.031101006933691527 -0.20320468635649422 1.55147 0.017681080244993416 -0.997560803188671 -0.06752646401925601 0.243501 -0.2048091711591569 0.06249136987844196 -0.9768050123232451 1.12286
0.9764545791914436 0.03393248508619709 -0.21303765214613107 1.65451 0.01911247351928797 -0.9972758157402948 -0.07124367126632494 0.270136 -0.2148747731401605 0.06549453256115864 -0.9744430707191467 1.19898
0.9742098276311402 0.0387619986596319 -0.2222897190758384 1.75596 0.022527085191787123 -0.9969206502703909 -0.07511156700018573 0.302146 -0.22451668574889133 0.06816688730147594 -0.972083089707851 1.26678
0.9718002595543296 0.04191174123293584 -0.2320509889592395 1.86013 0.024218791799870697 -0.9966137786867779 -0.07857751749334226 0.327887 -0.23455853353457892 0.07074165730660696 -0.9695245805381225 1.32908
0.9698426727155017 0.04476293335682549 -0.23958603877802304 1.95663 0.02606765937786382 -0.9964023137084373 -0.08064060001656898 0.351104 -0.24233379317505765 0.07196324779889382 -0.9675203479264006 1.38479
0.9673829611190075 0.04773872279281213 -0.24877946234111004 2.05989 0.027512518629697152 -0.9960727653326911 -0.0841552581906567 0.373728 -0.25181991155441086 0.07456581326986625 -0.9648972337177322 1.43831
0.9650924686413358 0.050808365208386774 -0.2569339156215527 2.15845 0.02937632715726958 -0.9958119115120614 -0.08657752764686297 0.395799 -0.26025671629089814 0.07600754512247745 -0.9625431391423105 1.48718
0.9626381930274354 0.053124687807095373 -0.2655286742901274 2.25858 0.030804405552354273 -0.9956854022457345 -0.08753095654290458 0.413011 -0.2690330796081404 0.07608118887181256 -0.960121270869681 1.52999
0.9601573305426516 0.05707387634401907 -0.2735698690358221 2.35716 0.03357145459419267 -0.9953904403643234 -0.089837790866362 0.436916 -0.2774362233769038 0.0770742750234198 -0.9576474811160811 1.5709
0.9571637256049835 0.06264794800376441 -0.28268858660530516 2.46195 0.03761064553401792 -0.9949417710699339 -0.09314672040784584 0.465983 -0.2870941339151707 0.07852456170613482 -0.9546784021231217 1.60817
0.9546246870733359 0.06716652237352397 -0.290138527435399 2.5668 0.04038485136638902 -0.9944321350124135 -0.09733340965345594 0.4941 -0.2950606219241218 0.08119967442606965 -0.9520219757247468 1.64191
0.9519877403297234 0.06681563976334035 -0.2987557740779621 2.67502 0.038857499415740196 -0.9943714015717768 -0.09856779634006026 0.509637 -0.3036600681700881 0.08222643139037093 -0.9492256723138823 1.67241
0.9493498318139759 0.06800321956640198 -0.306774280152981 2.78618 0.03894677931374091 -0.9942380558956496 -0.09986909727200882 0.52909 -0.311798084047774 0.08286284051034529 -0.9465282375326658 1.69807
0.9465790517443115 0.06771486953514415 -0.3152820883632271 2.90179 0.03764292495768747 -0.9942228383086801 -0.10051844599903778 0.539184 -0.3202672462170761 0.08328051530382105 -0.9436594972611997 1.72618
0.9437288853390127 0.07028099858802538 -0.32316616811518856 3.01917 0.03907262771831777 -0.9940094407173561 -0.10207135508042628 0.561106 -0.328403898789235 0.08370073477717321 -0.9408214847981475 1.74765
0.9405742622723972 0.07615306938705878 -0.3309392197574435 3.14078 0.04351421401401462 -0.9935251797088736 -0.10494870396147327 0.593984 -0.3367886137170884 0.08431148977085051 -0.9377979539128571 1.76619
0.9374133865212692 0.08074077390565852 -0.3387286084756362 3.26827 0.04675831878123278 -0.9931239648407212 -0.10732404243131465 0.62299 -0.34506492489889223 0.08476861381526386 -0.9347430019616946 1.78119
0.9338037847118006 0.08883458292317384 -0.34658174870408803 3.40326 0.05354326263939584 -0.9924745346453256 -0.1101245526959065 0.664559 -0.35375642846999483 0.0842776065002475 -0.9315329700868045 1.80319
0.9315701258021071 0.0957798432891899 -0.350718294835819 3.52776 0.05959905150737063 -0.991855227835441 -0.11256624749420617 0.701882 -0.35864335177508594 0.0839608756207516 -0.9296910871856997 1.80644
0.9282875781833915 0.10483122976088471 -0.3567808647576754 3.66484 0.0677797963523985 -0.9910679750968836 -0.11484845642754779 0.747041 -0.36563379411214364 0.08242986111952122 -0.9271015298223679 1.82521
0.9260590305635251 0.11060266553774173 -0.3608070430128699 3.79881 0.07267934236648768 -0.9904598592201505 -0.11707681438600459 0.786778 -0.3703139007719254 0.08219682262439673 -0.9252628260367616 1.83795
0.9250409771904843 0.1121467641344755 -0.36293566070674355 3.92647 0.07445573104353595 -0.990423081154033 -0.11626893149988388 0.806116 -0.3724990397749326 0.08053088607185674 -0.9245319041305361 1.83929
0.9226304578244912 0.12062829689792573 -0.36633570981010793 4.06624 0.08248101391469187 -0.9895682304336731 -0.11811688981671255 0.859067 -0.376762419354922 0.07876249935010245 -0.9229553337285349 1.83752
0.9207464786965482 0.1249993841924605 -0.36959582778950983 4.20269 0.08672912015167779 -0.9891617448688441 -0.11847827735808905 0.887467 -0.3803997656224609 0.07703373572357824 -0.9216082800598351 1.84715
0.9199341665627195 0.12586159552562803 -0.37132194651312683 4.33503 0.0881492433802497 -0.9892220695116763 -0.11691624387793698 0.898471 -0.38203512938215994 0.07482349873387995 -0.9211137844778879 1.85172
0.9215791997373487 0.12649587513919705 -0.3670021419341255 4.4409 0.09067346298423619 -0.9894108622612278 -0.11333344056340909 0.908223 -0.3774521184493653 0.07116838632610763 -0.9232902897062353 1.84446
0.9229633146571474 0.1296421641118818 -0.36239705997907745 4.55001 0.09438054599952458 -0.9890510803863983 -0.1134472252782307 0.941131 -0.37313674749871906 0.07050439469200415 -0.9250935617521026 1.85305
0.9250440842218185 0.13352343250951165 -0.3556190872508043 4.64861 0.10027062929742919 -0.9888117486034714 -0.1104406026968485 0.971798 -0.3663867398617407 0.0665042765137964 -0.9280829370583547 1.8562
0.9281152330542412 0.13242940151314725 -0.3479433399097348 4.74493 0.10176839162853106 -0.9892457238424673 -0.10505280731486717 0.98246 -0.3581135415451552 0.06209147666356725 -0.931611152728285 1.87024
0.931426721992085 0.1305564166466005 -0.33970470063200253 4.83517 0.10387440387134442 -0.989979260405445 -0.09566175927433435 0.984656 -0.34878986478888985 0.0538152955904464 -0.9356546073103368 1.89656
0.9350530083852866 0.13409643010120303 -0.32816766894948374 4.91182 0.11124568787797824 -0.9899304803965683 -0.08753308466159856 1.01187 -0.3366010523426512 0.045340836074473784 -0.940555123395693 1.92361
0.9413040689192297 0.13647318365124705 -0.3087421577630677 4.96126 0.11713877657158521 -0.9898550383818675 -0.0804083951670716 1.04572 -0.31658357010339977 0.039523070909592735 -0.9477408770367884 1.93286
0.9473947532416463 0.13317144859334248 -0.29104732743963013 5.01109 0.11935059622991302 -0.9907340455744159 -0.06481887162945643 1.03852 -0.296982519198967 0.026672386831748236 -0.9545103284254882 1.96276
0.9521963940166887 0.13503245215698212 -0.274022378805249 5.07748 0.12580967561308454 -0.9907404607475456 -0.05104179620537996 1.06105 -0.2783773567367603 0.014127147702683349 -0.9603678831333549 1.9849
0.9556134251644001 0.1368967640068274 -0.26088744249201123 5.1477 0.13444305242564134 -0.9905447100437467 -0.027317449713066065 1.11906 -0.26216034654394194 -0.00896958242108564 -0.9649826419636528 2.00453
0.9596157319607368 0.14396069163472475 -0.2416877453192669 5.19721 0.1446026936388175 -0.989373412335592 -0.015176032282010327 1.20587 -0.24130418140980775 -0.020385539666097397 -0.9702353950493994 2.00958
0.9613576264738299 0.16427270325167542 -0.2209207844160237 5.24791 0.1657426688759972 -0.9860960437032755 -0.011998345994739559 1.41914 -0.21982011221556996 -0.02508129899217597 -0.9752179483102223 1.99528
0.9663971924977277 0.15708913786637166 -0.2034685948664064 5.30862 0.16010256872369702 -0.9870989705141751 -0.00167029875456998 1.35171 -0.20110602631593022 -0.030961672665664016 -0.9790800483132933 2.00485
0.9674897295359153 0.18514319002782859 -0.172295160781841 5.2951 0.18673432972909748 -0.9823849994629477 -0.0070712750483137455 1.6012 -0.17056937985214635 -0.025332035380197036 -0.985019986924301 1.99357
0.974833229076887 0.16383944762796884 -0.15118469131658707 5.35284 0.16523707183675376 -0.986248158457728 -0.0033585755248205004 1.41199 -0.14965589055678746 -0.02170726467573697 -0.988499827557877 2.04202
0.9779536445459166 0.16650607867744807 -0.1260253739642098 5.38342 0.16675947891026097 -0.9859599965679807 -0.00861169909168649 1.4463 -0.1256898775277376 -0.012594083179294833 -0.9919896389357782 2.04354
0.9779864840561635 0.18417369412366846 -0.09809427810175675 5.3842 0.18426660905317116 -0.9828421724508752 -0.008190289377667598 1.64262 -0.09791962924515779 -0.010065507681461777 -0.9951434227103174 2.0256
0.9796311069554399 0.18708138770000562 -0.07296196722607798 5.38297 0.1870526502900107 -0.9823228566859056 -0.0072877466973091 1.71749 -0.07303560984028307 -0.006508425975715022 -0.9973080968720628 2.01229
0.981860081346582 0.1836830019899537 -0.04702483852222523 5.31051 0.18413268876095434 -0.9828866749720987 0.005379320770596669 1.75699 -0.04523199738839972 -0.013940550285054441 -0.9988792356786705 2.03642
0.9838473535238595 0.17637781221715648 -0.03058189532365587 5.33798 0.17691506810199298 -0.9840987443796855 0.015834139976436783 1.74413 -0.02730281382137658 -0.020988774805016278 -0.9994068379241855 2.0581
0.9853667415904703 0.17018352179217522 -0.009484380727894417 5.26757 0.17036724582214274 -0.9850846829550131 0.024148891452803366 1.70039 -0.005233174787547472 -0.025411342306810792 -0.9996633821261081 2.08377
0.9897869377316603 0.1423594291566771 0.0074572666552421805 5.22393 0.1420542813906427 -0.9893415292326481 0.03199874488465736 1.47402 0.011933106652102898 -0.030612603054792808 -0.9994600889979744 2.15506
0.9911139016040886 0.13174335671333673 0.018355435408167607 5.24308 0.13099134537322524 -0.9906755636001252 0.037459246160147924 1.40214 0.023119288147201197 -0.03472197643390497 -0.9991295626034145 2.20353
0.990189131898052 0.13712795985140594 0.026858996592831048 5.25827 0.13619158739302592 -0.9900971596544634 0.034050931962752884 1.5205 0.03126235106882226 -0.030058893378756373 -0.9990591215411102 2.19455
0.9912792399527441 0.12806349230182154 0.031067835105956634 5.23891 0.12660110950574469 -0.9909236273855238 0.04519428903113851 1.47517 0.03657359034363537 -0.040866938086635995 -0.9984950004185293 2.2436
0.9922383584591243 0.12115213768963194 0.0280214120910208 5.26757 0.1196357043152556 -0.9915265823079247 0.05061951036664585 1.44003 0.03391663685177344 -0.04687425850078802 -0.998324829719599 2.29263
0.9908860066417683 0.13295082419824056 0.021656412134478494 5.29979 0.13171650130103946 -0.9899792732816114 0.05090974128618194 1.57665 0.028207891210495172 -0.04759324340514349 -0.9984684261686175 2.29325
0.9904101183415323 0.13806851428681996 0.0049882711777301135 5.36234 0.13761490560588455 -0.9890693512520233 0.052952395309234554 1.65506 0.012244804685901077 -0.051758127637426696 -0.9985845787822244 2.33459
0.9915141451053175 0.12976556400467956 -0.007784500922896542 5.37983 0.129989912811643 -0.9903688690489372 0.04766682059829751 1.64928 -0.0015240155158715023 -0.048274233471658975 -0.9988329568848993 2.36942
0.9890482931593496 0.1465944070076163 -0.017133406919295886 5.3476 0.1471917837953152 -0.9882418200422041 0.041384585328653384 1.90865 -0.010865200491938624 -0.043453250209354255 -0.9989963776032988 2.37749
0.9874550685229991 0.15434145181510261 -0.03333472513528373 5.33614 0.1554771816018547 -0.9872304320572801 0.03468313741776833 2.04921 -0.02755600931525576 -0.039430828948961445 -0.9988422678676624 2.4174
0.9874550685229991 0.15434145181510261 -0.03333472513528373 5.33614 0.1554771816018547 -0.9872304320572801 0.03468313741776833 2.04921 -0.02755600931525576 -0.039430828948961445 -0.9988422678676624 2.4174
0.9851830568105338 0.16387182961701036 -0.05060007936185368 5.31761 0.1652580846244141 -0.9859454723367842 0.02452123660962588 2.23214 -0.045870579239010584 -0.032519979037028884 -0.9984179189716642 2.42685
0.9822192187467991 0.16974755654454154 -0.08019459689770005 5.38027 0.17193860122453397 -0.9848794173276192 0.021204969543937212 2.34651 -0.07538251609874537 -0.03461647543535158 -0.9965536492808882 2.47643
0.9766071276112213 0.1845284033743384 -0.11039830907707501 5.44374 0.18718944951450345 -0.9822218369260839 0.014155319000527728 2.51724 -0.10582357152079636 -0.034489584132995604 -0.9937866170848327 2.54196
0.9731662560752503 0.18448997939797984 -0.1375168554694786 5.47703 0.18726280871463435 -0.9822820291408272 0.007392949295478155 2.58204 -0.1337164107684122 -0.032946361388053624 -0.9904718364307494 2.59783
0.9659784604076429 0.19678996798961396 -0.16780739711683218 5.54495 0.19952158379693746 -0.9798932519647787 -0.00059359333878483 2.73953 -0.1645501492786961 -0.0329077992660844 -0.9858196209854122 2.66586
0.9584920042419828 0.2059108700358517 -0.19721508919265002 5.60982 0.20768478389589082 -0.9781237111883806 -0.011875864144818116 2.86675 -0.19534612446194943 -0.029575652353712144 -0.9802883108787682 2.7463
0.9507841562175814 0.21511731167675743 -0.2230112788685514 5.66185 0.21507801792127954 -0.976282852644383 -0.024763639465953467 3.00496 -0.22304917505490976 -0.024419947778624808 -0.9745012732971741 2.79832
0.9446239035797769 0.21231577931837822 -0.2502152885779236 5.7371 0.20994532011471498 -0.9770334628115301 -0.03644962425649505 3.04671 -0.2522075402275548 -0.018100342508901482 -0.9675038678234967 2.85654
0.9426395874456714 0.19992989054536733 -0.2673175023203149 5.75057 0.19362090349115882 -0.9797994594389434 -0.05003963443532959 3.00874 -0.27192196290759874 -0.004588915958208022 -0.9623083642673 2.88907
0.9362216048832368 0.20591235939603825 -0.2847616666579496 5.77671 0.19710792199753807 -0.9785703712754255 -0.05956925001784301 3.08683 -0.2909253746851052 -0.0003587615261082984 -0.9567456807608272 2.94078
0.9291263006818704 0.21178344927842446 -0.30310408772063024 5.83481 0.1976495015839273 -0.9772479269107235 -0.0769490992300641 3.17348 -0.3125043870169627 0.011587060042398088 -0.9498456443731931 2.98849
0.9237604955060389 0.21368235304708885 -0.3178150388806308 5.86863 0.1948450841691504 -0.9766662999183219 -0.09032348409450958 3.23793 -0.32969977269866946 0.021512568422057683 -0.9438407012215208 3.04936
0.9192263414125641 0.22188707767293578 -0.3252522990157588 5.88133 0.19577596130529337 -0.9743041991759007 -0.11136920778740747 3.3566 -0.34160606878136734 0.03869692791386731 -0.9390462403640027 3.09476
0.9168429526127072 0.23194839764509168 -0.3249599068720436 5.857 0.19990017469205307 -0.9712530115019785 -0.12925752514427924 3.4842 -0.3455993640076606 0.053549308849057405 -0.9368530040082536 3.15038
0.9157002889235285 0.2366421654316757 -0.32479757758513883 5.84359 0.1987144020661314 -0.9691417155004544 -0.14586610877217795 3.59804 -0.34929295337419375 0.06902768152447539 -0.9344675552989999 3.2149
0.9181446840328503 0.2428675652292189 -0.31309053793088126 5.77273 0.19938623542757974 -0.9659933723405375 -0.16462664947138297 3.73352 -0.34242585811272375 0.08872513935625545 -0.9353461291639465 3.25872
0.9238966548492086 0.2350346854745048 -0.30194977692050556 5.71078 0.18817524159221977 -0.9661833576276665 -0.176294633766994 3.77354 -0.33317420309824736 0.10605855018445909 -0.936881280804894 3.31022
0.9301460221818088 0.24090148285129578 -0.277118842700032 5.57954 0.19118572515286011 -0.9620662768570858 -0.19461885168739418 3.9152 -0.3134906632056739 0.1280427838434941 -0.9409190451832055 3.35083
0.9372041220445788 0.22851178682689144 -0.26349724268734076 5.53474 0.17592718723446155 -0.9620517864537219 -0.20858088352716447 3.94261 -0.3011611834457102 0.1491265350713386 -0.9418403357911551 3.37984
0.9441957465771744 0.21339977262485826 -0.25090820869240416 5.50567 0.15802034808951965 -0.9618327618990645 -0.22339943537816873 3.95939 -0.2890051240639848 0.1712841941957177 -0.9418799090560772 3.41562
0.9501489984586939 0.20362473420891075 -0.236122528248135 5.4767 0.14550713257038944 -0.9593538640174462 -0.24180123648554486 4.03064 -0.275761772367172 0.19538969065215733 -0.9411579642588008 3.44738
0.955999140199837 0.192557678541651 -0.22133048676543043 5.44729 0.13471556260250556 -0.958337796443646 -0.2518737483348103 4.0901 -0.26060959523751726 0.21097442580129744 -0.9421106254193029 3.47899
0.9626458107723815 0.17726172599088746 -0.20467370007188462 5.41446 0.12030067114835136 -0.9572114537150952 -0.26319950873413595 4.12371 -0.24257120918122266 0.22874552099520074 -0.9427803005477967 3.5256
0.9687916666318929 0.16283548358541972 -0.18688850138545557 5.38299 0.10757204524230674 -0.9554504837088303 -0.27485019240114905 4.15849 -0.22331807304153875 0.2461685976441025 -0.9431490125038299 3.57182
0.9747525302363118 0.14604385913880144 -0.16890439901244125 5.34986 0.09378503581579442 -0.9542645772090639 -0.28387230182079504 4.18882 -0.20263729137288178 0.2608645393529989 -0.9438685397094289 3.62832
0.9804016601840249 0.12798799131887845 -0.14977202270973833 5.31867 0.07974793522801069 -0.9529817595767793 -0.29234574178669764 4.21092 -0.1801467499992067 0.2746722410293843 -0.9445116772558289 3.67264
0.9852534704242354 0.11360767928409707 -0.12794097945803926 5.2846 0.07027243245053966 -0.9504543232592416 -0.30281737835748745 4.24044 -0.1560044366500037 0.2893611490948622 -0.9444219084392399 3.72276
0.9898027247662405 0.0980602825146025 -0.10331866742502235 5.24625 0.0609230336590027 -0.9470631011331262 -0.31521400102452607 4.26185 -0.128759271569507 0.3057051904454065 -0.9433797679193824 3.7696
0.9932503920795377 0.08242568510306475 -0.08160677097603597 5.21424 0.05156550393997706 -0.9440079333808555 -0.3258681029456892 4.28442 -0.10389734085750696 0.31946052674672737 -0.9418865719466663 3.82256
0.996085096780817 0.0660278507587543 -0.058777571362980875 5.17857 0.042621587254150245 -0.9412374528731704 -0.33504545603360064 4.30201 -0.07744598292414846 0.33122859211276773 -0.9403668111412198 3.86205
0.9981832211497565 0.049017512651035725 -0.03503627361181244 5.14598 0.033804655070800854 -0.9369692350162344 -0.34777276766394 4.31497 -0.04987486652253227 0.34595655231054395 -0.9369239892343251 3.90861
0.9994536956906385 0.030042137018944662 -0.013776072504882542 5.1191 0.023026619354313126 -0.9319684605812825 -0.3618073565903081 4.32034 -0.02370833126637972 0.3612924832944768 -0.932151091048803 3.94988
0.9999219006606443 0.010898269598693928 0.006117213332809774 5.09631 0.012398853461048588 -0.9264969106285739 -0.37609804975373134 4.32387 0.001568761312745011 0.376144523176216 -0.9265596778796716 3.99295
0.9996402081695077 -0.0069194118721453025 0.02591478246419278 5.07272 0.003708540989997558 -0.9212196274323785 -0.389025249510973 4.32841 0.02656503217668533 0.38898138743735916 -0.9208625192137849 4.03171
0.9987110872591733 -0.024583270518553323 0.04440525865493011 5.0503 -0.004725852461839241 -0.9161164420071475 -0.4008844359696114 4.33108 0.0505354381014803 0.40015787821155807 -0.9150518247624639 4.06791
0.9973350509611868 -0.04081520626696579 0.06047243224504933 5.03172 -0.012377657863640798 -0.9115152202063547 -0.4110800371192594 4.33436 0.07189985890151451 0.40923602269295173 -0.9095912752552086 4.09852
0.9956149408797381 -0.058459063350712964 0.07303031842456037 5.02021 -0.022133089874625752 -0.905729770879854 -0.4232773422645358 4.32994 0.09089013054032374 0.4198048594931752 -0.9030519719906924 4.12863
0.9937843513564445 -0.07252451036688526 0.08445625136776395 5.0095 -0.029103982303001843 -0.9015417620741729 -0.4317121835787153 4.3313 0.10745055240973837 0.4265707990852625 -0.8980488473098794 4.15115
0.991741390380503 -0.08765059947572112 0.09362898599094979 5.00384 -0.03760675082929635 -0.8966778921965939 -0.44108331405522105 4.32549 0.12261625870254717 0.43391949720820366 -0.8925688337850308 4.16719
0.9896998449830269 -0.1004821906440839 0.10196835883713361 4.99881 -0.04559521323445265 -0.896434586766584 -0.44082435070981285 4.32204 0.13570296006601057 0.431634522497899 -0.8917826784689941 4.1785
0.9876867963681087 -0.11234440065058088 0.10887390836451029 4.99516 -0.053351948833905705 -0.8960902573535551 -0.4406538553464202 4.31531 0.14706584183870275 0.4294193595059511 -0.8910503082574924 4.18804
0.9859076981115927 -0.12213109829262644 0.1143241253372918 4.992 -0.0599732680122543 -0.895998860928856 -0.43998778203277683 4.31217 0.15617047713390103 0.42693094997204034 -0.8906967755795124 4.1958
0.9843699153185362 -0.1300041938444988 0.11880563706583962 4.98849 -0.06536458289569477 -0.896109044747562 -0.43899436354523275 4.31089 0.16353391427667188 0.4243671635558695 -0.8906004543996685 4.20313
0.9830287051532257 -0.1370446239642425 0.1219562867886349 4.98602 -0.07030780604701078 -0.8954679198556931 -0.43953841347278644 4.30941 0.16944431903616097 0.4235043985035074 -0.8899059766034579 4.21189
0.9820857839347749 -0.14192917740983949 0.12395007701887599 4.98416 -0.07390784234984843 -0.8952104016457151 -0.43947237413119355 4.30975 0.1733353507868748 0.4224386883147472 -0.8896630883556468 4.22673
0.9813487326098883 -0.14578062880081724 0.1253103079215924 4.98141 -0.07670711719022255 -0.8946675839937567 -0.44009763953370634 4.30876 0.17626878106270386 0.4222770683061217 -0.8891633114369125 4.24236
0.9809163743574226 -0.14811885301334088 0.12595186342210896 4.97832 -0.07857765420704446 -0.8945451627159967 -0.4400164816466875 4.3072 0.17784436672778653 0.4217223698636626 -0.8891128297239724 4.25648
0.9810164713060615 -0.14795210113510127 0.1253668967308038 4.9765 -0.07860506878061094 -0.8943611938871244 -0.44038539715888964 4.31 0.17727923225295927 0.42217085479519584 -0.8890128475861837 4.27753
0.9815620234197663 -0.1456145474030659 0.12382405971657731 4.97531 -0.07704614620044833 -0.8942553119687181 -0.44087563821489395 4.31513 0.17492822967078062 0.4232066169146357 -0.8889860931780179 4.2973
0.9825224774434707 -0.14096261716442934 0.1215694117798493 4.97228 -0.07397255628719226 -0.894987907677796 -0.4399144303462417 4.3229 0.17081464291647308 0.4232330158112369 -0.8897731014661223 4.32173
0.9836624517359612 -0.13475742529298584 0.11936757253627497 4.96841 -0.06933565376155852 -0.8955128849412016 -0.43960122841245924 4.33169 0.16613472894688455 0.42414279344660716 -0.8902258941443199 4.34488
0.9851797593162466 -0.1265030641024118 0.11583529948285758 4.96622 -0.06328281022120061 -0.89575259219927 -0.440025657773266 4.34108 0.15942436377194585 0.42617398834394976 -0.8904827925877741 4.37304
0.9869911801419953 -0.1154400001011191 0.11190181722637509 4.9629 -0.056318655488086844 -0.9001665219553603 -0.4318893860640755 4.35514 0.15058758038405962 0.4199688549493206 -0.894957843424276 4.40347
0.9888517910426687 -0.10287299392997971 0.10765352976836537 4.95724 -0.04885105031858138 -0.9070915272990262 -0.41808914837040584 4.36925 0.1406616871592169 0.4081692151818926 -0.9020045352121685 4.43058
0.9908856755306681 -0.08921185277519533 0.10092979417668772 4.95731 -0.04134918748655043 -0.9145283403496325 -0.402402981340284 4.38175 0.1282022726878653 0.3945619850185313 -0.9098818699457105 4.45763
0.992903194084523 -0.07406793389543426 0.09304401294663293 4.95755 -0.0326984658443011 -0.922245361090396 -0.3852198129362945 4.39391 0.11434184495704401 0.37944358620973717 -0.9181222725629263 4.48786
0.9947783744965905 -0.059956905058853024 0.08259028495945993 4.96338 -0.025510156044302925 -0.9296309267207524 -0.36760790527804243 4.39924 0.0988191154206332 0.3635815034075284 -0.9263062521690141 4.50815
0.9965188239601294 -0.04430592234080065 0.07062024312229022 4.9717 -0.01700112580203665 -0.9372894320237711 -0.34813716023719726 4.40666 0.08161614555088816 0.34572460985889847 -0.9347798130700772 4.52873
0.9978498230754577 -0.030501185815863432 0.0580121388340776 4.98061 -0.009775010100052287 -0.944473819074313 -0.328441249328896 4.40345 0.06480879389266551 0.32716797329049235 -0.9427411826621185 4.54423
0.9989895281802528 -0.01697658242661184 0.041613918768942305 4.99897 -0.003369698493252195 -0.9516013798294305 -0.30731654533849656 4.39822 0.04481704718363592 0.3068657842703159 -0.9506970194157041 4.55033
0.9996673939153229 -0.001998113480147762 0.025712041635534824 5.01276 0.005422172627724447 -0.9584256275887921 -0.2852909329527056 4.39724 0.02521312330002335 0.2853354585808614 -0.9580960152771263 4.56803
0.9998843821466057 0.012604152446190923 0.00850633178369623 5.02664 0.014395831254564605 -0.9648000287693981 -0.2625902978578211 4.39477 0.0048971810045415065 0.26268239344821404 -0.9648699279128388 4.58364
0.9996088674138438 0.02592475232043688 -0.010489013525439973 5.04863 0.022655886331071698 -0.9705698604751701 -0.2397516564108843 4.38754 -0.016395822704775104 0.23942024382731958 -0.97077758721733 4.60162
0.99888388156517 0.03790156226178053 -0.028186215202048143 5.06449 0.030881639631962818 -0.9755837355229272 -0.21744585375852374 4.37856 -0.03573955068186195 0.21633272189210787 -0.9756653309182463 4.6199
0.9975823653656966 0.05183622045571538 -0.046286397140503886 5.07863 0.04201268067350355 -0.9804012238897193 -0.19247954399927006 4.37895 -0.055356652481957334 0.19006958316471154 -0.9802087505126573 4.64175
0.9959115927140051 0.06262070785206499 -0.06510565602126915 5.09361 0.05090258052172477 -0.9844356162546349 -0.16821249877933037 4.36909 -0.07462591235008668 0.16421073167568317 -0.9835983981323139 4.65504
0.9938947520442006 0.07227503200218861 -0.08336391070529346 5.10743 0.05978469215195654 -0.9878212537477274 -0.1436487425234355 4.35779 -0.09273086025317202 0.13778784559369195 -0.9861113005961123 4.67
0.9913815375880987 0.08304684669491379 -0.10132062072198851 5.1178 0.07078341111221818 -0.9903502338177358 -0.11914748460825682 4.35426 -0.11023772331092595 0.1109487973399783 -0.9876932766441394 4.70335
0.9886596084595218 0.09251871677434188 -0.1182897529251546 5.12536 0.08143234114044075 -0.9921068914041142 -0.0953555968197565 4.35026 -0.12617825651455125 0.08464161550262483 -0.9883900265118288 4.73819
0.9856341253194645 0.10063907382315732 -0.13563608600129487 5.13285 0.09153646003566818 -0.9932120949567735 -0.07176915016715105 4.34409 -0.14193818193098037 0.05832247638426927 -0.9881558790284728 4.77648
0.9825071669944588 0.10521387885151527 -0.1536545036812822 5.14827 0.09835171818521653 -0.9938120435832659 -0.051619391306642635 4.33498 -0.15813477269259357 0.035604237470717066 -0.9867754212279461 4.79792
0.9793645213981342 0.10909034293277028 -0.17013063012113497 5.15571 0.10547859167407675 -0.9939643223575839 -0.030152820410078565 4.32401 -0.17239315799954838 0.01158546326391991 -0.9849600885903466 4.83057
0.9760765446756839 0.11345813203329343 -0.18547730645416882 5.16061 0.11373504879131398 -0.9934686889511962 -0.009181652902871342 4.32025 -0.1853076296605602 -0.012133274459400264 -0.9826056513375433 4.88148
0.9730525854148538 0.11608282858123141 -0.1992321332668238 5.16007 0.12036176661945576 -0.9926850267952528 0.00945953026065429 4.31703 -0.1966766665207458 -0.03318455190429745 -0.9799066661479544 4.92986
0.9699078874496723 0.11680958086886908 -0.2136216554569145 5.15614 0.11885373393617413 -0.9929063075690594 -0.0032945893530916 4.32932 -0.21249112873798445 -0.02219428320120992 -0.9769109140555456 4.99355
0.9673519746294489 0.11576751198981694 -0.22545074927396921 5.14732 0.11524812109406471 -0.9932156507547428 -0.015509406182088563 4.34047 -0.22571669801942953 -0.010979720557500468 -0.9741311092310344 5.04693
0.9652051434355357 0.11763047812977473 -0.23354250512604227 5.12697 0.11511868774614634 -0.993051860601429 -0.024406759056568184 4.36844 -0.23479079798235739 -0.0033275773470661865 -0.9720402298319794 5.10893
0.9633193344148624 0.11993103055609956 -0.24006750686475295 5.1072 0.11489309718563849 -0.9927637173280285 -0.034925317122766406 4.41201 -0.2425189397997561 0.006062133847605334 -0.9701277309569166 5.16321
0.9620416510993158 0.11917118460367811 -0.24550782128123474 5.08265 0.11260636788947077 -0.992807472181542 -0.04065869023023695 4.43116 -0.2485873437261917 0.01146960943769562 -0.9685415740165743 5.24136
0.9612985574756272 0.11482575876205571 -0.2504398700686377 5.066 0.10696952033989941 -0.9932521908982594 -0.04480632761183895 4.43919 -0.2538948701993205 0.016282825323812238 -0.9670947546574453 5.31581
0.9614525684659783 0.10878303113107171 -0.25253754320518224 5.03937 0.10029719252093036 -0.9938807903508997 -0.046275779235905125 4.44064 -0.25602623256727514 0.019163160214512635 -0.9664798712482325 5.40174
0.9617979077863972 0.10267281357193306 -0.2537776151100246 5.0191 0.09393463807702715 -0.9944989819446739 -0.04634715396165347 4.44742 -0.2571401725655613 0.020738087284761078 -0.9661515737133191 5.47724
0.9627536841271208 0.09871849370099504 -0.2517141289261737 4.99174 0.09035387393172904 -0.994910365616113 -0.044604280681806094 4.46351 -0.25483626344220517 0.0201995888824185 -0.9667732182077634 5.55129
0.9642096056148236 0.0927707539592121 -0.24838160892051991 4.96739 0.0849665874672572 -0.9954989601549001 -0.04198213125464127 4.47332 -0.2511583473712863 0.019375436520303983 -0.9677520741416018 5.61844
0.9661490806348182 0.08780827227636463 -0.24258124681915394 4.94342 0.08162730258074331 -0.9960328158691142 -0.03543463256808259 4.48873 -0.24473033621087364 0.014433884843764521 -0.9694837417442489 5.6892
0.968231713684643 0.08247495092909497 -0.2360619221402355 4.92659 0.0782482486951523 -0.9965618450001303 -0.027234181942505147 4.50334 -0.2374964424816524 0.00789756666190629 -0.9713563034486261 5.74519
0.9708746870527201 0.07705552035110626 -0.2268585216025693 4.90934 0.07524566067015324 -0.9970263733398301 -0.016628331700386245 4.51792 -0.22746523380638922 -0.0009260930008182389 -0.9737857617367174 5.79837
0.9737465436851875 0.07207281894484675 -0.21592400846245535 4.89385 0.07312348703700623 -0.997317983729181 -0.0031296923027294993 4.53346 -0.2155704625051863 -0.012741589371201794 -0.976405155453204 5.84706
0.9770472014304294 0.05849223971272416 -0.20483511434896817 4.88426 0.06225611354144475 -0.9979883829467098 0.011973463581016669 4.53592 -0.20372270983785873 -0.024450877219445687 -0.9787232561350114 5.88819
0.9804690199600952 0.04113411916764648 -0.19232390683113837 4.87552 0.04772953357983108 -0.9984161193182868 0.029784967847296395 4.52851 -0.19079411029364168 -0.03838276860408277 -0.980879386342451 5.92533
0.9838303761687063 0.01952181273028035 -0.17803564181215506 4.87177 0.028600239914328612 -0.9984102774929712 0.04856896203597019 4.51813 -0.17680446036394262 -0.05287548225910127 -0.9828246874042607 5.93465
0.9869306885916407 -0.0044765400943684325 -0.16108313538298474 4.86805 0.0070313391338040765 -0.9974657692357136 0.07079971379173321 4.5059 -0.16099185130314797 -0.07100704043818058 -0.984398102406844 5.93067
0.9892474842690312 -0.030299952819398637 -0.1430780476751602 4.86722 -0.01725369311424025 -0.9956502337898882 0.091558298521004 4.48868 -0.1452299037433848 -0.08810519174988429 -0.9854672750758412 5.91918
0.9901216461186927 -0.060465369353971614 -0.1265032212874366 4.87729 -0.04975434852235933 -0.9950362137651797 0.08618258582202785 4.45936 -0.13108634822255885 -0.07903715837973545 -0.9882153089812619 5.90209
0.9904585089314882 -0.0887598036617642 -0.10542124709534736 4.88091 -0.0832768360323867 -0.9949893065894725 0.05532854916799934 4.43731 -0.109803964708239 -0.04602148440159019 -0.9928872606231919 5.89163
0.9896848348967119 -0.11509528792764728 -0.08530534726686288 4.88095 -0.11278898869385293 -0.9931228345332418 0.031395534046692784 4.42774 -0.08833216630925576 -0.021450180081087847 -0.9958600896559732 5.88616
0.9863870271221924 -0.1495424892957687 -0.06839354224097488 4.88791 -0.1497619815746873 -0.9887201834919375 0.001935879772138421 4.40394 -0.06791157191426317 0.008333225719614873 -0.9976565419768666 5.89392
0.9830790624018538 -0.1765520561327839 -0.04883573018168802 4.88208 -0.17795116864069915 -0.9836976727647645 -0.025928173414183325 4.40602 -0.04346192179945302 0.034179819667061254 -0.9984702305432173 5.90375
0.9777552597192851 -0.20760581038808584 -0.02990785155070821 4.87777 -0.2090457272501653 -0.9761865086330368 -0.05796364620424921 4.40235 -0.01716205144271955 0.06292636852662023 -0.9978706008968945 5.91968
0.9712813019882437 -0.2376523073403586 -0.011576408070979358 4.86853 -0.2377177558924822 -0.9671746490994618 -0.08979680769813075 4.40533 0.010144010127377607 0.08996987804335721 -0.9958928256109686 5.94307
0.964787485005603 -0.26301335967131395 0.0030135379491639837 4.86296 -0.2606958549826954 -0.9576840074864631 -0.12197955976109061 4.41827 0.034968270923860165 0.11689873583181319 -0.9925280376843363 5.96881
0.9569846272471767 -0.28971608550414363 0.015652891513627986 4.85561 -0.2839432021035029 -0.9462752260308052 -0.15472380094722812 4.43159 0.05963791739984724 0.14362376683719122 -0.9878337574752669 6.00168
0.9472354886429466 -0.3196270892958173 0.024154768548711902 4.85082 -0.3093501655545011 -0.9313089975303404 -0.1922655096225924 4.43809 0.08394881849532443 0.17464843230706675 -0.9810456263425891 6.04237
0.9362719210040185 -0.3500113899093767 0.029781149627777302 4.84313 -0.3345441967422507 -0.9143190197977438 -0.22825623860516017 4.44864 0.1071217548657977 0.20374679621971928 -0.9731455043644155 6.09083
0.9274086852102171 -0.3725635636568215 0.03330948261360388 4.83342 -0.35217114610519656 -0.8997037842462464 -0.2578925831890786 4.47056 0.1260500473923304 0.2274411828326459 -0.9655992408365274 6.13683
0.9158999187359701 -0.39944110388917875 0.03967547584135298 4.82082 -0.3714785641146042 -0.8809114302806654 -0.2932553979114863 4.47779 0.15208884003369672 0.25385400631990535 -0.9552105151287532 6.18558
0.9044474024649289 -0.42428322684770536 0.0442565203121653 4.80495 -0.3879867300880768 -0.8612955495825063 -0.32807967560476825 4.49108 0.1773166474136153 0.2795598678012756 -0.9436127843903603 6.23926
0.892768873685886 -0.4481686110967368 0.045919867217322746 4.78905 -0.40355827847898307 -0.8408598462911517 -0.3606874474753734 4.50002 0.20026096486513337 0.30347918367301996 -0.9315556510635546 6.29839
0.8798948220554197 -0.4728362698978253 0.04702088885987518 4.76869 -0.41811991944881405 -0.8174672710792081 -0.39613506998804093 4.51046 0.2257450665688601 0.3288968266545358 -0.9169874821045254 6.3624
0.8676807099348007 -0.495007020148943 0.04580650183439117 4.74259 -0.4299149292099787 -0.7934502774621115 -0.43082457083791903 4.53278 0.2496063686074919 0.3541252704885124 -0.9012724080720649 6.43358
0.8560984529707756 -0.5152845257477529 0.039715190367896114 4.72233 -0.44098189733502374 -0.7683975820013422 -0.46378887675028746 4.54803 0.2695002876507692 0.3795352598895183 -0.8850551290494555 6.50946
0.8474932946270491 -0.5298773648213245 0.03138620416996357 4.70035 -0.44884614375501947 -0.7469457334578115 -0.4905193273515533 4.56929 0.2833588798651598 0.40162426410661606 -0.8708649124189015 6.5879
0.8418638928491681 -0.5393218017680534 0.019929376671250137 4.6848 -0.4545682107042094 -0.7285042660780091 -0.5124931961727045 4.58578 0.29091738987901283 0.422390256094765 -0.8584599838211334 6.65129
0.8393906025930699 -0.5434853796151538 0.006859914213405788 4.66447 -0.4580325756391084 -0.7140945508481257 -0.5294101737806124 4.60575 0.29262531662835933 0.44123986061278053 -0.8483382635921631 6.71753
0.8410925983206438 -0.5408540427868841 -0.0063360438217895665 4.64339 -0.45847244024035705 -0.7066660802254782 -0.5389119339918262 4.62719 0.2869952309538967 0.45617974029963404 -0.842338282372277 6.77461
0.8448583989857384 -0.5345410574419768 -0.021912178624410722 4.62031 -0.4615534770029837 -0.7075646522578473 -0.5350893857494166 4.64871 0.27052296303587786 0.4621884039913215 -0.8445112229486617 6.82639
0.8498796859535565 -0.5255865076902152 -0.0382536578314759 4.5949 -0.46312201383657914 -0.7102918621692549 -0.5300976050088169 4.66768 0.2514408870956267 0.46823529712115425 -0.8470733066426004 6.88358
0.8552604038248306 -0.5155314621516072 -0.05250669653686105 4.54922 -0.46202752612681347 -0.7127466090048871 -0.5277526280874135 4.68894 0.2346491141055612 0.4756254649236741 -0.8477736787407442 6.96554
0.8645299512411372 -0.49772314138866125 -0.06971110337098718 4.5057 -0.4568454230258904 -0.720446869953482 -0.5217744407639441 4.73614 0.20947606752871073 0.48293683034164425 -0.8502304364301915 7.06725
0.8759058102159774 -0.47332700395053684 -0.09354442239439587 4.47924 -0.44957843809695064 -0.7303129981390972 -0.5143171713518709 4.7939 0.17512349821825451 0.49254895399370396 -0.8524830134914769 7.17163
0.8856420526435894 -0.4473029695080119 -0.12473254610791792 4.46791 -0.44389860528702857 -0.7366177785270421 -0.5102433503556082 4.8423 0.13635315476174412 0.5072615714078877 -0.8509368456938035 7.27689
0.8947027327939111 -0.41895806760196963 -0.15485850807214416 4.45117 -0.4365259716276746 -0.7467238778429935 -0.5018451218788886 4.88145 0.09461551683324212 0.51660196268534 -0.8509819716797958 7.38046
0.9009334370628591 -0.39437224831267575 -0.1810786341424853 4.42731 -0.4298271251137393 -0.7535260931021915 -0.4974405185854939 4.90624 0.059729259986716514 0.5259933048765472 -0.8483887426919846 7.47375
0.9056107364624568 -0.3695102478162371 -0.20816188595107832 4.41177 -0.42346770925242383 -0.760828449342819 -0.49174705885353925 4.90283 0.02333009267944136 0.5334812531189682 -0.8454900705189765 7.5567
0.9076312095844817 -0.34044791754600034 -0.245562217832471 4.42952 -0.4191612806914323 -0.7665118849422724 -0.48658334436287726 4.88083 -0.022570072160462307 0.5445684031238278 -0.8384126944183486 7.59502
0.9131097698926679 -0.29943362967476705 -0.27671293707803696 4.42625 -0.40204726591789164 -0.7740470432171928 -0.48909014593903805 4.89982 -0.0677387931285119 0.5578446704115007 -0.8271763896527614 7.63048
0.9146163478591202 -0.26920698715809593 -0.3016695780056478 4.41308 -0.39118470320366555 -0.7778365632082319 -0.49187885593494085 4.90429 -0.10223240292737418 0.5678889671420523 -0.8167316920445954 7.66573
0.9140102083554316 -0.24111367725662458 -0.32626604736295906 4.40308 -0.3817893904015318 -0.7831841956363186 -0.49077426285647746 4.89252 -0.13719402464716562 0.5731376015803538 -0.8078929936915111 7.68048
0.9151383967133724 -0.21302841835811062 -0.34225810119370437 4.39523 -0.3651590713631845 -0.7977614815255973 -0.47982858522107713 4.86214 -0.17082320527977155 0.5640882125748822 -0.8078514225846356 7.61089
0.9129907858709061 -0.18502334527033532 -0.36361268764964727 4.3896 -0.348020675726804 -0.818304357198983 -0.457449000715728 4.84398 -0.21290710223354314 0.5441914559179827 -0.8114962878069019 7.6157
0.9081580194681241 -0.15982001399810117 -0.3869193388826422 4.41059 -0.33338218592907487 -0.835108415853791 -0.43755028496770876 4.80847 -0.2531903034890671 0.5263568151889155 -0.8116915506048438 7.60186
0.9006672730361466 -0.143355942472764 -0.4101798837575743 4.42315 -0.32490776939887855 -0.8489926662541963 -0.4167090040193951 4.75446 -0.2885020011470921 0.5085867933837219 -0.8112373690417539 7.67006
0.8952784269909947 -0.12918239342410676 -0.42636656458234284 4.41892 -0.3148608628240483 -0.8605435291454676 -0.40040913015009977 4.71229 -0.3151811784136637 0.4927238005973356 -0.8111005369858234 7.69814
0.8912803416682197 -0.10981108392512452 -0.4399555413936401 4.38913 -0.3001905019185704 -0.870072771039497 -0.3909719115915208 4.7275 -0.3398602876384037 0.4805360537387807 -0.8084430010480029 7.7355
0.8878823299168157 -0.09147671593187458 -0.4508846622627628 4.35852 -0.28484330106902156 -0.8789102110615967 -0.38259787601052125 4.75042 -0.3612883364538486 0.46813336917376286 -0.8064253757220392 7.78434
0.8830712865759346 -0.07709068815581986 -0.462862969597683 4.33526 -0.2738238244840677 -0.8857042352624959 -0.3748980138424261 4.77457 -0.38105854664348093 0.45780457996588414 -0.8032492456219417 7.86066
0.8797895427948033 -0.06186041127043547 -0.47132117489707953 4.30717 -0.26128767086169796 -0.8912157667450902 -0.37076031362678175 4.81938 -0.39711347678538916 0.44934145882882115 -0.8002456747355817 7.92867
0.8779771011099837 -0.04841581800772367 -0.47624795904355555 4.2664 -0.24739976075928088 -0.8976005425863012 -0.36483780550407324 4.8543 -0.40981650564949157 0.4381428699812658 -0.800050784126745 8.0026
0.8769574679445629 -0.04032728672548569 -0.4788729574340376 4.2296 -0.2367268071486845 -0.9034380842398291 -0.3574353741898767 4.86876 -0.41821766843768177 0.4268176869465792 -0.8018233246271409 8.07324
0.8752166006743053 -0.03198832570650714 -0.48267240331575595 4.19929 -0.22682270815451774 -0.9084551628795657 -0.3510849984019706 4.89713 -0.4272556154921358 0.41675648052064607 -0.8023507181865547 8.17064
0.8760126874072355 -0.028465602087649408 -0.48144727748668525 4.15577 -0.21801913585827448 -0.9138096015914289 -0.34266553436102387 4.9024 -0.43019696407711316 0.4051440750364028 -0.8067148508374772 8.2539
0.8782974719305962 -0.023019462328845233 -0.477560106326329 4.09868 -0.2073645218067659 -0.9183464389969821 -0.33710498821200136 4.92985 -0.4308056474747924 0.39510748200414164 -0.8113547755255847 8.34232
0.878351131374236 -0.019715930359816308 -0.4776092253125426 4.06993 -0.19950240172149206 -0.9230900917722107 -0.328790927763113 4.94949 -0.43439392459029236 0.38407807092050833 -0.8147306019274254 8.4617
0.8782995461977171 -0.01853444058481364 -0.4777513805956943 4.03698 -0.19484345091284017 -0.9263819214918801 -0.3222616408593912 4.97362 -0.436607302716365 0.3761289805973738 -0.8172521356163719 8.59899
0.8791044939233332 -0.016297729393051977 -0.4763503676711409 3.99416 -0.18901951435845415 -0.9293862099029497 -0.31703768866480925 5.00996 -0.4375464683385005 0.3687487720099705 -0.8201081826110777 8.74516
0.8792164686332424 -0.01452200469106596 -0.4762011262731782 3.96351 -0.18383921186287727 -0.9324640000758662 -0.31098879842230825 5.04827 -0.43952422625576265 0.3609709128756327 -0.8225074191714052 8.90765
0.8802117264898209 -0.01463151761935752 -0.4743555999900953 3.93323 -0.17924079078744198 -0.9357444513010206 -0.30373518198793603 5.07728 -0.4394315139674228 0.3523751417899773 -0.8262758038214554 9.06335
0.882251696997068 -0.0199666588033032 -0.4703544149702714 3.91079 -0.1768711535120054 -0.9399655571221341 -0.29185843568313863 5.05966 -0.4362895119082355 0.34068472809961503 -0.8328177338641181 9.17758
0.8838170918621143 -0.019711888353752274 -0.4674171472998437 3.89083 -0.17102432070759288 -0.9435717388582779 -0.28358958964403486 5.09428 -0.4354515241205397 0.330581026505598 -0.8373160425165661 9.32785
0.8863158401181317 -0.01925201827627411 -0.46268087419730286 3.84801 -0.16508390249666788 -0.9466270773556231 -0.2768473975922867 5.1341 -0.432656372531552 0.32175539810458664 -0.8421887716530052 9.48954
0.8898623605850217 -0.01898711007977419 -0.4558338171580416 3.7989 -0.15876573064378188 -0.949571537114338 -0.27038368788715667 5.17394 -0.42771301358176894 0.31297505580018964 -0.8480024719655418 9.63859
0.8933458838538619 -0.017664830006621432 -0.44902236646095833 3.75539 -0.15174626799979252 -0.9523897174403289 -0.2644369419390294 5.23475 -0.42297305109131617 0.3043711219790202 -0.853494005928416 9.80024
0.8963896799859139 -0.009024214464695965 -0.4431750276900157 3.75008 -0.13964357487049073 -0.9546331677650348 -0.26301176209493904 5.35437 -0.42069610601019436 0.29764757441677625 -0.8569834933250868 9.92029
0.9047393861318204 -0.008718209220999008 -0.42587631538956894 3.63997 -0.13098488990860954 -0.9570424651268007 -0.2586748510382214 5.40479 -0.40532653724798995 0.28981668822204754 -0.8670159660759186 10.0395
0.9115265868901262 4.630380399783807e-05 -0.41124114488751545 3.58809 -0.11898158948078993 -0.95720178026 -0.2638335331827834 5.50733 -0.39365297249869907 0.2894214050878819 -0.872509362425352 10.1109
0.9154479830466795 0.0001729286474294947 -0.4024362812066648 3.53779 -0.11431977156309145 -0.9586919408602508 -0.2604625738169847 5.52053 -0.38585746094319534 0.28444636159615133 -0.8776128344601521 10.2315
0.9125245382921514 -0.008142084908764925 -0.40894091684256145 3.67752 -0.11902737229440005 -0.961818087297619 -0.2464517226392225 5.46018 -0.3913201396036072 0.27356840716809466 -0.8786517370039879 10.3049
0.9155373301042422 -0.006828351677971939 -0.40217504994586367 3.69772 -0.11429629436844804 -0.9630567620410904 -0.24384017343450956 5.448 -0.3856523749171487 0.26921189925464395 -0.882494871951373 10.2537
0.9203970683034695 -0.00035537520736983463 -0.39098479556990573 3.65009 -0.10166948412336362 -0.9658165287719032 -0.23845701656500085 5.50299 -0.37753483634820784 0.2592263614284897 -0.8889708324146963 10.1788
0.9222636780710692 -0.0008738380498152926 -0.3865604021597224 3.64936 -0.09410994821186487 -0.9704175025544056 -0.2223357559719776 5.4803 -0.3749306946068617 0.24143137149743685 -0.8950630520239807 10.161
0.9245987495825564 0.0036138059977129794 -0.38092531115244144 3.62177 -0.08294920216284145 -0.9740513518834272 -0.21057871154182695 5.51084 -0.37180180490541126 0.22629826402400616 -0.9003068996563338 10.1639
0.9263753905693897 0.012924369459219657 -0.37637959086737405 3.60333 -0.06713612550880833 -0.9777348244223634 -0.1988148730941306 5.57691 -0.3705689900667294 0.20944587316500485 -0.9048817877574244 10.125
0.9263715773940543 0.01730827022496841 -0.3762128710959677 3.60223 -0.05722269089614827 -0.980876410816062 -0.18602964911863945 5.60149 -0.37223818214022 0.1938604923299735 -0.9076656021192634 10.1623
0.9266728411104369 0.02089369335407014 -0.3752877550977876 3.59017 -0.04720748601474621 -0.9840779379254606 -0.17135362661041273 5.61032 -0.37289261029481197 0.17650514345593246 -0.910931959874678 10.1488
0.9262439627649117 0.027762464643201777 -0.37590074088579295 3.59214 -0.03444396494022746 -0.9868767791710467 -0.15775879060191095 5.64823 -0.37534748529962136 0.15907063930818965 -0.9131324093412381 10.128
0.926861781683732 0.02663539531392325 -0.3744566642089963 3.55089 -0.02823534344402061 -0.9897081530264241 -0.14028733803741075 5.62616 -0.374339422228886 0.1405998845998658 -0.9165706025265311 10.1093
0.9274631604260987 0.019487424513457925 -0.37340638229449813 3.49331 -0.028438525111443506 -0.9920721152236206 -0.12240983818801932 5.56582 -0.3728315120022963 0.12414974217276312 -0.9195561457445206 10.1063
0.9242451575620313 0.023504598271062122 -0.3810753502698017 3.51818 -0.019878322644110925 -0.9937870645664505 -0.10950855030203896 5.58779 -0.38128170820535395 0.10878788609267831 -0.9180356500852752 10.1365
0.9230889437816647 0.015436415919682303 -0.3842766177268726 3.46798 -0.019604466100097882 -0.9960064396390262 -0.08710245178248871 5.5107 -0.3840865355320081 0.08793684814197764 -0.9190999096735208 10.1355
0.917123719128993 0.017362969902021335 -0.3982243225710676 3.49987 -0.009245080800438586 -0.9978554965809906 -0.06479920079829743 5.50882 -0.39849543572291707 0.06311050007159039 -0.9149964221179864 10.2343
0.907020082523107 0.016721490771228663 -0.42075522771103324 3.59085 -0.0008451841813123077 -0.9991369302016382 -0.04152927125469282 5.49267 -0.4210865179075143 0.03802349870322181 -0.9062231281438862 10.3521
0.8949133041707674 0.023109447903313304 -0.4456412586776089 3.6706 0.019985435681069787 -0.9997317047968791 -0.01170900442238998 5.48027 -0.4457922838932918 0.0015722091240588073 -0.8951350556087462 10.4661
0.8821610843955455 0.027691628034778645 -0.470132954508465 3.72623 0.04051544441165375 -0.99903122353438 0.017178858155459623 5.47219 -0.46920179021632163 -0.03420216572357178 -0.8824284061144089 10.5656
0.867347988612139 0.029833802685346234 -0.49680721700455227 3.78775 0.06240654980597815 -0.9968427817545563 0.04909064070830084 5.4418 -0.4937741277059689 -0.07358269280998993 -0.8664714064105289 10.6545
0.8512349041168976 0.025958808829552194 -0.5241424217302459 3.85537 0.07723433315249041 -0.99409688191617 0.076198734550114 5.41345 -0.5190703187387875 -0.10534481291786216 -0.8482148752502012 10.7558
0.8285869692880675 0.02267462374369123 -0.55940101516184 3.9673 0.09588362608757417 -0.9901641982637651 0.1018881284791005 5.38202 -0.5515885827084472 -0.1380605733537184 -0.8226112772816386 10.8849
0.8082337912991414 0.011444083569875627 -0.5887505172426277 4.09563 0.10786498641241629 -0.9857717910481537 0.1289151685410378 5.30586 -0.5788983359005839 -0.16769916196856988 -0.7979684879533614 10.9571
0.7896837383929285 0.002959638810989172 -0.6135069957676742 4.15079 0.11983051603169681 -0.9814725642954774 0.14950669872228875 5.2966 -0.6016977985212724 -0.19157986865369872 -0.7754075787489347 11.0413
0.77626913614829 -0.007550516039142509 -0.6303564213769307 4.15141 0.12765002093499028 -0.9773314140182182 0.16890464566863367 5.29954 -0.6173424498759862 -0.21158047376989397 -0.7577083889600426 11.0908
0.7736381329925749 -0.019570905516746957 -0.6333253656984045 4.15938 0.13563834815809503 -0.971237864311327 0.19570194029931276 5.25938 -0.6189396397781505 -0.23730569016613767 -0.748732082741261 10.9978
0.7616068008550552 -0.025650058285574262 -0.6475315864120262 4.24564 0.1366003727219008 -0.970410984547579 0.19910514619576467 5.27946 -0.6334788229006291 -0.24009288948102084 -0.7355677979337378 10.9998
0.7570875558981065 -0.03964581674741738 -0.6521093787998006 4.25562 0.11861207079248764 -0.9732272925184959 0.19687512224614914 5.27734 -0.6424559201739443 -0.22639974892112505 -0.7321157998034888 10.9444
0.7492029697618964 -0.0553587368710279 -0.660022969563938 4.26937 0.0985281686539693 -0.9760986408510982 0.19371020445586662 5.25712 -0.6549710757595711 -0.21015911491220873 -0.725841605543294 10.9244
0.7427150614505026 -0.07253045633970288 -0.6656678378874334 4.29871 0.07641214348758728 -0.9784418598136678 0.19186638916705281 5.2229 -0.6652334340832609 -0.19336716336422025 -0.7211612984002028 10.8747
0.7382975961394307 -0.0875081047663791 -0.6687742452688608 4.3183 0.06029331979176474 -0.9790151673347107 0.1946638582713191 5.20107 -0.6717747949448727 -0.18404247805543328 -0.717528390482209 10.8147
0.7316615215893564 -0.09690578518300794 -0.6747449048519093 4.39552 0.0548795804713606 -0.9782568312311505 0.20000450944135095 5.21021 -0.6794554065373496 -0.18336532100605257 -0.7104347328076747 10.8045
0.7242792516528744 -0.10798785572149136 -0.6809979358572437 4.39373 0.05216727812935323 -0.9762464210339317 0.21028908795040746 5.20393 -0.6875304653015216 -0.18783383197686687 -0.7014415947512376 10.8031
0.7170453103596811 -0.11814012821037513 -0.6869417246008747 4.39471 0.045033840068823563 -0.9756204799761506 0.21479439541049553 5.20168 -0.6955702524834162 -0.1849529376829165 -0.6942437862182239 10.7874
0.7077824965308469 -0.12155619778848041 -0.6958936904325038 4.39669 0.034777920605055954 -0.9778943520163427 0.20618712989157556 5.19823 -0.7055738330202942 -0.1701373770626104 -0.6879090340178017 10.7823
0.7019100090214139 -0.12842368242588711 -0.700592390072668 4.39912 0.03554129733761479 -0.9760707552880019 0.2145290116862255 5.19461 -0.7113783489951868 -0.17548002297607646 -0.6805494883674499 10.7763
0.6998817636065818 -0.13513235681197205 -0.7013592254425566 4.40069 0.03340234095259052 -0.9746734337741038 0.22112435667263036 5.19042 -0.713477260036946 -0.1781879447028884 -0.6776424247143421 10.7713
0.7927441854588779 0.22714828849737828 -0.5656503438113087 4.40462 -0.05686138555274224 -0.8963698725137157 -0.4396451233469642 5.18843 -0.6068965638839641 0.3806897774861531 -0.6976760380458689 10.7614
0.7920392641204982 0.23478943011795284 -0.56351373328105 4.40562 -0.025339699567297883 -0.9096416055237485 -0.4146203674760995 5.18792 -0.6099440168714654 0.34267487944852865 -0.7145223742316523 10.7586
0.7667939161444179 0.43610592021746664 -0.4709975759122164 4.41483 0.02850585312957174 -0.7561745571642033 -0.6537487708859392 5.18887 -0.6412600927090838 0.48786439247889113 -0.5922616212873661 10.7336
0.7724340051916316 0.43552373079359397 -0.4622388857930969 4.41464 0.04358328835065409 -0.7624614486341681 -0.645564122549596 5.1872 -0.6335978255961413 0.4785097901426001 -0.6079327069154337 10.7354
0.72620319527158 0.6673022667170558 -0.16533784809179897 4.41346 0.11563571859896621 -0.3556357663697772 -0.9274435736273566 5.18756 -0.6776852512497585 0.6543935257265773 -0.3354278070251349 10.7365
0.7207647574391156 0.6927163740180957 0.025341460118839032 4.41289 0.15660621237500388 -0.12711642394388117 -0.9794467361777641 5.18688 -0.6752574758410959 0.7099193193109632 -0.2001047260555598 10.7377
0.7409761511319986 0.6601702934779179 0.12300214251341068 4.41276 0.19001241432447 -0.030433738975969127 -0.9813098745730262 5.18627 -0.6440882127909154 0.750499147995001 -0.14799122610000254 10.7384
0.7653334922143253 0.5248930475523018 0.37249420710432846 4.41259 0.3318711237402456 0.17405076511563372 -0.9271288413106613 5.18253 -0.551476384736837 0.8331828249513547 -0.0409899656461013 10.7416
0.80957395892609 0.46024634147065535 0.36436699931746597 4.41214 0.14637239809725108 0.44283085280008017 -0.8845767105704363 5.18431 -0.5684761438301499 0.7694635410279231 0.2911369659194314 10.7408
0.9497004303714557 0.2950966261177016 0.10481924349193099 4.41375 -0.21463164837429413 0.8570921809528348 -0.4683228041272877 5.18529 -0.22804023344226926 0.4222688416204326 0.8773178884122521 10.7405
0.9591547879005663 0.2621063893426741 0.10640645428340573 4.41386 -0.16845355741907658 0.831406368992221 -0.5295156736037462 5.18487 -0.22725644510173493 0.48996294784903655 0.8416001532169566 10.7427
0.9662525473856776 0.2254352729740871 0.12463928902953325 4.41331 -0.10795241568930676 0.7936926455290583 -0.5986637289663767 5.18426 -0.23388520820593123 0.5650052408006346 0.7912438228828613 10.7456
0.9764786570497467 0.1884754580447459 0.10472074312735855 4.41356 -0.08915000079028428 0.7951525083094141 -0.5998206114233982 5.1841 -0.1963204260524495 0.5763761707809147 0.7932520406973526 10.749
0.984110389434727 0.15665749793302705 0.0835773279543788 4.41354 -0.07630884564604376 0.7981742311334167 -0.59757414337532 5.18462 -0.1603237396108213 0.58170123353483 0.7974459062665372 10.7534
0.9899193899069482 0.12907174704026067 0.05831025297690518 4.41467 -0.0686615568255018 0.7974313033269812 -0.5994905396155394 5.18542 -0.12387571231098576 0.5894436364829188 0.7982549763761194 10.7623
0.9952291650928844 0.08432793190813911 0.04906840988473627 4.41698 -0.03528271404016686 0.779970874632944 -0.6248204260539824 5.18405 -0.09096174491774026 0.6201082442803164 0.7792250806648252 10.7612
0.9984033265701764 0.04253904458631281 0.03716486484960784 4.41835 -0.009351357583407466 0.7733277964138605 -0.6339374349295284 5.18506 -0.055707715847566154 0.6325777019302581 0.7724908422859655 10.762
0.9991317359988645 -0.010703980351926504 0.04026411459998013 4.41285 0.0342592260699347 0.7610333792792687 -0.6478074567738976 5.18998 -0.023708216908571354 0.6486244062841005 0.7607393114751031 10.7765
0.9986628175696234 -0.0454094473364892 0.024709490008831138 4.41072 0.05073600210482644 0.7691675913975241 -0.6370298850400593 5.19783 0.00992143610174251 0.637431720607256 0.7704429678239351 10.7957
0.9970010022881028 -0.0770026690696678 0.007719481372822697 4.41454 0.0643981774958699 0.7701888933864611 -0.6345564933395202 5.1972 0.04291708484658024 0.6331505803995487 0.7728379302078708 10.7882
0.9942918663770508 -0.10669077942016951 -0.0008729508336412783 4.42289 0.08159320911411148 0.7656190484096408 -0.638098754848164 5.19374 0.06874760128835111 0.6343851750309375 0.7699540356528206 10.7676
0.9910834399516764 -0.13130457594666878 -0.022643396145833668 4.43745 0.08710304811934443 0.7670652860916952 -0.6356287484698789 5.19205 0.10082992642004074 0.6279888177416305 0.771662731204247 10.7421
0.9862743898512409 -0.16014721061933465 -0.04019575667168095 4.44526 0.10157155264152802 0.7803921537538794 -0.6169856611408169 5.19255 0.1301769857446078 0.60443441107388 0.7859471961221187 10.7302
0.9813331158569624 -0.18306286358005422 -0.05893474103053649 4.44983 0.11105073872439761 0.7895916501575215 -0.6035004220630571 5.19418 0.15701289485654202 0.5856902030761595 0.7951817005372896 10.723
0.9770693660822439 -0.20240096849685002 -0.06610069451359141 4.4533 0.128024780810159 0.8065219308103085 -0.5771759095982112 5.19605 0.1701326228627324 0.555478373182565 0.8139402112958287 10.7114
0.9752472688736924 -0.20742316671453476 -0.07660544670268654 4.45647 0.13087482340403928 0.8207269915284152 -0.5561285696452558 5.19965 0.17822610682322992 0.5323371443801672 0.8275582272926804 10.6953
0.9747587242714127 -0.2053644527975753 -0.08758350862987799 4.45659 0.1268483467049514 0.8322507236106239 -0.5396927181163489 5.20829 0.18372513816837335 0.5149603621413448 0.8372937949299916 10.6802
0.9737536803208567 -0.20444129668781522 -0.10003762427302665 4.45512 0.11947085678802047 0.8332171842968497 -0.5398850231028508 5.21248 0.19372786180599538 0.5137634475135752 0.8357730765937862 10.675
0.9733677817478654 -0.19843065714517008 -0.11480607893389577 4.46418 0.10449367640388654 0.8297694850030118 -0.5482368770426124 5.21488 0.2040495847749752 0.5216396036180272 0.8284056318557882 10.6592
0.9715344885669837 -0.19808279187815617 -0.1299382356608111 4.47044 0.09445768157557052 0.8269170772691763 -0.5543337385654703 5.21759 0.21725212062545565 0.5262806807040878 0.822088901032841 10.6497
0.9693047599595849 -0.19779515362474068 -0.14603204964067523 4.47318 0.08602713427272132 0.8292650574843708 -0.5521945278651955 5.21825 0.23032067750967256 0.5226820655408105 0.8208263177271286 10.6442
0.9663344744933136 -0.19809173714162603 -0.16418692725654113 4.48112 0.07718709550132558 0.8319489732474756 -0.5494570576492221 5.21756 0.2454380485861983 0.5182861850258835 0.8192310997011252 10.6288
0.9633253348407453 -0.1951808671209613 -0.1841432278523312 4.48729 0.0659436248997681 0.8373926332395456 -0.5426094508310915 5.21979 0.26010716558573427 0.5105663589642875 0.8195524726976948 10.6199
0.9598526554379482 -0.19320458074140606 -0.2033589679095985 4.49632 0.05513369036749312 0.8407782953734747 -0.5385648839418846 5.22126 0.2750330089919772 0.5057310036070675 0.8176753609809992 10.6057
0.9560849330943905 -0.18782105025169943 -0.22499967509363983 4.51609 0.03972113644033791 0.8436340820686301 -0.5354472587399323 5.21941 0.2903856608542904 0.5029958137545169 0.814046300474149 10.583
0.951836486936683 -0.18237605327598513 -0.24646759894052664 4.53478 0.025821146190338873 0.8486826214134902 -0.5282717828165189 5.21834 0.3055168907694801 0.49646428200042864 0.8125162436236878 10.5615
0.9463377520698647 -0.17597223198154321 -0.2710694239097977 4.55845 0.013129434076587315 0.8590000266756136 -0.5118071630332306 5.21888 0.3229124911925586 0.48078345202671996 0.8152145700912654 10.5416
0.9437436055416033 -0.15927522094436353 -0.28979201333449317 4.5708 -0.008261128451732061 0.8647271723752318 -0.5021739450754494 5.22542 0.3305748943220566 0.47631745858099794 0.8147649464077973 10.5368
0.9389502914994128 -0.14201956219918296 -0.3133732503675449 4.58833 -0.025547275320123575 0.8795347818549918 -0.47514829709366474 5.2288 0.343103026534138 0.45414646476664783 0.8222112269502712 10.5312
0.9335593190449697 -0.12137553244469823 -0.3372461681740188 4.59599 -0.04905636948820955 0.8887932286666911 -0.45567539903847715 5.23862 0.3550499548471015 0.44194408786633305 0.8237869583594208 10.5293
0.926960672433022 -0.10360045105262303 -0.36057018499067967 4.60506 -0.0714013757023918 0.8948273071993663 -0.4406653308783629 5.24461 0.368301174733839 0.43422463867452776 0.8220725076644093 10.5235
0.9178203569982821 -0.08944360660127551 -0.38678887460435357 4.61399 -0.09377972822715161 0.8978679580249127 -0.43016100767714344 5.24892 0.3857604889736476 0.4310834851746586 0.81569349265302 10.5235
0.9068238212173864 -0.07988947351354218 -0.41386982167636555 4.61873 -0.11472504868751936 0.8980267836715544 -0.4247187999278691 5.25316 0.40559674613628727 0.4326263605355689 0.8051867557861369 10.5247
0.8942003381356975 -0.0737118627640217 -0.4415566968871182 4.62247 -0.13634976413067523 0.8946412468961668 -0.4254712460009271 5.25647 0.4263971119737018 0.44066268351192417 0.7899379103831872 10.5233
0.8787826914683793 -0.0665193117001841 -0.47256339505565303 4.62564 -0.16526676149766076 0.8865417298833508 -0.43212342995897746 5.26044 0.44769172286258185 0.4578416127290853 0.768084096264181 10.5188
0.8606093427366829 -0.06127183312828234 -0.5055663375457614 4.62817 -0.1952368976787956 0.8771906014203292 -0.4386561324826097 5.26472 0.47035530503981177 0.4762167691765392 0.7429559043280863 10.5166
0.8390788016978669 -0.06067759155665303 -0.5406153849310582 4.6294 -0.22207401016342904 0.8689842104184975 -0.44220987783322313 5.26931 0.4966184637638893 0.4911055608789468 0.7156713138882751 10.5179
0.815621407638923 -0.06755915883706609 -0.5746281227527331 4.62991 -0.24492375871634947 0.8594703193579251 -0.4486904529394869 5.2719 0.5241889657531503 0.5067016185093695 0.6844555485804964 10.5197
0.786185650614932 -0.07872525184654446 -0.6129555102035337 4.62819 -0.2813085504128596 0.8375467567769829 -0.4683811798919478 5.27701 0.5502523259667257 0.5406641886920713 0.6363211554192998 10.5345
0.7695545268198464 -0.09494847620656875 -0.6314828715944188 4.62744 -0.29984207385298034 0.8193684444677344 -0.48860012582690704 5.27768 0.5638089756279395 0.5653495724563486 0.6020791475585229 10.5357
0.7455233967785586 -0.10615420588032952 -0.6579712375398155 4.62542 -0.32442517250601194 0.8045747648103324 -0.4974010004763184 5.27948 0.5821882619052055 0.5842865156790072 0.5653902150687444 10.5397
0.7161817496177509 -0.1255918112923115 -0.6865205011146959 4.62303 -0.34753458809725335 0.7888650209541463 -0.5068645665176117 5.2808 0.6052300484861349 0.6015967716430419 0.521323232513323 10.5491
0.7161817496177509 -0.1255918112923115 -0.6865205011146959 4.62303 -0.34753458809725335 0.7888650209541463 -0.5068645665176117 5.2808 0.6052300484861349 0.6015967716430419 0.521323232513323 10.5491
0.3084831557092584 -0.39902255740172643 -0.8634924095371325 4.62252 -0.5875872063713607 0.6339351698602126 -0.502859299728068 5.28102 0.7480504111036615 0.662500716300661 -0.03890222806927324 10.5498
0.2901879645855332 -0.42259424160470693 -0.8586064594284439 4.57217 -0.5980296439537124 0.6203637227727796 -0.5074538367379775 5.33128 0.7470953688534694 0.6607291112324629 -0.07270179782961511 10.5765
0.26986089353047243 -0.4403393880186924 -0.8563155501929524 4.55159 -0.6037036014928077 0.6154417190738787 -0.5067281835145965 5.35781 0.7501446925010858 0.6537069020461026 -0.09975082220081649 10.596
0.24601641802557786 -0.45699986666068826 -0.8547672454732792 4.53516 -0.6108292083954316 0.6116155840456188 -0.5028061808724578 5.37981 0.7525713256780876 0.6458153754941496 -0.12868139159364111 10.6158
0.21998853722807224 -0.46530205620452003 -0.8573791693178108 4.52685 -0.6274216578194693 0.6055066019882811 -0.4895955660008315 5.40247 0.7469585709979651 0.6456436721911332 -0.15873607583730526 10.6288
0.25135058163895485 -0.44286065353720266 -0.8606377441516034 4.50586 -0.6625726644641026 0.5694584879504558 -0.486533138446006 5.44609 0.7055638521173678 0.6925254306159322 -0.1502936410348712 10.626
0.2103052891554299 -0.4661959994217886 -0.8593212295040611 4.48739 -0.7092752570919585 0.5321745224262013 -0.46229740141772524 5.47124 0.6728300640060518 0.7067188746620292 -0.21874217052513656 10.6487
0.19031627418952432 -0.49001303315581646 -0.8506861601766276 4.47468 -0.7432980452416517 0.49413944067266524 -0.450925968548769 5.48478 0.6413171849549626 0.718131910242918 -0.2701829524087339 10.6612
0.17758762167802428 -0.5139019448238702 -0.8392660053481178 4.45863 -0.7749271898121926 0.452642992892939 -0.4411373612319649 5.49782 0.6065892243656503 0.7287105818438255 -0.3178527973643023 10.6737
0.17542203328473624 -0.5404443355647154 -0.822889439957922 4.43823 -0.8168167273562529 0.3867041085671238 -0.42810088335382734 5.51498 0.5495794247870548 0.7472481867313696 -0.3736075524897891 10.6867
0.1831443704444108 -0.5654344764215414 -0.8042027060688229 4.42468 -0.857479604998093 0.30821678945854214 -0.4119843901268384 5.52707 0.4808189540636213 0.7650400405009962 -0.4284003616284646 10.6954
0.18403068736407036 -0.5848833490525696 -0.7899646663676534 4.41978 -0.8843877646810849 0.25219765418847373 -0.3927526255853997 5.53506 0.42894170675128085 0.7709136211164525 -0.4708515700158778 10.7008
0.1983595180383911 -0.6000456436288254 -0.7749830495989223 4.41214 -0.9006716858564948 0.20027057711011062 -0.3855933223493405 5.54384 0.3865798958818169 0.7744913953725062 -0.5007185462851877 10.7064
0.20410493609490346 -0.6151378035565412 -0.7615422888437182 4.40328 -0.9145021135259795 0.15777951763437328 -0.37254732339876073 5.55177 0.3493237172283205 0.7724707803216239 -0.5303412430983374 10.7158
0.217261313982436 -0.6283555040297937 -0.7469718080370163 4.3944 -0.9237608703088935 0.11489241263404674 -0.36532942395225076 5.55773 0.3153781475194194 0.7693952781727945 -0.5554885507304604 10.7242
0.23335578302824653 -0.6379150917765002 -0.7339001391272884 4.38409 -0.9294015495198316 0.07561211538039433 -0.3612417026837265 5.56416 0.2859332759183686 0.7663857668899399 -0.5752347503681507 10.7346
0.24508881500811897 -0.6463669596179294 -0.7225934031474344 4.37237 -0.9324813716515575 0.046831148876126355 -0.3581694222260919 5.56986 0.26534875971209365 0.7615882069788218 -0.591247358311255 10.7468
0.25005565374902783 -0.6554526311956868 -0.7126387712486586 4.36224 -0.9388243448572116 0.015883237893644014 -0.34402990023752555 5.57456 0.23681431445665227 0.7550692491504774 -0.6113831936320795 10.7582
0.2504532455999122 -0.6629229263156027 -0.7055539423273236 4.35232 -0.9424201942688606 -0.00011013409819385367 -0.3344311069633382 5.57769 0.22162434253193714 0.7486876395638161 -0.6247795364459757 10.7686
0.24801006517083699 -0.6692842837429404 -0.700392429362751 4.34258 -0.9438406949931196 -0.004017461537423467 -0.3303764556951657 5.5798 0.2183019698694029 0.7429955636055267 -0.6326941144136271 10.7784
0.248128307759774 -0.6728612367245164 -0.6969146999467191 4.3411 -0.9440409367825107 -0.006579099317345433 -0.3297626800154506 5.57997 0.2172994536741196 0.7397394619497645 -0.6368410130222475 10.7815
0.3719962551180481 -0.5287041010948903 -0.7629487267592707 4.34173 -0.9077740559848357 -0.035589809240933884 -0.41794692098283787 5.58867 0.19381705151763257 0.8480597496424636 -0.49318314202471825 10.7786
0.6740997561320294 -0.1810747187001574 -0.7161015745202616 4.33896 -0.7287437877103928 -0.004869525097115468 -0.6847691432876039 5.6055 0.1205073054061403 0.9834572862981837 -0.13523962204459083 10.7647
0.6930228891995613 -0.17407176063333507 -0.6995843746078836 4.33684 -0.7131157946686234 -0.023165043202378277 -0.7006634314473461 5.60203 0.10575981486193325 0.9844604628543714 -0.14018722708195203 10.7721
0.6927924474041888 -0.17440306266703998 -0.6997300883569828 4.34295 -0.7135682511017871 -0.02557620127929383 -0.7001187106110349 5.59975 0.10420640978006723 0.984342130389875 -0.14216748749369928 10.7731
0.6936921285270626 -0.17118296248423326 -0.6996339215437706 4.34349 -0.713048616081442 -0.025995221019816106 -0.7006325139389917 5.59821 0.10174921092536143 0.9848962594300237 -0.14009445469687165 10.7784
0.694464778966245 -0.16774318289760182 -0.6997005755083713 4.34192 -0.7128574709981811 -0.02830499039505563 -0.7007375068888585 5.59804 0.09773892171208798 0.9854243005477982 -0.13923380003591374 10.7842
0.6955434355333294 -0.16305738859987012 -0.6997368200327065 4.34464 -0.7126685265177819 -0.03291098451543539 -0.7007285054921045 5.59706 0.09122993257405593 0.9860675205690611 -0.13909688810795695 10.7892
0.6954561066065221 -0.15784347039300972 -0.7010180045034428 4.35876 -0.713248051369372 -0.03313660149320169 -0.700127976058145 5.5926 0.08728127520546158 0.9869080020426281 -0.13562659953982725 10.7895
0.6972205080565996 -0.1499635876836357 -0.7009953534185156 4.36487 -0.7120045491548042 -0.03128542785515703 -0.7014775434657791 5.5891 0.08326514954145647 0.9881964098158688 -0.1285875985422646 10.7953
0.7032876182131862 -0.14089310196505295 -0.6968038891156452 4.36842 -0.7077740114661824 -0.04687279332315336 -0.7048821816014027 5.58669 0.06665189240442837 0.9889145944239824 -0.13268553114095893 10.8012
0.7118463708456694 -0.12750716592208955 -0.6906639319903468 4.36126 -0.7006571699129324 -0.06098811066624188 -0.7108867565280439 5.58896 0.04852086729902827 0.9899607936660315 -0.13275297526108826 10.8126
0.7294272187705816 -0.10846335543909097 -0.6754047919903348 4.34764 -0.6835767954212124 -0.07853129728064401 -0.725641509361947 5.59318 0.025665098446718826 0.9909937113192557 -0.1314258986935517 10.8241
0.7474057447524625 -0.08921238276263832 -0.6583508209707263 4.3366 -0.6643516316708539 -0.09343432368446519 -0.741557102760064 5.59611 0.004643512387271731 0.9916204807886124 -0.12910174233243388 10.8332
0.7568817962134922 -0.07190646341849333 -0.6495840261885157 4.32155 -0.6533272497160902 -0.10929878279676924 -0.7491443658318161 5.59649 -0.01713042144977356 0.9914046785232503 -0.1297047110291819 10.8497
0.7848826192555771 -0.0440211264529739 -0.6180788092276873 4.31059 -0.6178650731218798 -0.13113870379107162 -0.7752711730640394 5.59818 -0.04692574353805046 0.9903861776063965 -0.13012760583209182 10.8598
0.8069617308248812 -0.021180103052429178 -0.5902238289147599 4.30188 -0.584509692939345 -0.17183183332438812 -0.7929831271321803 5.59905 -0.08462377824266615 0.9848985857899621 -0.1510416891618599 10.8698
0.8420606996314366 0.011854273590041708 -0.5392524958995258 4.29609 -0.5229384392672471 -0.22703980335287638 -0.8215767258328482 5.59931 -0.1321709759098094 0.9738133311323788 -0.1849822403256835 10.8772
0.8541836762042336 0.040553947248540445 -0.518387523643059 4.30069 -0.4929235547304286 -0.2541994833844637 -0.8321111655536112 5.59777 -0.16551923301579974 0.9663011952852142 -0.1971430533704573 10.8787
0.8642499804814975 0.06881691747987842 -0.4983334256361884 4.31212 -0.4627720473682867 -0.27968734395457406 -0.8411997514301819 5.59636 -0.19726632609823486 0.9576216484082862 -0.20987323575792483 10.8734
0.8736765786904128 0.09972134881585668 -0.476177370774968 4.31301 -0.43049998510705756 -0.29746532476131615 -0.8521643875376792 5.5967 -0.2266252383796613 0.9495104176126721 -0.21695844803641728 10.8754
0.8783903624700717 0.13000730387439002 -0.45992224566659967 4.30906 -0.40238604817231244 -0.3181085753481722 -0.8584243720481297 5.59359 -0.2579066485299778 0.9390979902168188 -0.2271103815653665 10.8903
0.8739365021511101 0.1532687687220724 -0.4612414495058986 4.30106 -0.39022605967387225 -0.34447843015789287 -0.853849069512497 5.58822 -0.28975612600821066 0.926198302573684 -0.241242806629214 10.9194
0.8783128821069335 0.18407112862336267 -0.4412304394897672 4.28872 -0.3527395894767336 -0.37346252895752646 -0.8579630070582495 5.58583 -0.32270925481119545 0.9091994055607219 -0.26308777582250525 10.9405
0.902822977786452 0.23683742453682355 -0.35891322784144974 4.2794 -0.2578045929318573 -0.36990791729494915 -0.8925832871983167 5.5853 -0.3441619715250994 0.8983741798723278 -0.2729035915752654 10.9485
0.9119199945919969 0.28340534347944035 -0.2967883669395292 4.27518 -0.17892107469540397 -0.376276758544764 -0.909067131739393 5.58502 -0.3693090474022724 0.882098187429464 -0.2924271109874737 10.951
0.9101410728899395 0.3209730176479864 -0.26195333435689505 4.25974 -0.13034936553674198 -0.3783215273684766 -0.9164506887082097 5.57856 -0.39325852863341526 0.8682448640052692 -0.3024873316116772 10.9927
0.9027290296673702 0.35199387909792257 -0.2473471408231861 4.25873 -0.10441186925855483 -0.37849607547580294 -0.9196949942276241 5.57705 -0.4173469306868597 0.8560613470581487 -0.3049270560629956 10.999
0.8987969962610541 0.39757502973405284 -0.1846565873292197 4.2585 -0.03682825378952481 -0.35126591588091916 -0.9355511402714196 5.57672 -0.43681533768277997 0.8476711343866241 -0.30107475598723477 11.0001
0.8898166834751033 0.43661396942570885 -0.13264430448268313 4.25836 0.014052521359475961 -0.3167649904410326 -0.9483999512201247 5.5764 -0.45610173914688157 0.842038112280685 -0.2879983003664626 11.0011
0.8769215876887188 0.4699889473518161 -0.10059283479765582 4.2583 0.03855351360076781 -0.2774013029602228 -0.9599802829772109 5.57608 -0.47908470611629017 0.8379492266737302 -0.2613789162927368 11.0021
0.8641950485354464 0.49596570566998216 -0.08476400702004444 4.25833 0.034352483664104316 -0.2262299433148775 -0.9734679859213937 5.57592 -0.5019828930879269 0.8383543591745819 -0.21254445064515587 11.0024
0.849525656899714 0.5228935582526679 -0.06991770167113506 4.25834 0.030492603375912836 -0.18098195862288913 -0.9830135969519358 5.57587 -0.5266653201118043 0.8329632989459304 -0.169693203165725 11.0026
0.836653322779191 0.5447654332526849 -0.05693716023436052 4.25836 0.028006375843709685 -0.1463621833975739 -0.9888345433808408 5.57587 -0.547016325528443 0.8257171028894275 -0.1377113125391336 11.0026
0.8256409099638028 0.5624221054569574 -0.04470417304353452 4.25838 0.028092538629911512 -0.12011809920923872 -0.9923620566686768 5.57591 -0.5634961375799041 0.8180788577733336 -0.11497428145810401 11.0024
0.8123713676369587 0.5825654159563962 -0.02589009801465081 4.25838 0.034620827977327184 -0.09250201704164374 -0.995110433627038 5.57595 -0.5821118099762462 0.8075028872857226 -0.09531488714466374 11.0023
0.7982955803179101 0.6021298958428996 -0.012796678362372638 4.25844 0.04338652617130073 -0.07868764698629788 -0.995954749754499 5.57612 -0.6007010702434932 0.794511071504972 -0.08894032529928808 11.0016
0.7795825862314701 0.6262753562191838 0.005492671225076684 4.25837 0.047019726559198616 -0.04977999043033188 -0.9976527942461015 5.57611 -0.6245319339785201 0.7780110093985113 -0.06825490968244674 11.0017
0.7553386968928953 0.6552897866065581 0.0076647599619667495 4.27856 0.02100971974191529 -0.012524210900915045 -0.9997008231554458 5.58848 -0.6549977440056638 0.7552737515036791 -0.023227475907852235 11.0232
0.7229750262515429 0.6904481204024497 0.024259110645393656 4.24483 -0.000370575640392945 0.035501195623633686 -0.9993695651674548 5.63019 -0.6908740652899601 0.7225102477764707 0.02592234109233399 11.0704
0.7044928292594872 0.7088938651832013 0.034049103183258045 4.24047 -0.026079276526162154 0.07380131696604791 -0.9969319118926572 5.62484 -0.7092317850025018 0.7014434072109439 0.07047993773029987 11.0801
0.681087715256517 0.7311470443892801 0.03928770300587453 4.24944 -0.0708730626117079 0.11923550904421903 -0.9903332279485543 5.64438 -0.7287637018421642 0.6717193557310867 0.13302847068774154 11.0603
0.6626440943083525 0.747346645289415 0.04874213837041197 4.2512 -0.10570540605198042 0.15775848944616228 -0.9818037615221541 5.64718 -0.7414372336278028 0.6454341568140954 0.18353631196040904 11.0622
0.6440702936493783 0.7626737425617058 0.05917955090505711 4.25454 -0.14592849431568555 0.1984391916598009 -0.9691887131824026 5.65276 -0.7509183253757764 0.6155896763431996 0.23910461935001176 11.0617
0.6263379752486707 0.7765998249254435 0.06777501521331897 4.26112 -0.18564497990403966 0.23303311681133182 -0.9545844687117135 5.66509 -0.7571239543151597 0.5853104119994503 0.29012934944126123 11.0598
0.6094120536051763 0.7887181921788367 0.08087374262929714 4.25078 -0.22039308982953637 0.2665006687624566 -0.9382986089217833 5.67818 -0.7616060890487364 0.5539864681337545 0.33623675921674134 11.0749
0.5996810452438993 0.795315309553627 0.0886352207917514 4.25405 -0.2557206325402423 0.29540561391676634 -0.9205120756186073 5.68526 -0.7582806881811 0.5293477889403871 0.38052768135251436 11.0749
0.5917844383371881 0.8003852066394832 0.09578465187393342 4.25759 -0.29399241680966637 0.3249420681760151 -0.8988776953445365 5.69486 -0.7505728728113947 0.5037818707756023 0.42760284058631326 11.076
0.5746649038755142 0.8108377773121592 0.11091594627114382 4.22179 -0.3189860858431496 0.34673306086119565 -0.8820567224075179 5.72607 -0.7536631378090697 0.4715063980364461 0.45790128992882684 11.128
0.5666761324769661 0.8152947194798328 0.11904907084579996 4.21044 -0.34533691989097853 0.3662018243583668 -0.8640825398055533 5.74028 -0.7480779188300906 0.44854291235611365 0.4890692007619535 11.1504
0.5655129272822134 0.8155533897785865 0.12275095721565188 4.19686 -0.3711979178382714 0.3845994853938695 -0.8451599503214186 5.7478 -0.7364830173664794 0.43238397779685067 0.5202277009880756 11.1551
0.5622831209745124 0.8170360220367563 0.12763162053940513 4.18485 -0.39915948594838063 0.40332781817016977 -0.8234065677825959 5.76087 -0.7242302097017124 0.41204224271844175 0.5529121029340651 11.1653
0.564597699856367 0.8158940785571993 0.12468476206898116 4.17793 -0.4230621178263514 0.4157891091923126 -0.8050700970333861 5.77097 -0.7086944911435267 0.401791325506614 0.5799274514716958 11.1714
0.5713609104361358 0.8122822565623224 0.11723585500865874 4.1698 -0.4401155708923512 0.42383205971943483 -0.791621544307683 5.77352 -0.6927084482548842 0.40070428102030886 0.5996591405859729 11.1728
0.5757542658489869 0.8107087452308226 0.10610539931106083 4.17053 -0.4600357841548373 0.42849168834139295 -0.7776644201192354 5.78542 -0.6759246279384545 0.3989313267075024 0.6196609507768371 11.1738
0.5811769283590095 0.808202282187447 0.09509179254903694 4.1588 -0.47121938393692697 0.4294948506382924 -0.7703807276128435 5.799 -0.6634648974477022 0.4029184090385959 0.6304530795487615 11.1734
0.5855307696967104 0.8051732844470623 0.09407284279274175 4.12808 -0.475571850855969 0.43516216678623937 -0.7645033049446764 5.81081 -0.6564945791183701 0.4029018126177085 0.637718587605504 11.1713
0.5912325224052993 0.80265078101016 0.07871358328806544 4.12475 -0.48362116935454513 0.43094643214097983 -0.7618370804687193 5.82061 -0.6454104655197415 0.41235530355354943 0.6429684553917483 11.1764
0.5977856237604058 0.7992973887055052 0.061449429891115626 4.13136 -0.49270134905528284 0.42678743915013506 -0.7583520702304267 5.82617 -0.6323746742750589 0.42305574832665993 0.6489422972370369 11.1783
0.6067160983110156 0.7936385388791956 0.04509374298008595 4.14221 -0.49747040011549065 0.42332533503964226 -0.7571782232225834 5.8249 -0.6200151426047528 0.43695941495666446 0.6516499770747619 11.1687
0.6135875147695418 0.7886551442957316 0.03915897208579777 4.15516 -0.49862685687966113 0.42543974383023053 -0.7552299530394554 5.81619 -0.6122757706436271 0.4438739547952174 0.6542891508631378 11.1525
0.619953042770433 0.7841641853811188 0.027290202000866237 4.17473 -0.5018410499781627 0.42300763357858434 -0.7544667669891505 5.8077 -0.6031697815014416 0.45403862423786423 0.6557706476990951 11.1429
0.6256234711722237 0.7800954089709572 0.006813605569177428 4.18348 -0.5074832352567592 0.41359542761890306 -0.7559097751623993 5.81015 -0.5924998213094668 0.4694571068321059 0.6546403490414245 11.1545
0.6272859797139457 0.7785068869762277 -0.02096011891421251 4.21387 -0.5179687945829485 0.3969556813796303 -0.7577166454940267 5.81914 -0.5815673886082355 0.48616171584259504 0.6522470073188388 11.173
0.631693879230837 0.7738435565209042 -0.046141011837354196 4.20384 -0.5243635429168846 0.38268707423843284 -0.7606533231837488 5.82973 -0.570969104069519 0.5046947129125748 0.6475164314178787 11.2105
0.6355933396181845 0.7696676181200693 -0.06027324655584454 4.15352 -0.5224806139691124 0.3713596907067501 -0.767532402016127 5.84695 -0.5683617814908581 0.5193300855290067 0.6381701556833977 11.2562
0.6456625098026965 0.7595306505503738 -0.07895007479292426 4.09061 -0.5215374802812538 0.36309074434961364 -0.7721164212924911 5.85981 -0.5577800463418919 0.5397020495071043 0.6305577829673245 11.2989
0.6410122857926814 0.7636306896112359 -0.07727495937695428 4.06296 -0.5062263873616375 0.3449557595243764 -0.7904051927396137 5.87273 -0.5769212200999606 0.5457780628193375 0.607690885190443 11.347
0.6515238135924252 0.752014980373384 -0.09995093604364874 3.99762 -0.5087123408145606 0.33534294577047374 -0.7929419039406046 5.88894 -0.5627863490037341 0.5674668078539923 0.601043215883057 11.4072
0.6609701681697765 0.7365888361675775 -0.14337127753811374 4.01883 -0.5252352672752513 0.3176549934006794 -0.789444880392488 5.88614 -0.5359536834465387 0.5971031666311172 0.5968429086444602 11.4509
0.6685794586145833 0.7209624637518418 -0.1822488227108872 4.0114 -0.5402071322466447 0.3024435637387982 -0.7853051286110585 5.89276 -0.5110555368925047 0.6234909916060128 0.5916766191068091 11.4942
0.6729228804227388 0.7037946462782023 -0.2277013238294939 4.02462 -0.5598197811547772 0.28333864094007166 -0.7786661846889525 5.89816 -0.48350450838785486 0.6514539971635548 0.5846632192538244 11.5466
0.6892176645179875 0.6765440375156728 -0.25935916451585583 4.00146 -0.5687038753700207 0.2833251549360913 -0.7722064223506301 5.88886 -0.44894867530207816 0.6797168689111898 0.5800259175778937 11.5617
0.6963395243417929 0.6519330395674997 -0.30015758987526314 4.01117 -0.5885213838142259 0.2792899846956214 -0.7587092231165431 5.89251 -0.4107966012917274 0.7049683796944375 0.5781571896968549 11.5748
0.7040610887353348 0.6269308498991494 -0.3335501353223311 4.00436 -0.6068639094079796 0.2872402113326461 -0.7410865377617114 5.89487 -0.3688010016077486 0.7241897337288808 0.5826963624176954 11.5722
0.7130483255269433 0.5960545378397759 -0.36916266520848695 4.01452 -0.6262027964212118 0.30461758875685596 -0.7176894748944096 5.87369 -0.31532862733579503 0.7429179716096321 0.5904580800039518 11.5656
0.7157166817995065 0.5698221622895187 -0.40379739320307795 3.99859 -0.6443533231302686 0.3157723140546602 -0.696488794344564 5.86096 -0.2693667135428639 0.7586768409805734 0.5931703166838798 11.5688
0.6888219439841341 0.5727796456865435 -0.4443509952426302 4.01259 -0.6759100324846476 0.28587397521945374 -0.6792802796186782 5.82489 -0.26204953247911145 0.7682444583460558 0.584063776267673 11.634
0.6620982896369406 0.5847673276406261 -0.46869289239744033 4.02076 -0.7023912770888988 0.26616044925082183 -0.6601553674128738 5.79953 -0.261289779228472 0.766293538912238 0.5869598482793307 11.6899
0.6470474724625912 0.5965494002327444 -0.4748245796730889 4.01319 -0.7126664058683109 0.2518588618267634 -0.6547317829967256 5.76864 -0.2709910742561765 0.7620340719425087 0.5881053569490786 11.7405
0.6223650037019064 0.6109685920072336 -0.489263918297502 4.02013 -0.7326254880632095 0.23465845419949527 -0.6389016388403207 5.73683 -0.2755389199501049 0.7560772377564359 0.5936543726271439 11.7885
0.5962926191728407 0.6252723949546505 -0.5034575895025022 4.01634 -0.7495436326720973 0.20910095065207057 -0.6280614103390824 5.71164 -0.2874360016433402 0.7518718139045225 0.5933542958597449 11.8497
0.5536379016624448 0.6590027412961615 -0.5091173350092779 4.02814 -0.7644878612896583 0.15977742931782124 -0.62452340470262 5.72317 -0.3302171766937164 0.7349738499053777 0.5922584369780627 11.8414
0.5250022679480704 0.6863670835645931 -0.5032622032781895 4.03912 -0.7838735309648207 0.1596080796108426 -0.6000562876728177 5.72448 -0.3315341703386351 0.7095248322095387 0.6218195931103322 11.8427
0.5029626689109187 0.7116345235072762 -0.49051489134844634 4.04813 -0.7882212232541413 0.14482932488056555 -0.5981068214511395 5.71576 -0.3545925223319735 0.6874596508939358 0.6337691784072788 11.8276
0.4930775608688922 0.7258982459365878 -0.47952711655731056 4.04926 -0.7616745109149822 0.09385178545318473 -0.6411269623012836 5.69448 -0.42038846129503377 0.6813689007530606 0.599174400902241 11.823
0.4670588840273817 0.7395728336182245 -0.4846524761362591 4.05385 -0.7718347977640537 0.07356775453997255 -0.6315527139142615 5.68013 -0.4314244358072678 0.6690439516697365 0.6051885218033501 11.8532
0.4437501369433495 0.7245563706690092 -0.5273555552809809 4.10221 -0.810719535402924 0.07382321352876076 -0.5807615414783885 5.62658 -0.38186339295463445 0.6852504643320135 0.6201710653149937 11.8867
0.44002184043247355 0.7368443024852543 -0.5132652860241353 4.19704 -0.7779144706214912 0.027254429336085184 -0.6277788404201349 5.54753 -0.4485865093157659 0.6755128940120855 0.5851943896546796 11.8501
0.43637415535196733 0.7520773168214525 -0.4939203438445326 4.26169 -0.7076282405231888 -0.05219225915613185 -0.7046546964990972 5.4569 -0.5557336320170958 0.6570050818729056 0.5094157954345975 11.8477
0.41802047872155135 0.7263269358549568 -0.5456263021711425 4.34398 -0.7184533607935902 -0.10324767549326552 -0.6878696721542774 5.35991 -0.5559529186305265 0.6795506601842038 0.4786723853633218 11.8041
0.38112001016067715 0.6705050570946431 -0.6365300513452877 4.43186 -0.776018719850122 -0.1422329102601536 -0.6144629734012498 5.23864 -0.5025360527338344 0.7281433702571468 0.46611666785608546 11.8109
0.3231961421252665 0.6633420933135907 -0.6749233445019426 4.46286 -0.7940484894038475 -0.19789396066127607 -0.5747390510564432 5.1486 -0.514811859023092 0.7216753061953392 0.46276722251802915 11.8625
0.2002558867711725 0.7464942701422816 -0.6345422637289292 4.44504 -0.6718203640494058 -0.3667902183849864 -0.6435233749799756 5.12625 -0.7131304076128121 0.555167758737696 0.4280581518861056 11.995
0.28950634564266925 0.7703533280273458 -0.5681037104524315 4.29912 -0.7443680902819017 -0.1919319926150192 -0.6395922579119474 5.06663 -0.6017493016221142 0.6080442913209704 0.5178609058321327 11.7805
0.24417966247730125 0.7961504333475343 -0.5536431882656957 4.28079 -0.7299428498625636 -0.22495721254414525 -0.6454282984645832 5.07513 -0.638404047893644 0.5617283507220385 0.5262143400061504 11.7754
0.2389592897581894 0.8352451494842229 -0.4952413533837214 4.24112 -0.6975188722733682 -0.20717192406398283 -0.6859644427389193 5.11796 -0.6755485775728867 0.5093577663516142 0.5330935989078691 11.7235
0.19545338240655274 0.8762845005375399 -0.4403674027712679 4.19976 -0.6441416259655615 -0.2238864328886938 -0.7314071580637007 5.17927 -0.7395130431603494 0.42661497780323027 0.520691962401638 11.6933
0.13719719315443973 0.8809928605363152 -0.4528007397018957 4.26422 -0.7427241574383047 -0.21095969298685202 -0.6354973122621791 5.17223 -0.6553913000247286 0.42349449538209305 0.6253916023044781 11.7285
0.0681694137638098 0.927346834002512 -0.3679412731573015 4.28189 -0.7690327446132391 -0.1860993306217913 -0.6115191549369078 5.18133 -0.6355639769053365 0.3246457894500385 0.7004737986910248 11.7474
