0 0 0 0 0 0 1
-0.0184692 -0.00524772 0.0154687 -0.00967353 -0.00602199 -0.000438723 0.999935
-0.0203917 -0.0192855 0.0367855 -0.0286533 0.00184991 0.00333192 0.999582
-0.0252311 -0.04224 0.0542099 -0.0586896 -0.000418737 -0.00661977 0.998254
-0.0369547 -0.0632581 0.0721774 -0.0877319 0.0102431 -0.010258 0.996039
-0.0386406 -0.0739983 0.0833454 -0.106904 0.0222404 -0.0116469 0.993952
-0.0313317 -0.0757041 0.088909 -0.113223 0.0274268 -0.0136041 0.993098
-0.0118601 -0.0761185 0.0749154 -0.118227 0.00901936 -0.0224402 0.992692
-0.013952 -0.0798051 0.0644224 -0.125468 0.0179071 -0.0240335 0.991645
-0.0431851 -0.0843977 0.046345 -0.134546 0.0306805 -0.0251832 0.990112
-0.054122 -0.0829491 0.0250687 -0.138092 0.0446445 -0.0253928 0.989087
-0.0576321 -0.0797738 0.00189229 -0.139504 0.0546492 -0.0192593 0.988525
-0.0678427 -0.0799135 -0.01805 -0.147809 0.0675527 -0.0206805 0.986489
-0.062767 -0.0814299 -0.0399284 -0.153602 0.0688747 -0.0138412 0.985632
-0.0557169 -0.0803015 -0.0600721 -0.160149 0.0671195 -0.0135961 0.984714
-0.0505468 -0.0803795 -0.0667965 -0.1716 0.0734085 -0.0179858 0.982263
-0.0386022 -0.0764298 -0.0725573 -0.179478 0.0758341 -0.021094 0.980608
-0.0723072 -0.0776836 -0.0851924 -0.182167 0.0914753 -0.0217079 0.978763
-0.144985 -0.0695162 -0.0920444 -0.19114 0.0936396 -0.0214653 0.97685
-0.23437 -0.0567503 -0.0918619 -0.199415 0.103925 -0.0238205 0.974097
-0.307286 -0.042605 -0.0991783 -0.192951 0.111531 -0.0139133 0.97475
-0.355586 -0.0376658 -0.0940466 -0.190041 0.121696 -0.0204172 0.973991
-0.397737 -0.0284353 -0.0927036 -0.185483 0.121637 -0.040694 0.974241
-0.451712 -0.015975 -0.0729198 -0.186317 0.137503 -0.0477582 0.971647
-0.455261 -0.0142252 -0.0616462 -0.193369 0.128498 -0.0447578 0.971645
-0.463839 -0.00769643 -0.0552432 -0.198953 0.119695 -0.0448862 0.971636
-0.473282 0.00531041 -0.0678972 -0.204065 0.11465 -0.0380468 0.971476
-0.455669 0.021375 -0.0620376 -0.205729 0.109778 -0.0474075 0.971276
-0.466959 0.0219563 -0.0588971 -0.212689 0.0937972 -0.0392407 0.971816
-0.464021 0.0148202 -0.0618294 -0.219472 0.0665154 -0.0300757 0.972884
-0.463586 0.0194108 -0.0573265 -0.223468 0.0417574 -0.0247106 0.973503
-0.484945 0.0486174 -0.0243975 -0.223879 0.0399004 -0.0259401 0.973454
-0.50669 0.0826521 0.0347607 -0.22433 0.0398008 -0.026217 0.973347
-0.519586 0.115212 0.0920369 -0.223863 0.0391788 -0.0265498 0.973471
-0.529844 0.143472 0.142912 -0.223155 0.0388526 -0.0265892 0.973645
-0.536934 0.173181 0.191708 -0.221447 0.0381977 -0.0268583 0.974054
-0.546551 0.195149 0.228107 -0.219577 0.0383056 -0.0269124 0.974471
-0.556892 0.214354 0.261458 -0.217333 0.0388565 -0.0271955 0.974945
-0.560925 0.235298 0.292747 -0.2142 0.0386171 -0.0270989 0.97565
-0.564728 0.253519 0.316421 -0.210426 0.0385109 -0.0268746 0.976481
-0.568573 0.266291 0.334055 -0.206755 0.0386716 -0.0263297 0.977273
-0.568962 0.276665 0.346543 -0.202524 0.0382512 -0.0254024 0.9782
-0.56928 0.282605 0.352793 -0.198048 0.0378729 -0.0241818 0.979162
-0.571918 0.285882 0.353909 -0.193266 0.038185 -0.0228763 0.980136
-0.576899 0.291972 0.358135 -0.188361 0.0389677 -0.021808 0.981084
-0.580904 0.299555 0.366396 -0.183181 0.0392946 -0.0203267 0.982083
-0.582521 0.308455 0.384109 -0.178325 0.0393344 -0.0185828 0.983009
-0.589569 0.323142 0.399604 -0.172186 0.0403428 -0.0167203 0.984096
-0.591131 0.336558 0.423998 -0.166926 0.040187 -0.0146045 0.985042
-0.592748 0.350883 0.43506 -0.16099 0.039428 -0.0129626 0.986083
-0.585508 0.3656 0.461675 -0.155739 0.0370034 -0.0110722 0.987043
-0.580397 0.380324 0.491 -0.150857 0.0347599 -0.00908451 0.987903
-0.578395 0.398988 0.519621 -0.145534 0.0327928 -0.00736601 0.988782
-0.574508 0.420506 0.555277 -0.140447 0.0302593 -0.00573799 0.989609
-0.57202 0.444696 0.593772 -0.135379 0.027845 -0.00405452 0.990394
-0.566823 0.471994 0.636865 -0.130283 0.0244608 -0.002641 0.991172
-0.5623 0.499623 0.686352 -0.126018 0.0210921 -0.000818539 0.991803
-0.552699 0.530191 0.737877 -0.121934 0.0159293 0.000993712 0.99241
-0.545367 0.56464 0.791492 -0.11779 0.0106355 0.00214502 0.992979
-0.539077 0.600268 0.843905 -0.114212 0.00513945 0.00334982 0.993437
-0.532838 0.638487 0.90126 -0.111072 -0.00151483 0.0045479 0.993801
-0.525074 0.671661 0.949139 -0.109173 -0.00921638 0.00567639 0.993964
-0.521312 0.698485 0.971648 -0.107324 -0.0148135 0.00507294 0.994101
-0.521713 0.726195 0.98682 -0.105876 -0.0197644 0.00306736 0.994178
-0.516405 0.753313 0.997004 -0.103879 -0.0245178 -0.0016568 0.994286
-0.516421 0.77922 0.993239 -0.102424 -0.0283825 -0.0065478 0.994314
-0.515288 0.801427 0.962194 -0.101314 -0.0326436 -0.00932753 0.994275
-0.517168 0.825223 0.937298 -0.100226 -0.0363845 -0.0130819 0.994213
-0.521741 0.853177 0.925673 -0.0989223 -0.0410759 -0.0173176 0.994096
-0.523326 0.882749 0.921735 -0.0981252 -0.0465552 -0.0214092 0.993854
-0.514253 0.913227 0.915839 -0.0975003 -0.0532544 -0.0267319 0.99345
-0.507315 0.933135 0.928194 -0.0985062 -0.0594721 -0.0304964 0.99289
-0.493453 0.953313 0.935724 -0.0994686 -0.0649468 -0.0351535 0.992296
-0.443123 1.00549 1.00993 -0.0991731 -0.074955 -0.0382562 0.991505
-0.406091 1.02565 1.04169 -0.10007 -0.0819411 -0.0428573 0.990674
-0.39238 1.05432 1.0924 -0.100232 -0.0873614 -0.0475782 0.989979
-0.380448 1.08476 1.14436 -0.100102 -0.092642 -0.0512221 0.98933
-0.371647 1.12472 1.21025 -0.0992303 -0.0973255 -0.0549644 0.988767
-0.35493 1.16984 1.26761 -0.0976808 -0.101682 -0.0583172 0.988291
-0.337551 1.21814 1.33777 -0.0959366 -0.105797 -0.0614857 0.987837
-0.324922 1.25312 1.40695 -0.0953049 -0.108791 -0.0652884 0.987329
-0.318984 1.27915 1.4578 -0.0959974 -0.109912 -0.0673209 0.987001
-0.316165 1.30306 1.4994 -0.0960636 -0.109461 -0.0711327 0.986778
-0.313661 1.32428 1.5404 -0.09501 -0.108106 -0.076193 0.986651
-0.305831 1.34964 1.5915 -0.093532 -0.106989 -0.081299 0.986507
-0.305552 1.37941 1.63573 -0.0917119 -0.104098 -0.0864838 0.986546
-0.311009 1.40252 1.64171 -0.0907111 -0.0970821 -0.0915234 0.986899
-0.304116 1.4309 1.65924 -0.088342 -0.0937627 -0.0949869 0.987108
-0.313427 1.45257 1.66 -0.0865622 -0.0854124 -0.0999614 0.987532
-0.315671 1.46484 1.66103 -0.0851141 -0.0818124 -0.10144 0.987812
-0.318527 1.48428 1.66642 -0.0831373 -0.0784108 -0.102372 0.98816
-0.322235 1.50163 1.67299 -0.0814774 -0.0746352 -0.102744 0.988552
-0.324549 1.51928 1.68094 -0.0795796 -0.0713161 -0.102548 0.988972
-0.324017 1.5304 1.6847 -0.0783217 -0.0694298 -0.100757 0.98939
-0.325824 1.541 1.69183 -0.0768016 -0.065947 -0.10041 0.989783
-0.328007 1.53956 1.6885 -0.0770121 -0.0636145 -0.0974365 0.990216
-0.3294 1.54241 1.68982 -0.0763958 -0.0612846 -0.0949648 0.990651
-0.332488 1.54511 1.69388 -0.0760304 -0.0574985 -0.0925133 0.991138
-0.332077 1.5352 1.68045 -0.0765636 -0.0587591 -0.0810855 0.992023
-0.327997 1.53473 1.67883 -0.0765565 -0.0599371 -0.0702449 0.99278
-0.330325 1.54105 1.68378 -0.0763054 -0.0546927 -0.0664619 0.993362
-0.337735 1.54048 1.68875 -0.0774618 -0.0478295 -0.0604259 0.994012
-0.345997 1.53919 1.70323 -0.0781503 -0.0382718 -0.0550883 0.994682
-0.35079 1.53098 1.70658 -0.0798761 -0.0340288 -0.0448263 0.995215
-0.347768 1.51985 1.70138 -0.0820833 -0.0383272 -0.030243 0.995429
-0.342551 1.50523 1.69936 -0.0867183 -0.0422975 -0.0147275 0.995226
-0.333906 1.47637 1.66821 -0.0967689 -0.0516075 0.0200022 0.993767
-0.32628 1.43962 1.63866 -0.10312 -0.0600784 0.0478787 0.991698
-0.321641 1.41023 1.60737 -0.107354 -0.0665519 0.0663544 0.989769
-0.357999 1.38157 1.55455 -0.110034 -0.0528 0.0750597 0.989682
-0.3534 1.35642 1.52302 -0.111888 -0.0607921 0.0841229 0.988286
-0.378485 1.33277 1.51754 -0.114993 -0.0497726 0.0829113 0.988648
-0.366139 1.31158 1.47499 -0.116347 -0.0651413 0.0972228 0.98629
-0.409106 1.29787 1.47703 -0.12152 -0.0616008 0.099963 0.985619
-0.469077 1.2362 1.42815 -0.127332 -0.0598234 0.0887094 0.986072
-0.519721 1.17404 1.35209 -0.131105 -0.0565478 0.0826157 0.9863
-0.567485 1.09764 1.27628 -0.137021 -0.0530981 0.0785525 0.98602
-0.60606 1.05558 1.20411 -0.139062 -0.050639 0.0834539 0.985461
-0.642137 1.03341 1.15578 -0.140638 -0.0482224 0.095468 0.984267
-0.673264 1.00853 1.08533 -0.140687 -0.0451513 0.107814 0.98313
-0.693903 0.981802 1.01962 -0.140726 -0.0436154 0.115844 0.98228
-0.711732 0.9485 0.939884 -0.141135 -0.0427587 0.121788 0.98154
-0.724648 0.913778 0.856975 -0.141733 -0.042418 0.125547 0.980995
-0.731342 0.881661 0.768171 -0.141558 -0.0430557 0.128745 0.980578
-0.736082 0.857383 0.689166 -0.141441 -0.0438873 0.133187 0.979964
-0.727204 0.843518 0.621218 -0.141708 -0.046152 0.141395 0.978671
-0.719698 0.819809 0.544486 -0.143183 -0.0482898 0.148889 0.97724
-0.72074 0.793041 0.462133 -0.141999 -0.050443 0.150891 0.976997
-0.729493 0.761066 0.377973 -0.141362 -0.0524126 0.152141 0.976792
-0.727459 0.728935 0.296525 -0.140618 -0.0553805 0.152354 0.976703
-0.733667 0.698745 0.218006 -0.139458 -0.0579076 0.152549 0.976692
-0.732518 0.668436 0.146903 -0.138493 -0.0613697 0.151987 0.976705
-0.735234 0.639257 0.0713013 -0.137327 -0.0646085 0.152179 0.976631
-0.737792 0.609354 -0.00210185 -0.136259 -0.0670782 0.151729 0.976684
-0.738624 0.580627 -0.0745718 -0.134688 -0.0700994 0.151211 0.97677
-0.738924 0.553222 -0.142736 -0.133235 -0.0732892 0.150577 0.976833
-0.738617 0.525154 -0.210005 -0.131686 -0.0764249 0.149489 0.97697
-0.737171 0.499925 -0.272054 -0.129828 -0.0799328 0.148451 0.977097
-0.734282 0.473289 -0.333346 -0.128147 -0.082896 0.147071 0.97728
-0.732784 0.449687 -0.389077 -0.126226 -0.0855822 0.145744 0.977497
-0.730503 0.427136 -0.441243 -0.124396 -0.0883243 0.144707 0.977642
-0.726903 0.402846 -0.495188 -0.122496 -0.0907205 0.143289 0.977872
-0.724762 0.381826 -0.542972 -0.120344 -0.0929089 0.141886 0.978138
-0.722055 0.362097 -0.587628 -0.118099 -0.095114 0.140504 0.978399
-0.718042 0.34376 -0.628053 -0.115902 -0.0972562 0.139411 0.978607
-0.715167 0.326769 -0.665451 -0.113447 -0.0990735 0.137832 0.978936
-0.713858 0.311673 -0.697828 -0.110882 -0.100591 0.136056 0.979324
-0.711557 0.296727 -0.728644 -0.108444 -0.102119 0.134496 0.979654
-0.709514 0.283162 -0.758029 -0.105637 -0.103477 0.132546 0.980084
-0.706817 0.271356 -0.782195 -0.103013 -0.105244 0.130967 0.980388
-0.703601 0.259734 -0.805865 -0.100404 -0.106743 0.129389 0.980706
-0.702676 0.250543 -0.823174 -0.0976718 -0.108257 0.127702 0.981037
-0.702073 0.242765 -0.837782 -0.0949302 -0.10958 0.125832 0.9814
-0.701172 0.238071 -0.846006 -0.0921593 -0.111248 0.124228 0.981681
-0.700736 0.23352 -0.851546 -0.0895984 -0.112685 0.12222 0.982006
-0.699263 0.231054 -0.853254 -0.0871068 -0.114616 0.120652 0.982201
-0.69799 0.226319 -0.858951 -0.0846318 -0.116467 0.118966 0.982405
-0.697714 0.220939 -0.86684 -0.0821645 -0.118228 0.117054 0.982634
-0.695334 0.214698 -0.879242 -0.079565 -0.120409 0.115696 0.982744
-0.693243 0.209013 -0.892334 -0.0768619 -0.122807 0.113956 0.982866
-0.694031 0.19758 -0.911285 -0.0749027 -0.124549 0.111968 0.983026
-0.695465 0.186051 -0.931235 -0.0729574 -0.126082 0.110199 0.983177
-0.691977 0.174879 -0.956522 -0.070729 -0.128612 0.108562 0.983194
-0.690544 0.15995 -0.982221 -0.0692294 -0.13061 0.106852 0.983225
-0.686507 0.147507 -1.00905 -0.0672851 -0.133396 0.105713 0.983109
-0.682695 0.136694 -1.03986 -0.0648612 -0.13613 0.104513 0.983025
-0.679324 0.119975 -1.07514 -0.0633465 -0.138675 0.103487 0.982877
-0.673869 0.102919 -1.11638 -0.0617185 -0.140956 0.102507 0.982759
-0.671014 0.0847231 -1.15829 -0.06038 -0.143023 0.101863 0.98261
-0.668844 0.0660021 -1.20195 -0.0591249 -0.144667 0.101099 0.982525
-0.664584 0.0467128 -1.24718 -0.0582688 -0.146345 0.101038 0.982334
-0.662473 0.0256912 -1.29646 -0.0576594 -0.147496 0.101306 0.98217
-0.65437 0.00148332 -1.34816 -0.0577256 -0.148909 0.10151 0.981932
-0.652657 -0.0234639 -1.40199 -0.0580142 -0.149224 0.102337 0.981781
-0.647838 -0.0493592 -1.45845 -0.0585389 -0.14961 0.103547 0.981564
-0.641044 -0.0792639 -1.5215 -0.059639 -0.149324 0.104979 0.981389
-0.635318 -0.112024 -1.58759 -0.0612263 -0.14819 0.106869 0.981259
-0.633711 -0.147617 -1.65706 -0.0632927 -0.145915 0.109019 0.981233
-0.627722 -0.183349 -1.72664 -0.0658921 -0.143795 0.112073 0.98103
-0.624226 -0.221097 -1.79951 -0.0689126 -0.140767 0.115661 0.980846
-0.621825 -0.260157 -1.8727 -0.0724945 -0.13719 0.120116 0.980559
-0.614264 -0.300531 -1.94756 -0.0765334 -0.133369 0.125258 0.980136
-0.610079 -0.34675 -2.03175 -0.080963 -0.127886 0.13023 0.979862
-0.6034 -0.389361 -2.10904 -0.0857685 -0.122804 0.136422 0.979261
-0.59922 -0.432509 -2.18252 -0.0910507 -0.117159 0.142813 0.978564
-0.596074 -0.473855 -2.25181 -0.0964075 -0.111389 0.149711 0.977694
-0.595715 -0.521717 -2.32509 -0.102408 -0.104808 0.156909 0.976682
-0.589854 -0.563788 -2.3994 -0.107565 -0.0984604 0.164015 0.97562
-0.584143 -0.605968 -2.47108 -0.113179 -0.0922104 0.17179 0.974257
-0.581601 -0.64849 -2.53814 -0.11899 -0.0854322 0.179367 0.972816
-0.577388 -0.688215 -2.60673 -0.124281 -0.0788447 0.187055 0.971261
-0.568958 -0.734349 -2.69479 -0.129005 -0.0719753 0.194604 0.969694
-0.578044 -0.758834 -2.72239 -0.134642 -0.0654655 0.201644 0.967949
-0.57095 -0.803709 -2.80478 -0.139231 -0.0591935 0.209224 0.966093
-0.560573 -0.850687 -2.89479 -0.143617 -0.0531086 0.216314 0.964242
-0.555767 -0.892935 -2.96466 -0.148408 -0.0474374 0.222961 0.962296
-0.547635 -0.940611 -3.04992 -0.152581 -0.0413079 0.229539 0.960377
-0.548645 -0.971345 -3.09706 -0.15676 -0.0363852 0.235115 0.958553
-0.54446 -1.0134 -3.16703 -0.160382 -0.0312421 0.240121 0.956893
-0.549487 -1.04152 -3.20345 -0.163892 -0.0264171 0.244925 0.955224
-0.551932 -1.06751 -3.24304 -0.166378 -0.0228398 0.248923 0.953852
-0.551819 -1.09558 -3.29065 -0.168264 -0.0207943 0.248375 0.953711
-0.554985 -1.1206 -3.32906 -0.1699 -0.0189144 0.247627 0.953655
-0.557173 -1.1434 -3.36288 -0.17136 -0.0178766 0.247593 0.953422
-0.552389 -1.17291 -3.41508 -0.172342 -0.0175364 0.24784 0.953187
-0.546304 -1.2067 -3.47523 -0.173118 -0.0173181 0.247697 0.953088
-0.536314 -1.24368 -3.54393 -0.173877 -0.0173324 0.247876 0.952903
-0.523683 -1.28379 -3.62044 -0.174426 -0.0174473 0.248168 0.952724
-0.516535 -1.31648 -3.67915 -0.174723 -0.0175847 0.248284 0.952637
-0.504934 -1.35174 -3.74689 -0.174831 -0.0181436 0.248667 0.952507
-0.497529 -1.37888 -3.79874 -0.17472 -0.0187755 0.248904 0.952453
-0.487603 -1.40907 -3.8578 -0.174699 -0.0192398 0.249155 0.952382
-0.478851 -1.43702 -3.91242 -0.174702 -0.0195334 0.249196 0.952365
-0.47042 -1.46361 -3.96421 -0.174749 -0.0197046 0.249175 0.952358
-0.462903 -1.48781 -4.01178 -0.174821 -0.019623 0.249172 0.952348
-0.45687 -1.5104 -4.05625 -0.174912 -0.0190513 0.24884 0.952429
-0.451685 -1.53202 -4.0973 -0.175462 -0.0180724 0.248266 0.952497
-0.446842 -1.5513 -4.13413 -0.176245 -0.0167819 0.247881 0.952476
-0.441686 -1.56917 -4.16935 -0.17711 -0.0151738 0.247424 0.952462
-0.438136 -1.58593 -4.2009 -0.178501 -0.0127281 0.246644 0.95244
-0.435683 -1.60071 -4.22941 -0.180094 -0.00953803 0.245707 0.95242
-0.433314 -1.61435 -4.25534 -0.182161 -0.00595435 0.244396 0.952393
-0.43173 -1.62714 -4.27827 -0.184777 -0.00159871 0.243173 0.952219
-0.430382 -1.63899 -4.29911 -0.187624 0.00323134 0.242174 0.951913
-0.430212 -1.64839 -4.31544 -0.190801 0.00857994 0.240983 0.951551
-0.430209 -1.65477 -4.32947 -0.193606 0.0139458 0.239652 0.951257
-0.431303 -1.66075 -4.33886 -0.197247 0.019902 0.238265 0.950751
-0.431429 -1.66436 -4.34899 -0.19995 0.0256636 0.237595 0.950216
-0.434158 -1.67261 -4.35771 -0.204998 0.0322982 0.235716 0.949405
-0.435072 -1.68155 -4.37414 -0.208928 0.0385542 0.234366 0.948649
-0.439912 -1.69148 -4.38833 -0.213058 0.0455114 0.232468 0.947889
-0.440221 -1.70667 -4.41512 -0.217216 0.0513555 0.230946 0.947018
-0.447282 -1.71973 -4.43397 -0.221198 0.0582609 0.228817 0.946213
-0.456177 -1.7345 -4.45302 -0.225479 0.0650731 0.226245 0.945377
-0.464613 -1.75412 -4.47856 -0.230087 0.0713576 0.223482 0.94447
-0.472208 -1.77602 -4.5088 -0.234473 0.0770662 0.221058 0.943513
-0.476509 -1.80353 -4.54861 -0.239059 0.0814927 0.219086 0.942449
-0.47933 -1.83543 -4.59419 -0.243914 0.0849751 0.217342 0.941301
-0.484818 -1.86647 -4.63809 -0.248118 0.0882128 0.215496 0.940328
-0.498294 -1.89276 -4.66656 -0.252464 0.091763 0.212612 0.939488
-0.513334 -1.92165 -4.69511 -0.257009 0.0946759 0.209596 0.938644
-0.525152 -1.9515 -4.72818 -0.261065 0.0949688 0.206541 0.938172
-0.535718 -1.98485 -4.76783 -0.264777 0.0942396 0.203838 0.937796
-0.546766 -2.02239 -4.81171 -0.268677 0.0925727 0.200623 0.937546
-0.563235 -2.04872 -4.83239 -0.272342 0.0899212 0.197306 0.937451
-0.580573 -2.07223 -4.84402 -0.276753 0.0856762 0.193503 0.93735
-0.603546 -2.09502 -4.84974 -0.281223 0.0822593 0.188761 0.937292
-0.626202 -2.1184 -4.8584 -0.285197 0.0783229 0.184519 0.937273
-0.651206 -2.14244 -4.86648 -0.289277 0.074511 0.179913 0.937229
-0.674107 -2.16308 -4.86953 -0.293141 0.0697597 0.176464 0.93705
-0.693116 -2.18132 -4.87285 -0.296523 0.0639287 0.174042 0.936855
-0.707821 -2.19708 -4.87877 -0.298485 0.05769 0.173232 0.936787
-0.717756 -2.21664 -4.8926 -0.300558 0.0507532 0.172841 0.936598
-0.724101 -2.23666 -4.90971 -0.302225 0.0433726 0.173038 0.936396
-0.726296 -2.24715 -4.92093 -0.303154 0.0351413 0.174381 0.936191
-0.725841 -2.26328 -4.94375 -0.30338 0.0269536 0.175347 0.936209
-0.718363 -2.28307 -4.97527 -0.303594 0.0172496 0.176657 0.936123
-0.707538 -2.29794 -5.00388 -0.303262 0.0071787 0.17846 0.93602
-0.696958 -2.32256 -5.04876 -0.302861 -0.0012714 0.17891 0.93609
-0.687007 -2.3447 -5.08735 -0.302426 -0.00911405 0.178992 0.936172
-0.679638 -2.36433 -5.1204 -0.301721 -0.0156808 0.17853 0.9364
-0.673099 -2.37993 -5.14586 -0.300996 -0.0211775 0.17813 0.936602
-0.668492 -2.39133 -5.16399 -0.300079 -0.0255697 0.17739 0.936927
-0.664945 -2.40186 -5.18285 -0.298772 -0.029159 0.176231 0.937458
-0.661156 -2.41223 -5.20341 -0.297459 -0.031978 0.175089 0.937998
-0.65779 -2.42381 -5.22517 -0.296258 -0.0340549 0.173842 0.938536
-0.65682 -2.42864 -5.23756 -0.294561 -0.0356343 0.172404 0.939277
-0.656713 -2.43039 -5.24137 -0.292908 -0.0366061 0.170598 0.940086
-0.655741 -2.43543 -5.25263 -0.291025 -0.0371081 0.168683 0.940996
-0.655547 -2.4416 -5.267 -0.289098 -0.0373206 0.166624 0.941948
-0.655049 -2.45174 -5.287 -0.287264 -0.0372382 0.16426 0.942927
-0.653072 -2.46404 -5.31265 -0.285163 -0.0371551 0.161814 0.943991
-0.650647 -2.4738 -5.34505 -0.282854 -0.0368829 0.159136 0.94515
-0.647935 -2.47935 -5.37925 -0.280423 -0.0365243 0.156124 0.94639
-0.647716 -2.45182 -5.37874 -0.277693 -0.0362426 0.152787 0.94775
-0.652078 -2.41734 -5.34855 -0.274984 -0.0357409 0.148838 0.949186
-0.653398 -2.37897 -5.31746 -0.271598 -0.0354399 0.14533 0.950714
-0.656841 -2.33581 -5.2692 -0.268047 -0.0357681 0.14198 0.952215
-0.661408 -2.29251 -5.2182 -0.264338 -0.0364102 0.13826 0.953773
-0.665426 -2.24664 -5.16245 -0.260222 -0.0374489 0.134377 0.955419
-0.668271 -2.20386 -5.10422 -0.256278 -0.0391289 0.130647 0.956933
-0.669644 -2.16523 -5.04916 -0.252296 -0.0416961 0.127623 0.95829
-0.674847 -2.12593 -4.98529 -0.248056 -0.044505 0.122743 0.959907
-0.676952 -2.08236 -4.91577 -0.243343 -0.0483032 0.118028 0.96152
-0.680767 -2.0451 -4.85105 -0.238753 -0.0520878 0.11281 0.963098
-0.678446 -2.02426 -4.8073 -0.234442 -0.0561378 0.107204 0.964569
-0.683147 -2.00343 -4.76151 -0.22976 -0.0591687 0.100669 0.966217
-0.684839 -1.97937 -4.71192 -0.224742 -0.0633413 0.0943122 0.967773
-0.693919 -1.9454 -4.64281 -0.219652 -0.0671767 0.0882833 0.96925
-0.698287 -1.9089 -4.57405 -0.214673 -0.0712746 0.082585 0.970575
-0.713115 -1.86597 -4.50743 -0.209045 -0.0736086 0.0763144 0.972141
-0.722827 -1.83275 -4.45011 -0.203846 -0.0770023 0.0710108 0.973383
-0.730058 -1.7996 -4.39389 -0.198719 -0.0805538 0.0660037 0.974508
-0.753972 -1.76416 -4.34417 -0.1933 -0.0808825 0.0587012 0.976036
-0.759787 -1.73601 -4.29047 -0.188983 -0.0841264 0.0526857 0.976951
-0.757964 -1.70438 -4.23449 -0.184501 -0.0882273 0.0477914 0.977697
-0.76178 -1.66986 -4.1805 -0.17997 -0.0914089 0.0420614 0.978512
-0.76298 -1.64339 -4.13899 -0.176066 -0.0942236 0.0374802 0.979141
-0.756885 -1.6153 -4.08978 -0.172666 -0.0978436 0.0332728 0.979544
-0.750587 -1.59234 -4.03872 -0.170495 -0.101482 0.0293276 0.97968
-0.748801 -1.55739 -3.99411 -0.166961 -0.103803 0.025772 0.980145
-0.752787 -1.52563 -3.94509 -0.164856 -0.105056 0.0234942 0.980425
-0.758047 -1.49654 -3.89988 -0.163421 -0.105819 0.0206983 0.980646
-0.766367 -1.47368 -3.85268 -0.163128 -0.106069 0.0187718 0.980707
-0.766289 -1.44783 -3.79206 -0.163707 -0.107462 0.0168205 0.980494
-0.761173 -1.42905 -3.71929 -0.166393 -0.109478 0.0155064 0.979841
-0.769241 -1.39083 -3.66434 -0.165964 -0.109694 0.0145804 0.979903
-0.788722 -1.37258 -3.64239 -0.165883 -0.107459 0.0130524 0.980186
-0.801104 -1.3685 -3.63365 -0.166649 -0.106187 0.0119163 0.980209
-0.798127 -1.36024 -3.62344 -0.166962 -0.106584 0.0120869 0.980111
-0.784308 -1.38013 -3.64772 -0.167852 -0.107397 0.0125204 0.979865
-0.789612 -1.37727 -3.64413 -0.168433 -0.10616 0.0120495 0.979906
-0.778101 -1.37347 -3.64158 -0.168328 -0.107168 0.0121183 0.979813
-0.784065 -1.37567 -3.63847 -0.16907 -0.105546 0.0122038 0.97986
-0.775138 -1.37848 -3.63855 -0.169298 -0.105853 0.0119702 0.979791
-0.780486 -1.37539 -3.63098 -0.169081 -0.104425 0.0105402 0.979998
-0.784247 -1.36721 -3.61819 -0.168431 -0.102954 0.00947326 0.980276
-0.788775 -1.36107 -3.60572 -0.167497 -0.101438 0.00813723 0.980606
-0.7444 -1.39976 -3.65616 -0.166381 -0.104967 0.00757109 0.98043
-0.732075 -1.35948 -3.59614 -0.163433 -0.10731 0.00624785 0.980681
-0.725127 -1.36488 -3.59733 -0.161087 -0.106831 0.00352985 0.981135
-0.709486 -1.34305 -3.56465 -0.157272 -0.107959 0.0012865 0.981636
-0.66751 -1.31003 -3.49435 -0.15367 -0.114285 -0.00024194 0.981491
-0.62835 -1.2823 -3.41449 -0.151286 -0.119536 -0.00241339 0.981233
-0.579868 -1.27879 -3.39886 -0.14646 -0.123924 -0.00518775 0.98141
-0.527227 -1.23852 -3.32999 -0.140352 -0.129727 -0.00854708 0.981529
-0.459776 -1.22897 -3.31689 -0.133685 -0.135427 -0.0112113 0.981663
-0.389875 -1.20232 -3.26088 -0.127931 -0.141407 -0.0145851 0.981542
-0.303224 -1.19872 -3.24108 -0.121768 -0.147951 -0.0180621 0.981304
-0.219651 -1.19054 -3.21583 -0.115433 -0.15357 -0.0221446 0.981122
-0.142002 -1.16028 -3.16541 -0.109728 -0.158512 -0.0271766 0.980864
-0.191605 -1.12396 -3.16596 -0.105246 -0.165619 -0.0330923 0.979999
-0.208603 -1.10959 -3.21456 -0.0987716 -0.174216 -0.036046 0.979078
-0.227801 -1.09897 -3.26282 -0.0927892 -0.182734 -0.0384806 0.978017
-0.253651 -1.09184 -3.31481 -0.0869768 -0.189967 -0.0420098 0.977027
-0.263363 -1.09752 -3.38437 -0.081567 -0.197115 -0.0441302 0.975984
-0.167184 -1.12141 -3.4795 -0.0756135 -0.212741 -0.041962 0.973274
-0.13146 -1.08375 -3.46115 -0.0713083 -0.225473 -0.0399391 0.970815
0.0188335 -1.0568 -3.44331 -0.0658951 -0.251229 -0.0307634 0.965192
0.0260094 -1.04509 -3.4388 -0.0648114 -0.259065 -0.0304229 0.963203
0.0147941 -1.04887 -3.44287 -0.0661038 -0.264031 -0.0300172 0.961778
-0.0496362 -1.06458 -3.46954 -0.0693779 -0.261187 -0.0325655 0.962241
-0.0745403 -1.08028 -3.49192 -0.0729408 -0.262395 -0.0324628 0.961652
-0.0810326 -1.09906 -3.5163 -0.0766701 -0.264589 -0.0301291 0.960836
-0.0915833 -1.12084 -3.54495 -0.0818405 -0.263949 -0.0294334 0.960607
-0.0792233 -1.14396 -3.57344 -0.0869587 -0.265017 -0.0269256 0.959937
-0.0993617 -1.17899 -3.60337 -0.0946595 -0.262019 -0.0263584 0.960047
-0.145222 -1.22289 -3.63689 -0.103934 -0.256389 -0.0259546 0.960619
-0.156415 -1.25466 -3.66498 -0.111951 -0.25294 -0.0253698 0.960648
-0.188605 -1.28273 -3.70067 -0.120097 -0.246926 -0.0238949 0.961266
-0.229807 -1.32622 -3.72431 -0.130767 -0.23981 -0.0243016 0.961665
-0.295156 -1.36982 -3.73697 -0.143309 -0.229336 -0.0240663 0.962439
-0.311149 -1.36375 -3.72976 -0.151093 -0.22466 -0.0235605 0.962364
-0.31303 -1.34225 -3.705 -0.157428 -0.222746 -0.0182853 0.961908
-0.321416 -1.35808 -3.69748 -0.166705 -0.218575 -0.0179182 0.961308
-0.320293 -1.37276 -3.68912 -0.176255 -0.215428 -0.0178127 0.960316
-0.332777 -1.36508 -3.68515 -0.182686 -0.210328 -0.0168463 0.960263
-0.339957 -1.36443 -3.6725 -0.18978 -0.206043 -0.016089 0.959829
-0.358949 -1.34033 -3.65297 -0.194354 -0.200735 -0.0156132 0.960046
-0.375041 -1.32103 -3.62663 -0.198984 -0.196731 -0.0150862 0.959935
-0.388907 -1.32069 -3.60178 -0.204793 -0.193412 -0.0150718 0.959388
-0.399134 -1.32537 -3.57887 -0.211221 -0.190739 -0.0137257 0.958549
-0.410356 -1.32532 -3.54755 -0.216506 -0.189144 -0.0124925 0.957702
-0.428668 -1.30965 -3.50839 -0.219662 -0.187292 -0.0125328 0.957347
-0.448006 -1.29336 -3.47871 -0.220647 -0.185532 -0.0136116 0.957448
-0.456745 -1.28396 -3.45599 -0.222218 -0.184947 -0.0128941 0.957208
-0.46114 -1.28499 -3.44386 -0.223772 -0.184948 -0.0117455 0.956861
-0.456899 -1.30503 -3.45952 -0.223963 -0.185012 -0.0129369 0.956788
-0.464453 -1.29108 -3.44533 -0.22285 -0.185502 -0.011872 0.956967
-0.47124 -1.27757 -3.42957 -0.221422 -0.186395 -0.0113802 0.957131
-0.454576 -1.31222 -3.47275 -0.2194 -0.188034 -0.011897 0.95727
-0.450637 -1.33117 -3.49366 -0.21726 -0.189374 -0.0128043 0.957482
-0.449255 -1.34574 -3.51514 -0.2143 -0.190527 -0.0132128 0.957915
-0.443302 -1.36104 -3.5345 -0.211318 -0.192913 -0.0136408 0.958094
-0.438672 -1.38065 -3.55782 -0.208177 -0.194865 -0.013742 0.958385
-0.432564 -1.40471 -3.57912 -0.20557 -0.197508 -0.0133459 0.958412
-0.427157 -1.43116 -3.61167 -0.201989 -0.199565 -0.0139151 0.958739
-0.42254 -1.45763 -3.65615 -0.197383 -0.201049 -0.0142054 0.959384
-0.413347 -1.49011 -3.72422 -0.191511 -0.202031 -0.0152385 0.960351
-0.403727 -1.51382 -3.78113 -0.184934 -0.203956 -0.0152911 0.961232
-0.380059 -1.56858 -3.88488 -0.178756 -0.205215 -0.0165217 0.962112
-0.346631 -1.62784 -4.00606 -0.171371 -0.20707 -0.018181 0.963028
-0.28728 -1.70089 -4.15422 -0.163472 -0.211658 -0.0200298 0.963367
-0.239576 -1.71565 -4.20371 -0.155546 -0.219998 -0.0208031 0.962795
-0.204547 -1.72623 -4.23912 -0.147478 -0.227211 -0.0209118 0.962387
-0.308968 -1.73105 -4.20275 -0.146442 -0.218015 -0.0250548 0.964571
-0.315043 -1.76412 -4.24364 -0.141941 -0.220504 -0.0265049 0.964639
-0.335183 -1.79601 -4.26971 -0.138359 -0.221211 -0.0286809 0.964935
-0.345315 -1.82004 -4.30834 -0.133023 -0.221646 -0.0311234 0.96551
-0.358756 -1.83616 -4.34442 -0.127015 -0.222283 -0.0341382 0.96607
-0.367293 -1.84808 -4.36442 -0.121513 -0.224619 -0.035346 0.966194
-0.372465 -1.85697 -4.38345 -0.115424 -0.227766 -0.0362425 0.966171
-0.382165 -1.86704 -4.40206 -0.109723 -0.230062 -0.0375447 0.966242
-0.391727 -1.87743 -4.41891 -0.104734 -0.232882 -0.0388097 0.96607
-0.402286 -1.88811 -4.4346 -0.0996727 -0.235467 -0.0399487 0.965932
-0.412948 -1.89679 -4.45278 -0.094558 -0.237782 -0.0408033 0.965844
-0.425947 -1.90542 -4.46859 -0.0897632 -0.240108 -0.0414986 0.965696
-0.440224 -1.91479 -4.48167 -0.085722 -0.242648 -0.0418547 0.965413
-0.456797 -1.92349 -4.49474 -0.0818143 -0.244787 -0.0420064 0.965205
-0.474555 -1.93396 -4.50688 -0.0784024 -0.247078 -0.0421183 0.9649
-0.498092 -1.94319 -4.51969 -0.0751222 -0.248741 -0.0414492 0.964763
-0.523368 -1.95546 -4.5321 -0.075156 -0.250873 -0.0393429 0.964296
-0.552708 -1.96861 -4.54326 -0.0752674 -0.252943 -0.0372313 0.96383
-0.586931 -1.98236 -4.55575 -0.0752035 -0.254167 -0.0359034 0.963563
-0.623151 -1.99364 -4.56699 -0.0749412 -0.255677 -0.0342015 0.963246
-0.65932 -2.00723 -4.57965 -0.0747524 -0.257205 -0.0329925 0.962896
-0.704319 -2.0185 -4.58929 -0.0740154 -0.258883 -0.0316385 0.962549
-0.754865 -2.03123 -4.59984 -0.0736613 -0.260579 -0.0304007 0.962158
-0.815405 -2.04639 -4.61392 -0.0731801 -0.261228 -0.0298771 0.962035
-0.881787 -2.06257 -4.63064 -0.0732352 -0.26172 -0.0290098 0.961924
-0.952782 -2.07501 -4.64452 -0.0722203 -0.263609 -0.0267098 0.961551
-1.01167 -2.0912 -4.64723 -0.0723894 -0.266339 -0.0253205 0.960824
-1.1098 -2.10232 -4.66806 -0.0723572 -0.264756 -0.0245457 0.961284
-1.14293 -2.10974 -4.65031 -0.0719744 -0.276051 -0.0221516 0.958188
-1.23878 -2.13013 -4.66692 -0.0731791 -0.275588 -0.0218865 0.958236
-1.33263 -2.1377 -4.67534 -0.0723864 -0.276577 -0.0211014 0.958029
-1.40941 -2.15952 -4.68048 -0.0754366 -0.280222 -0.0197341 0.956763
-1.48566 -2.1732 -4.67645 -0.0769058 -0.285266 -0.0187122 0.955175
-1.52414 -2.20119 -4.65086 -0.0824506 -0.298807 -0.0166781 0.950599
-1.5952 -2.21464 -4.64667 -0.0845834 -0.305553 -0.0147609 0.948296
-1.68659 -2.21859 -4.64597 -0.0849846 -0.3086 -0.0120862 0.947311
-1.77407 -2.22306 -4.64522 -0.0864628 -0.312456 -0.00852964 0.945951
-1.86084 -2.22508 -4.63951 -0.0876111 -0.317607 -0.00439637 0.944156
-1.94963 -2.22564 -4.63467 -0.0883252 -0.322348 -0.000393072 0.942491
-2.03464 -2.22768 -4.62521 -0.089908 -0.328425 0.00437474 0.940231
-2.11585 -2.22966 -4.61328 -0.091122 -0.335714 0.00909738 0.937502
-2.19965 -2.22963 -4.60526 -0.0912047 -0.341939 0.0134969 0.935188
-2.28449 -2.23135 -4.60133 -0.0916157 -0.346899 0.0173866 0.933255
-2.36715 -2.23049 -4.58684 -0.0919393 -0.354938 0.0223433 0.93009
-2.42316 -2.21673 -4.5599 -0.0878802 -0.374678 0.0326156 0.922404
-2.4906 -2.21474 -4.54566 -0.0878117 -0.386616 0.0406824 0.917149
-2.54135 -2.20807 -4.53555 -0.0857975 -0.392159 0.042592 0.914897
-2.57922 -2.20247 -4.52103 -0.0852196 -0.398407 0.0459856 0.912083
-2.61648 -2.19767 -4.50999 -0.0843327 -0.404492 0.0491927 0.909315
-2.65236 -2.19723 -4.5016 -0.0843785 -0.409811 0.052331 0.906751
-2.70789 -2.19427 -4.49492 -0.0831444 -0.414416 0.0548649 0.904619
-2.76641 -2.19224 -4.48998 -0.081901 -0.418452 0.0571812 0.902729
-2.82639 -2.19093 -4.48635 -0.0805214 -0.422218 0.0590005 0.900981
-2.88128 -2.18767 -4.47821 -0.0791117 -0.426512 0.0611303 0.898939
-2.94199 -2.18589 -4.47093 -0.0779648 -0.430077 0.0628645 0.89722
-3.00321 -2.19211 -4.47619 -0.0772767 -0.432272 0.0637453 0.896162
-3.05469 -2.19205 -4.46966 -0.0764275 -0.435667 0.0655356 0.89446
-3.12493 -2.20834 -4.4832 -0.0771134 -0.435815 0.0658797 0.894303
-3.19628 -2.22575 -4.50279 -0.0778058 -0.435363 0.0663414 0.89443
-3.26648 -2.2328 -4.50842 -0.0779664 -0.435472 0.066991 0.894314
-3.33308 -2.24606 -4.52192 -0.078734 -0.434686 0.0677046 0.894575
-3.40782 -2.26009 -4.53652 -0.0796646 -0.433345 0.0681985 0.895106
-3.48874 -2.27671 -4.55303 -0.0807621 -0.431758 0.0685753 0.895745
-3.57293 -2.28113 -4.55551 -0.0809613 -0.431339 0.0695222 0.895856
-3.66095 -2.28861 -4.5626 -0.0812789 -0.430687 0.0701335 0.896094
-3.75944 -2.30126 -4.57439 -0.0827034 -0.429031 0.0709167 0.896696
-3.86497 -2.30997 -4.58841 -0.0832927 -0.427127 0.0718857 0.897473
-3.95959 -2.32184 -4.60323 -0.0842565 -0.425921 0.0735263 0.897823
-4.06062 -2.33185 -4.61676 -0.0852411 -0.423714 0.074751 0.898673
-4.15872 -2.34268 -4.6317 -0.0863582 -0.421349 0.0760803 0.899566
-4.25023 -2.35135 -4.64176 -0.0876157 -0.419814 0.0781037 0.899989
-4.35014 -2.36987 -4.65964 -0.0902511 -0.41627 0.0792554 0.901273
-4.43713 -2.37853 -4.67145 -0.0918261 -0.414764 0.0820251 0.90156
-4.53538 -2.39304 -4.69112 -0.0943851 -0.410937 0.0839553 0.90287
-4.61913 -2.40803 -4.71084 -0.0968159 -0.408105 0.0867213 0.903635
-4.70538 -2.42391 -4.73366 -0.0995546 -0.404806 0.0895432 0.904546
-4.79152 -2.43723 -4.7571 -0.10204 -0.400878 0.0924976 0.90572
-4.87541 -2.45419 -4.78116 -0.105225 -0.397146 0.0954266 0.906695
-4.9608 -2.47123 -4.80644 -0.108408 -0.393394 0.0985658 0.90762
-5.04157 -2.48363 -4.8286 -0.111286 -0.390416 0.102522 0.908119
-5.12723 -2.51045 -4.86323 -0.116088 -0.385883 0.106236 0.909028
-5.19232 -2.52688 -4.89256 -0.119293 -0.383747 0.111059 0.908941
-5.26536 -2.55406 -4.92965 -0.123707 -0.379965 0.114662 0.909492
-5.31129 -2.59967 -5.00054 -0.127851 -0.373784 0.11666 0.911224
-5.26782 -2.64486 -5.06941 -0.132379 -0.36929 0.119401 0.912055
-5.20403 -2.67662 -5.12352 -0.136809 -0.360645 0.120819 0.91467
-5.14268 -2.69685 -5.17071 -0.139598 -0.351035 0.121225 0.917928
-5.07892 -2.72093 -5.21499 -0.14282 -0.34236 0.12174 0.920637
-5.00494 -2.74129 -5.25041 -0.14572 -0.335444 0.122334 0.922647
-4.94249 -2.74641 -5.26801 -0.147646 -0.329991 0.123772 0.924114
-4.87489 -2.76965 -5.29792 -0.150894 -0.323252 0.123648 0.925986
-4.81833 -2.78276 -5.32142 -0.152519 -0.317518 0.12342 0.927732
-4.75026 -2.78988 -5.34057 -0.153401 -0.313499 0.123933 0.928885
-4.67572 -2.79227 -5.34966 -0.153979 -0.311388 0.124284 0.929452
