0 0 0 0 0 0 1
0 0 0 0 0 0 1
0 0 0 0 0 0 1
0 0 0 0 0 0 1
0 0 0 0 0 0 1
-0.0224113 -0.021256 0.00791764 -0.0162453 0.00232461 0.00993823 0.999816
-0.0224113 -0.021256 0.00791764 -0.0162453 0.00232461 0.00993823 0.999816
-0.0224113 -0.021256 0.00791764 -0.0162453 0.00232461 0.00993823 0.999816
-0.0224113 -0.021256 0.00791764 -0.0162453 0.00232461 0.00993823 0.999816
-0.0224113 -0.021256 0.00791764 -0.0162453 0.00232461 0.00993823 0.999816
-0.0964074 -0.203227 0.0280624 -0.0551008 -0.0260269 -0.0657398 0.995974
-0.102519 -0.153702 -0.0330416 -0.0678954 -0.023706 -0.0560099 0.995837
-0.103324 -0.204313 -0.0685299 -0.0909484 -0.0230627 -0.0475095 0.994454
-0.0729382 -0.24989 -0.104919 -0.112655 -0.0264535 -0.0393654 0.992502
-0.0456079 -0.291231 -0.131158 -0.133913 -0.03044 -0.0324254 0.989995
-0.00561706 -0.340014 -0.152729 -0.155304 -0.0360955 -0.0260051 0.986864
0.0365077 -0.378469 -0.172356 -0.175187 -0.0424188 -0.0205555 0.983406
0.0860342 -0.394484 -0.192488 -0.191861 -0.0503112 -0.0170366 0.979984
0.145116 -0.416852 -0.193069 -0.209202 -0.0601264 -0.014655 0.975912
0.201337 -0.43751 -0.184725 -0.225767 -0.0707191 -0.0144947 0.971503
0.250732 -0.452559 -0.1766 -0.240626 -0.0812637 -0.0163764 0.967072
0.310088 -0.471178 -0.162848 -0.255268 -0.0944023 -0.0195592 0.962052
0.363646 -0.492599 -0.138851 -0.269817 -0.108135 -0.0244537 0.956508
0.419722 -0.518456 -0.116701 -0.283663 -0.123817 -0.0312061 0.950385
0.47377 -0.53787 -0.0890743 -0.29585 -0.140459 -0.0394483 0.944027
0.527607 -0.554739 -0.0578981 -0.306607 -0.157635 -0.0486091 0.937433
0.582255 -0.573703 -0.0248544 -0.316581 -0.175646 -0.0587994 0.930305
0.633759 -0.589641 0.00884471 -0.325124 -0.193566 -0.0694488 0.92304
0.682933 -0.604342 0.0460032 -0.332498 -0.211139 -0.080215 0.915659
0.724207 -0.614731 0.0801847 -0.338166 -0.227398 -0.0912891 0.908625
0.765274 -0.614659 0.114224 -0.339487 -0.243583 -0.10154 0.902832
0.803132 -0.606306 0.146661 -0.336452 -0.258912 -0.11054 0.898635
0.842578 -0.597477 0.178301 -0.33312 -0.273618 -0.118887 0.894444
0.878547 -0.587178 0.213766 -0.330063 -0.287481 -0.126558 0.890167
0.91255 -0.580237 0.243227 -0.326783 -0.300078 -0.133955 0.886128
0.940134 -0.572619 0.271413 -0.323644 -0.311196 -0.140848 0.882368
0.965 -0.566034 0.297486 -0.320791 -0.320743 -0.146807 0.879014
0.986853 -0.560756 0.323172 -0.318488 -0.328843 -0.151692 0.876024
1.00198 -0.557549 0.343583 -0.316628 -0.33477 -0.155752 0.873737
1.01393 -0.556168 0.361944 -0.315517 -0.338874 -0.158552 0.872052
1.02077 -0.553341 0.378511 -0.314923 -0.341 -0.159938 0.871184
1.03567 -0.529488 0.39679 -0.305937 -0.342293 -0.155643 0.87465
1.04825 -0.503447 0.416358 -0.296353 -0.342051 -0.149328 0.879134
1.04993 -0.468224 0.42639 -0.285625 -0.338683 -0.140857 0.885365
1.03116 -0.43861 0.425676 -0.275133 -0.331458 -0.131338 0.892854
0.9914 -0.409518 0.415494 -0.264279 -0.320716 -0.120451 0.901548
0.931172 -0.384626 0.398114 -0.253462 -0.3067 -0.108849 0.910958
0.867417 -0.353222 0.393951 -0.241317 -0.291243 -0.0963246 0.920688
0.778882 -0.335501 0.387483 -0.22995 -0.273017 -0.0840753 0.930331
0.676583 -0.317377 0.373362 -0.218083 -0.252551 -0.0707103 0.940031
0.569837 -0.28833 0.365026 -0.204308 -0.230238 -0.0560219 0.949795
0.48713 -0.255338 0.375053 -0.18941 -0.209582 -0.0419039 0.958354
0.362314 -0.212608 0.380728 -0.173214 -0.183152 -0.0258757 0.967359
0.277739 -0.160294 0.36638 -0.153824 -0.159253 -0.00964552 0.975133
0.259245 -0.123695 0.383432 -0.134722 -0.140893 0.010078 0.980764
0.227076 -0.10627 0.415508 -0.119068 -0.12157 0.0270728 0.985043
0.20423 -0.108614 0.451378 -0.104747 -0.101738 0.0423912 0.988373
0.174437 -0.0988439 0.4585 -0.0871443 -0.0786303 0.0636172 0.991048
0.159612 -0.103627 0.455728 -0.0720761 -0.0590944 0.078005 0.992587
0.183156 -0.126937 0.425569 -0.0599658 -0.0456805 0.0874239 0.993315
0.137777 -0.169543 0.450433 -0.0488781 -0.0208767 0.0989927 0.993668
0.0902993 -0.199569 0.463238 -0.0355146 0.00622343 0.109382 0.993346
0.111669 -0.221585 0.457112 -0.0201335 0.0277288 0.124452 0.991634
0.130309 -0.278017 0.428651 -0.00813607 0.0477356 0.137047 0.98938
0.129128 -0.331765 0.411828 0.00219625 0.0686853 0.14531 0.986997
0.227189 -0.399456 0.356904 0.0126703 0.0828935 0.159173 0.983683
0.208982 -0.424318 0.358665 0.0236433 0.104053 0.162611 0.980904
0.0612521 -0.431707 0.389366 0.0387261 0.135179 0.163511 0.976469
0.0238414 -0.444428 0.290801 0.0490857 0.150425 0.157041 0.974834
-0.0381369 -0.390461 0.235851 0.0627338 0.168007 0.14683 0.972769
-0.0665116 -0.356871 0.189372 0.074303 0.182089 0.139342 0.970519
-0.0949656 -0.334584 0.161043 0.0831748 0.195432 0.132172 0.968204
-0.117113 -0.318637 0.144343 0.0901275 0.20747 0.124644 0.966073
-0.129865 -0.308807 0.13544 0.0956982 0.217091 0.118676 0.964173
-0.136697 -0.293746 0.131757 0.100832 0.224358 0.113223 0.96264
-0.133593 -0.277815 0.142236 0.105299 0.229595 0.108766 0.961441
-0.128178 -0.252658 0.168411 0.109975 0.233339 0.105176 0.960415
-0.122864 -0.231496 0.211298 0.113396 0.235984 0.103 0.959606
-0.108967 -0.214512 0.264349 0.115803 0.236132 0.102773 0.959307
-0.0927339 -0.197958 0.331513 0.117306 0.23448 0.104201 0.959375
-0.0731559 -0.177162 0.412618 0.118421 0.230777 0.107253 0.9598
-0.0447909 -0.151391 0.504809 0.11651 0.225522 0.103151 0.96173
-0.00958474 -0.12574 0.610413 0.113938 0.217893 0.0995941 0.964169
0.0311823 -0.0974449 0.72279 0.110258 0.207924 0.096265 0.967132
0.0669789 -0.0977253 0.833258 0.103565 0.196497 0.0960748 0.970275
0.0919113 -0.0677204 1.03278 0.0981276 0.189333 0.0927182 0.972588
0.165219 -0.0635793 1.14974 0.0897592 0.171387 0.0945116 0.976544
0.186874 0.0282222 1.26314 0.0842971 0.153161 0.0837564 0.98103
0.29496 0.0158692 1.38225 0.069071 0.129844 0.0834864 0.985596
0.29496 0.0158692 1.38225 0.069071 0.129844 0.0834864 0.985596
0.29496 0.0158692 1.38225 0.069071 0.129844 0.0834864 0.985596
0.0972847 0.0914051 1.50126 0.0621153 0.122663 0.0753371 0.987633
0.0972847 0.0914051 1.50126 0.0621153 0.122663 0.0753371 0.987633
0.252538 0.148862 1.47051 0.0538416 0.0979728 0.0703503 0.991238
0.415075 0.175436 1.46904 0.044794 0.07355 0.0675483 0.993993
0.401446 0.213144 1.51729 0.0365932 0.0578331 0.0620119 0.995726
0.420772 0.26626 1.45439 0.0302428 0.0413576 0.0584696 0.996974
0.503357 0.320748 1.48314 0.0240608 0.022538 0.0573641 0.997809
0.651649 0.344042 1.40346 0.0169534 -0.00144697 0.0534787 0.998424
0.602689 0.388142 1.38425 0.0115398 -0.00952743 0.0515284 0.998559
0.698071 0.462442 1.42311 0.00795301 -0.0235636 0.0517332 0.998351
0.7962 0.572097 1.48625 0.00668734 -0.036326 0.0524755 0.997939
0.7962 0.572097 1.48625 0.00668734 -0.036326 0.0524755 0.997939
0.858151 0.653682 1.59699 0.00526026 -0.0432946 0.0519461 0.997697
0.893712 0.727408 1.65904 0.00460114 -0.0460245 0.0499045 0.997682
0.840649 0.792821 1.71916 0.0053847 -0.0409039 0.0455129 0.998111
0.92463 0.87182 1.83573 0.00543318 -0.0451907 0.0443167 0.99798
0.892312 0.960636 1.85799 0.00982557 -0.0382841 0.0375366 0.998513
0.849424 1.00614 1.89134 0.010182 -0.0279394 0.0336446 0.998991
0.833238 1.03422 1.90136 0.00908695 -0.019857 0.0318093 0.999255
0.940045 1.07619 2.01531 0.00826892 -0.0203056 0.0316349 0.999259
0.914042 1.02622 1.99764 0.00576143 -0.0236233 0.0349356 0.999094
0.911282 1.00893 1.92197 0.00506085 -0.0323254 0.0373494 0.998766
0.987442 1.10115 1.99212 0.0101259 -0.0499832 0.0405885 0.997874
0.994838 1.03957 1.87816 0.00477028 -0.0566058 0.0439144 0.997419
0.992019 1.00932 1.8696 0.000423156 -0.063712 0.0476486 0.99683
0.960072 0.945055 1.77699 -0.00589858 -0.0691897 0.0526348 0.996197
0.998998 0.883343 1.68611 -0.0126867 -0.0799077 0.0571657 0.995081
0.993475 0.859058 1.62714 -0.0169426 -0.0869609 0.0597527 0.994274
0.992327 0.822228 1.53739 -0.0225349 -0.0952446 0.0648314 0.993085
1.06315 0.836315 1.46985 -0.025118 -0.11123 0.0692874 0.991058
1.15877 0.795093 1.41157 -0.0328805 -0.128728 0.075992 0.988217
1.16663 0.775292 1.36618 -0.0395466 -0.137279 0.0838531 0.986184
1.17981 0.734764 1.33256 -0.0485847 -0.147247 0.0909159 0.983713
1.1972 0.694362 1.27155 -0.0575154 -0.15717 0.0974318 0.981069
1.22543 0.639822 1.17683 -0.0677479 -0.169514 0.104293 0.977649
1.2448 0.614626 1.1044 -0.0772151 -0.184335 0.113255 0.973258
1.31475 0.590476 1.06992 -0.0882071 -0.204967 0.123302 0.966956
1.3149 0.551969 0.963904 -0.0978604 -0.216522 0.131415 0.96243
1.30092 0.507909 0.843546 -0.106708 -0.225994 0.138451 0.958317
1.3327 0.453649 0.757653 -0.117229 -0.23957 0.145786 0.952686
1.34958 0.394366 0.663828 -0.126665 -0.250826 0.15157 0.947665
1.37763 0.334609 0.589182 -0.136672 -0.262937 0.157974 0.941928
1.40404 0.273413 0.520151 -0.146831 -0.274287 0.164781 0.935978
1.43717 0.210622 0.472524 -0.156158 -0.286373 0.170134 0.92987
1.42408 0.138972 0.386598 -0.164158 -0.29277 0.174581 0.925667
1.42068 0.0718792 0.309932 -0.170865 -0.299739 0.179015 0.921366
1.37197 0.00405502 0.206261 -0.175484 -0.301498 0.182635 0.919211
1.31765 -0.0644246 0.0995761 -0.178717 -0.301841 0.18566 0.917868
1.26043 -0.114929 -0.00162202 -0.179885 -0.301449 0.189539 0.916976
1.20292 -0.164196 -0.0902865 -0.179945 -0.30065 0.192916 0.916522
1.13832 -0.217999 -0.16372 -0.179045 -0.299122 0.195363 0.91668
1.07375 -0.268691 -0.248423 -0.176066 -0.295818 0.197599 0.917849
1.01641 -0.325726 -0.31654 -0.17276 -0.292816 0.19899 0.919138
0.930159 -0.380586 -0.411223 -0.167486 -0.285574 0.200368 0.922089
0.839754 -0.436365 -0.493429 -0.161541 -0.277584 0.202023 0.925223
0.774038 -0.491156 -0.562971 -0.15507 -0.270837 0.20362 0.927976
0.688077 -0.570322 -0.628813 -0.149683 -0.261718 0.204013 0.931384
0.622725 -0.630526 -0.683514 -0.142865 -0.254013 0.2059 0.934169
0.508214 -0.71759 -0.758502 -0.136029 -0.24184 0.206023 0.938384
0.448689 -0.818539 -0.783924 -0.132237 -0.232112 0.207982 0.940947
0.46436 -0.910435 -0.84093 -0.128106 -0.222607 0.208051 0.943795
0.481419 -0.957707 -0.880482 -0.120012 -0.212053 0.213467 0.946077
0.50758 -0.991045 -0.94782 -0.110491 -0.203475 0.217141 0.948282
0.50758 -0.991045 -0.94782 -0.110491 -0.203475 0.217141 0.948282
0.722024 -0.929595 -0.967996 -0.0986367 -0.209482 0.219371 0.947768
0.663928 -1.02404 -0.995962 -0.0959868 -0.196692 0.213347 0.952146
0.663928 -1.02404 -0.995962 -0.0959868 -0.196692 0.213347 0.952146
0.663928 -1.02404 -0.995962 -0.0959868 -0.196692 0.213347 0.952146
0.663928 -1.02404 -0.995962 -0.0959868 -0.196692 0.213347 0.952146
0.663928 -1.02404 -0.995962 -0.0959868 -0.196692 0.213347 0.952146
0.663928 -1.02404 -0.995962 -0.0959868 -0.196692 0.213347 0.952146
0.663928 -1.02404 -0.995962 -0.0959868 -0.196692 0.213347 0.952146
0.663928 -1.02404 -0.995962 -0.0959868 -0.196692 0.213347 0.952146
0.663928 -1.02404 -0.995962 -0.0959868 -0.196692 0.213347 0.952146
0.663928 -1.02404 -0.995962 -0.0959868 -0.196692 0.213347 0.952146
0.663928 -1.02404 -0.995962 -0.0959868 -0.196692 0.213347 0.952146
0.663928 -1.02404 -0.995962 -0.0959868 -0.196692 0.213347 0.952146
0.663928 -1.02404 -0.995962 -0.0959868 -0.196692 0.213347 0.952146
0.663928 -1.02404 -0.995962 -0.0959868 -0.196692 0.213347 0.952146
0.663928 -1.02404 -0.995962 -0.0959868 -0.196692 0.213347 0.952146
0.663928 -1.02404 -0.995962 -0.0959868 -0.196692 0.213347 0.952146
0.614588 -1.04488 -0.952044 -0.100336 -0.204757 0.207155 0.951364
0.69903 -1.10634 -0.961692 -0.108565 -0.214972 0.202938 0.949114
0.53645 -1.30155 -0.986812 -0.121498 -0.213365 0.201479 0.948219
0.449557 -1.40234 -1.10866 -0.129515 -0.213128 0.199857 0.947555
0.443464 -1.45867 -1.13887 -0.136671 -0.216942 0.198983 0.945866
0.369664 -1.60356 -1.24398 -0.146899 -0.214927 0.198154 0.944967
0.305864 -1.72355 -1.29906 -0.156911 -0.212477 0.197876 0.943969
0.262838 -1.8037 -1.31585 -0.165118 -0.211554 0.198104 0.942728
0.303429 -1.78744 -1.30488 -0.167923 -0.217087 0.197181 0.941167
0.365952 -1.74887 -1.30575 -0.169484 -0.223123 0.198353 0.939227
0.372857 -1.7231 -1.33203 -0.17109 -0.223547 0.197561 0.939002
0.417756 -1.81097 -1.43603 -0.176875 -0.22392 0.194172 0.938548
0.423433 -1.89737 -1.58419 -0.179509 -0.21861 0.19313 0.939514
0.394632 -1.94504 -1.73075 -0.179117 -0.212847 0.192318 0.941077
0.352261 -1.97363 -1.91026 -0.177013 -0.207035 0.190858 0.943067
0.25812 -2.09607 -1.99006 -0.180846 -0.20014 0.189944 0.944013
0.140308 -2.18624 -2.2363 -0.179011 -0.18979 0.184591 0.947555
0.00939865 -2.28457 -2.45014 -0.178121 -0.180718 0.179115 0.950543
-0.0560658 -2.32804 -2.67216 -0.173656 -0.175368 0.177367 0.952697
-0.140247 -2.42676 -2.86827 -0.17506 -0.167086 0.178396 0.953735
-0.189491 -2.50753 -2.96638 -0.175664 -0.164531 0.179356 0.953888
-0.125678 -2.63529 -2.88096 -0.182442 -0.175076 0.176443 0.951279
-0.0930289 -2.71606 -2.89918 -0.183281 -0.177656 0.174557 0.950987
0.0146557 -2.786 -2.81538 -0.188451 -0.187711 0.172547 0.948408
0.0337615 -2.81649 -2.81233 -0.188193 -0.193013 0.175251 0.946898
0.0438446 -2.86315 -2.85353 -0.187862 -0.196267 0.177775 0.945824
0.105947 -2.83835 -2.8758 -0.18408 -0.204655 0.183316 0.94373
0.149681 -2.76645 -2.89204 -0.178337 -0.212481 0.191638 0.941447
0.160903 -2.72632 -2.90953 -0.174911 -0.217251 0.198118 0.939658
0.146599 -2.75155 -2.98346 -0.173838 -0.218975 0.201959 0.938639
0.139676 -2.77997 -3.00426 -0.174337 -0.225239 0.204659 0.936477
0.206992 -2.7659 -2.94263 -0.176241 -0.240903 0.210637 0.93088
0.252606 -2.83072 -2.91957 -0.180966 -0.254724 0.212325 0.925897
0.260688 -2.94732 -2.90137 -0.18871 -0.262986 0.210785 0.922386
0.324079 -3.01667 -2.8558 -0.194901 -0.276868 0.211836 0.916778
0.354565 -3.18953 -2.80797 -0.207687 -0.286869 0.207997 0.911761
0.433244 -3.29863 -2.75656 -0.217274 -0.300363 0.207538 0.905263
0.495119 -3.30227 -2.79492 -0.218835 -0.310333 0.214112 0.899978
0.582355 -3.43243 -2.72876 -0.229739 -0.328334 0.211078 0.891551
0.631349 -3.54827 -2.80246 -0.234266 -0.339085 0.210786 0.886403
0.677733 -3.67987 -2.88496 -0.239741 -0.348726 0.212038 0.880883
0.761648 -3.72479 -2.99322 -0.240862 -0.360192 0.220185 0.873937
0.840274 -3.84821 -3.07509 -0.246352 -0.370651 0.223238 0.867233
0.927672 -3.94124 -3.12894 -0.251108 -0.381373 0.226686 0.860298
0.993592 -4.08951 -3.13172 -0.261353 -0.389404 0.226931 0.853558
1.01265 -4.23096 -3.11583 -0.263242 -0.396963 0.228393 0.849094
0.992484 -4.24971 -3.00632 -0.26383 -0.402686 0.231255 0.845434
0.941673 -4.2417 -2.87024 -0.265809 -0.40863 0.233814 0.841248
0.891612 -4.21333 -2.72818 -0.267275 -0.415149 0.236583 0.836806
0.847306 -4.15805 -2.59253 -0.267219 -0.42167 0.240359 0.832476
0.783081 -4.12478 -2.48899 -0.267782 -0.423907 0.243647 0.8302
0.742093 -4.09273 -2.34556 -0.269124 -0.429363 0.245391 0.82644
0.681772 -4.06859 -2.24468 -0.270061 -0.430197 0.247363 0.825112
0.615276 -4.04596 -2.13724 -0.270564 -0.431156 0.248685 0.824048
0.558046 -4.02546 -2.03257 -0.271539 -0.431445 0.249617 0.823294
0.486818 -3.97826 -1.95423 -0.269511 -0.430103 0.252567 0.823763
0.436162 -3.93157 -1.85042 -0.268114 -0.430813 0.254834 0.823149
0.400529 -3.88896 -1.7598 -0.265935 -0.431958 0.256777 0.822652
0.345415 -3.85769 -1.68415 -0.262711 -0.431283 0.257853 0.823705
0.278303 -3.79677 -1.63656 -0.257099 -0.42883 0.261223 0.825692
0.213313 -3.76073 -1.59665 -0.251916 -0.425632 0.262891 0.828411
0.145103 -3.72837 -1.56874 -0.246205 -0.421225 0.26446 0.831874
0.0622387 -3.71343 -1.57016 -0.240359 -0.413683 0.265906 0.836892
-0.0130046 -3.69058 -1.57 -0.234081 -0.405929 0.267702 0.841881
-0.0812283 -3.631 -1.59183 -0.224695 -0.397166 0.272391 0.847098
-0.151049 -3.56054 -1.61296 -0.214248 -0.388054 0.277703 0.852287
-0.241078 -3.53329 -1.63731 -0.206175 -0.376064 0.280892 0.858585
-0.325166 -3.4841 -1.66196 -0.196549 -0.364105 0.285398 0.864491
-0.405684 -3.44317 -1.67634 -0.18735 -0.3524 0.288689 0.870272
-0.475417 -3.41654 -1.67392 -0.179332 -0.341569 0.290737 0.875581
-0.536088 -3.40776 -1.64869 -0.173422 -0.331748 0.290849 0.880497
-0.583418 -3.37483 -1.63525 -0.165875 -0.321618 0.29364 0.884773
-0.645692 -3.37909 -1.61438 -0.160875 -0.310007 0.293407 0.889903
-0.702976 -3.41185 -1.58529 -0.158115 -0.298861 0.290648 0.895101
-0.731391 -3.39907 -1.57214 -0.151672 -0.289029 0.291472 0.899167
-0.74512 -3.39557 -1.53065 -0.147428 -0.281616 0.291256 0.90229
-0.763411 -3.39232 -1.49812 -0.1426 -0.273346 0.291185 0.905626
-0.794374 -3.4017 -1.47517 -0.138047 -0.26344 0.29064 0.909434
-0.822234 -3.40857 -1.44605 -0.133695 -0.253877 0.29065 0.912795
-0.856806 -3.41374 -1.42388 -0.128571 -0.244012 0.290664 0.916211
-0.898102 -3.4344 -1.39701 -0.124474 -0.233931 0.289406 0.919797
-0.924314 -3.43436 -1.34992 -0.119998 -0.226262 0.28965 0.922231
-0.94978 -3.44155 -1.31517 -0.115497 -0.218481 0.289621 0.924687
-0.988881 -3.44563 -1.27581 -0.1111 -0.210391 0.290225 0.92691
-0.988974 -3.43226 -1.21345 -0.10758 -0.206633 0.292879 0.927336
-1.0067 -3.42663 -1.15451 -0.10433 -0.202423 0.294814 0.928022
-1.05081 -3.40542 -1.12668 -0.099522 -0.19431 0.299885 0.928659
-1.05081 -3.40542 -1.12668 -0.099522 -0.19431 0.299885 0.928659
-1.19433 -3.41072 -1.15626 -0.0952883 -0.173533 0.309241 0.930149
-1.33635 -3.38264 -1.22072 -0.0919595 -0.151943 0.324582 0.929034
-1.49289 -3.31949 -1.30537 -0.086832 -0.127249 0.348348 0.92462
-1.56009 -3.06709 -1.3835 -0.0718958 -0.112472 0.390667 0.910802
-1.56009 -3.06709 -1.3835 -0.0718958 -0.112472 0.390667 0.910802
-1.56009 -3.06709 -1.3835 -0.0718958 -0.112472 0.390667 0.910802
-1.56009 -3.06709 -1.3835 -0.0718958 -0.112472 0.390667 0.910802
-1.47295 -3.10834 -1.20441 -0.0773874 -0.139537 0.372295 0.914296
-1.47295 -3.10834 -1.20441 -0.0773874 -0.139537 0.372295 0.914296
-1.5746 -3.12857 -1.11498 -0.0785934 -0.140358 0.366578 0.916375
-1.56418 -3.05955 -1.05858 -0.0799097 -0.14509 0.383007 0.908773
-1.60874 -3.02214 -0.981362 -0.0787088 -0.155353 0.382308 0.907475
-1.58338 -3.07537 -0.852984 -0.087477 -0.174269 0.369586 0.908506
-1.64931 -3.03485 -0.827603 -0.0837925 -0.183425 0.363314 0.909581
-1.72734 -2.96989 -0.853301 -0.0803719 -0.189083 0.362726 0.908965
-1.77823 -2.89487 -0.828325 -0.0765439 -0.197452 0.363822 0.907076
-1.82411 -2.87136 -0.787274 -0.0786132 -0.206873 0.366391 0.90376
-1.85171 -2.87974 -0.730439 -0.0851022 -0.21883 0.36772 0.899807
-1.90985 -2.8554 -0.71208 -0.0858734 -0.229749 0.367159 0.897238
-1.98293 -2.83819 -0.674479 -0.0859619 -0.239437 0.366181 0.895093
-2.04597 -2.81295 -0.648378 -0.0867462 -0.251119 0.366898 0.891516
-2.10329 -2.79289 -0.616324 -0.0885386 -0.263838 0.366901 0.887657
-2.1684 -2.78191 -0.584484 -0.0905544 -0.276879 0.362337 0.885353
-2.22985 -2.79059 -0.541706 -0.0987751 -0.287801 0.361352 0.881385
-2.28411 -2.78546 -0.498226 -0.104301 -0.301798 0.358033 0.877412
-2.34101 -2.79033 -0.447121 -0.111419 -0.315997 0.354593 0.872923
-2.40011 -2.80283 -0.409248 -0.118048 -0.329215 0.349943 0.869035
-2.46146 -2.82056 -0.375219 -0.125175 -0.340885 0.345604 0.865267
-2.53231 -2.85247 -0.338061 -0.134307 -0.350654 0.342077 0.861386
-2.60925 -2.88613 -0.300522 -0.142344 -0.359186 0.337812 0.858258
-2.69091 -2.92768 -0.275244 -0.14924 -0.365765 0.331356 0.856824
-2.77551 -2.96928 -0.24225 -0.15704 -0.372169 0.32587 0.854773
-2.8524 -3.00806 -0.213786 -0.16454 -0.378311 0.321206 0.852428
-2.93814 -3.04355 -0.17493 -0.169902 -0.383659 0.31552 0.851109
-3.00764 -3.07207 -0.137805 -0.175467 -0.388526 0.311147 0.84938
-3.0626 -3.09167 -0.105758 -0.179499 -0.393567 0.307083 0.847694
-3.0994 -3.10462 -0.0933272 -0.183243 -0.397927 0.304661 0.845729
-3.14581 -3.10709 -0.0772088 -0.183647 -0.401958 0.302293 0.844584
-3.19647 -3.10574 -0.0581049 -0.183251 -0.404424 0.301518 0.84377
-3.23344 -3.10027 -0.0551618 -0.180897 -0.404549 0.299881 0.8448
-3.26127 -3.09317 -0.0499546 -0.175818 -0.405343 0.295226 0.847128
-3.26986 -3.08744 -0.0460699 -0.169474 -0.406128 0.289699 0.849949
-3.29508 -3.08481 -0.0347207 -0.161831 -0.404495 0.283837 0.854185
-3.31053 -3.08417 -0.0259371 -0.153229 -0.40324 0.277747 0.858356
-3.31503 -3.08227 -0.0161451 -0.143444 -0.400832 0.271059 0.863299
-3.34154 -3.08382 -0.00747869 -0.132358 -0.397051 0.264691 0.868775
-3.35522 -3.08583 -0.000323392 -0.120607 -0.393232 0.257893 0.87425
-3.35005 -3.09205 -0.00553417 -0.10849 -0.388339 0.250867 0.88005
-3.37766 -3.09306 0.00283086 -0.0950139 -0.382184 0.245025 0.885929
-3.40407 -3.09265 0.0122146 -0.0807249 -0.375208 0.239453 0.891832
-3.40779 -3.09392 0.0190592 -0.0663695 -0.368998 0.233831 0.897083
-3.4401 -3.09379 0.0524805 -0.0519534 -0.361994 0.228884 0.902149
-3.44976 -3.09784 0.0788375 -0.0378356 -0.355577 0.224035 0.90661
-3.48996 -3.10327 0.107986 -0.022947 -0.348659 0.220275 0.910708
-3.50295 -3.10555 0.127522 -0.00828125 -0.342999 0.216576 0.91399
-3.52686 -3.10481 0.184861 0.00638064 -0.337123 0.213395 0.916935
-3.5706 -3.10763 0.206555 0.0208956 -0.327992 0.211095 0.920556
-3.60739 -3.1133 0.223057 0.0342761 -0.32021 0.210187 0.923099
-3.63287 -3.11876 0.24189 0.0466177 -0.312576 0.210038 0.925206
-3.70243 -3.1256 0.28468 0.0596602 -0.304811 0.20989 0.92708
-3.77133 -3.11427 0.279826 0.0720204 -0.296039 0.210592 0.928884
-3.81804 -3.11172 0.306645 0.0833899 -0.290055 0.210764 0.929781
-3.89655 -3.08763 0.304274 0.0939772 -0.282477 0.212686 0.930666
-3.92637 -3.08983 0.3239 0.103865 -0.27812 0.213032 0.930848
-3.95367 -3.08994 0.334482 0.109928 -0.274676 0.214243 0.930897
-3.9988 -3.08736 0.360309 0.117316 -0.271416 0.213047 0.931226
-4.09184 -3.05529 0.350249 0.124294 -0.265704 0.215256 0.93146
-4.1001 -3.0588 0.361865 0.124144 -0.267417 0.219415 0.930018
-4.1136 -3.0624 0.374657 0.126415 -0.269152 0.222469 0.928485
-4.12174 -3.06648 0.386429 0.123648 -0.273471 0.226791 0.926547
-4.12113 -3.07058 0.393011 0.11908 -0.279241 0.232525 0.924
-4.12467 -3.07598 0.406465 0.112841 -0.285898 0.236171 0.92182
-4.13228 -3.0785 0.419599 0.106912 -0.292756 0.241934 0.918875
-4.16326 -3.08156 0.458203 0.101936 -0.300228 0.244965 0.916223
-4.18133 -3.0862 0.476881 0.0948145 -0.308068 0.247027 0.913828
-4.17441 -3.09042 0.474401 0.0847884 -0.316633 0.249232 0.911284
-4.17496 -3.09326 0.480753 0.0736258 -0.326302 0.252056 0.90806
-4.17805 -3.0968 0.493249 0.0605147 -0.3374 0.25538 0.904035
-4.18273 -3.09947 0.505123 0.0474098 -0.348774 0.257798 0.899805
-4.17715 -3.10395 0.508232 0.0306093 -0.361753 0.260351 0.894659
-4.1663 -3.10658 0.509868 0.0135059 -0.375108 0.261711 0.889168
-4.15979 -3.10623 0.514818 0.00019521 -0.385313 0.268654 0.882813
-4.15442 -3.10417 0.517421 -0.0138579 -0.395885 0.277016 0.875411
-4.14667 -3.10377 0.524435 -0.028406 -0.409085 0.280007 0.868008
-4.14838 -3.1003 0.535555 -0.0423595 -0.42209 0.28857 0.858355
-4.15428 -3.09436 0.549538 -0.0541904 -0.435615 0.297614 0.847779
-4.15049 -3.08889 0.558616 -0.0647543 -0.449797 0.305585 0.836724
-4.15354 -3.08274 0.564514 -0.069459 -0.463155 0.309171 0.827693
-4.16236 -3.07772 0.573024 -0.0692147 -0.478347 0.306927 0.819871
-4.1638 -3.07276 0.576467 -0.0688633 -0.492077 0.307304 0.811593
-4.16904 -3.07007 0.580731 -0.0659293 -0.507413 0.297911 0.805875
-4.18649 -3.06664 0.587495 -0.0557203 -0.521587 0.286878 0.801588
-4.19053 -3.06457 0.590768 -0.0515389 -0.537901 0.278219 0.794104
-4.19978 -3.06127 0.593639 -0.0425163 -0.555741 0.257016 0.789485
-4.21522 -3.05941 0.597159 -0.0434318 -0.571411 0.251416 0.779996
-4.21541 -3.05309 0.598386 -0.0344598 -0.58827 0.234617 0.773114
-4.22015 -3.05179 0.6018 -0.0389517 -0.599308 0.231207 0.765412
-4.22132 -3.04964 0.606273 -0.0379996 -0.612951 0.228977 0.755259
-4.21994 -3.04652 0.608172 -0.0360379 -0.62624 0.229191 0.744309
-4.20927 -3.04256 0.606317 -0.0276788 -0.64222 0.218297 0.734257
-4.19812 -3.04661 0.60099 -0.0318158 -0.646402 0.213762 0.73175
-4.19468 -3.03661 0.616129 -8.61847e-05 -0.684705 0.184822 0.704996
-4.18381 -3.03415 0.615093 0.00638173 -0.698091 0.177587 0.693607
-4.16983 -3.04857 0.583301 0.00812611 -0.719992 0.170596 0.672638
-4.17833 -3.06141 0.551983 0.0128965 -0.728434 0.164373 0.66498
-4.21351 -3.08674 0.525885 0.0173952 -0.736617 0.159972 0.656888
-4.24693 -3.11249 0.511901 0.0199579 -0.74583 0.156677 0.647141
-4.28546 -3.13708 0.524574 0.020181 -0.753514 0.1566 0.638189
-4.31895 -3.15735 0.519322 0.0236692 -0.760504 0.15497 0.630125
-4.35598 -3.18663 0.512115 0.0230113 -0.765022 0.15636 0.62431
-4.36967 -3.1972 0.507314 0.0245137 -0.768349 0.157284 0.619919
-4.39187 -3.20906 0.495152 0.0268391 -0.769922 0.158566 0.617541
-4.40494 -3.21475 0.492226 0.0252275 -0.772707 0.164172 0.612646
-4.45299 -3.23478 0.48217 0.020788 -0.775314 0.173269 0.606987
-4.48848 -3.25014 0.471948 0.02123 -0.776423 0.176871 0.60451
-4.48921 -3.24897 0.47125 0.0165267 -0.778957 0.18587 0.59867
-4.47509 -3.24291 0.472826 0.0164937 -0.780356 0.188435 0.596041
-4.49416 -3.25142 0.469164 0.0159866 -0.781209 0.191617 0.593919
-4.52306 -3.26359 0.462638 0.0158105 -0.781328 0.194523 0.592822
-4.53406 -3.26726 0.460605 0.0114767 -0.781837 0.201263 0.589994
-4.54543 -3.27263 0.459107 0.0116982 -0.781315 0.201528 0.59059
-4.52303 -3.26309 0.462992 0.0110644 -0.781538 0.202306 0.590041
-4.53939 -3.26987 0.459999 0.00847236 -0.782074 0.206444 0.587936
-4.55154 -3.27594 0.457797 0.0101129 -0.781888 0.205334 0.588546
-4.54875 -3.27496 0.458246 0.00758116 -0.783164 0.20831 0.585836
-4.56111 -3.28078 0.456281 0.00625329 -0.784394 0.210062 0.583576
-4.55583 -3.27936 0.456639 0.00703078 -0.785896 0.208995 0.581927
-4.56959 -3.28564 0.454262 0.00653201 -0.788233 0.210313 0.578285
-4.56557 -3.28501 0.454661 0.00840869 -0.790706 0.207606 0.575858
-4.58135 -3.29235 0.452216 0.0100591 -0.794154 0.205697 0.571758
-4.58536 -3.2954 0.451416 0.0127843 -0.797939 0.202247 0.56765
-4.59821 -3.30141 0.450073 0.0130001 -0.803524 0.201849 0.559855
-4.61145 -3.30755 0.448547 0.0149368 -0.809462 0.200198 0.551787
-4.62002 -3.31206 0.447521 0.0165885 -0.816236 0.199352 0.541979
-4.6327 -3.31804 0.446639 0.0211763 -0.826502 0.195885 0.527327
-4.64717 -3.32412 0.444769 0.0193979 -0.837692 0.202255 0.506941
-4.65664 -3.3292 0.442299 -0.00437019 0.842734 -0.219093 -0.491709
-4.66275 -3.3326 0.441044 0.0129593 0.849947 -0.239925 -0.46889
-4.6681 -3.33466 0.439767 0.0235617 0.856052 -0.271382 -0.439285
-4.67268 -3.33583 0.437081 0.0326373 0.847472 -0.329762 -0.414708
-4.67685 -3.33881 0.437172 0.0655619 0.855845 -0.366536 -0.359003
-4.6813 -3.34057 0.437674 0.0985227 0.862703 -0.417386 -0.268004
