0 0 0 0 0 0 1
0 0 0 0 0 0 1
-0.00221468 0.0442257 -0.1035 0.00148551 0.00465611 -0.00955472 0.999942
-0.0614052 0.0744917 -0.172074 0.00325368 0.00942962 -0.0202745 0.999745
-0.13216 0.0932834 -0.204141 0.00515494 0.014539 -0.031771 0.999376
-0.200462 0.106844 -0.223364 0.0071075 0.0198758 -0.0437471 0.99882
-0.265253 0.117276 -0.238272 0.00897418 0.0256207 -0.0567432 0.99802
-0.323656 0.125621 -0.249236 0.0108602 0.031364 -0.0700701 0.99699
-0.377529 0.133739 -0.257298 0.0128773 0.0372709 -0.0837082 0.99571
-0.423667 0.140486 -0.26312 0.0148198 0.0428977 -0.0971143 0.994238
-0.462094 0.14589 -0.267412 0.016704 0.0482493 -0.110179 0.992599
-0.495765 0.151153 -0.26847 0.018631 0.0536198 -0.12294 0.990789
-0.525194 0.155846 -0.268468 0.0204487 0.0588699 -0.134987 0.988886
-0.547533 0.158864 -0.268029 0.0220433 0.0637369 -0.146194 0.986954
-0.56402 0.162051 -0.264471 0.0236426 0.0683226 -0.156374 0.985048
-0.575021 0.165477 -0.26129 0.0251779 0.0725156 -0.165179 0.983272
-0.582096 0.168558 -0.256586 0.0265604 0.0765146 -0.172493 0.981675
-0.590733 0.170508 -0.255722 0.0276938 0.0798512 -0.178171 0.980363
-0.600959 0.172087 -0.25815 0.0290967 0.0822486 -0.179075 0.97996
-0.614957 0.173392 -0.264698 0.0302249 0.0840381 -0.179152 0.979759
-0.631461 0.174038 -0.2758 0.0308033 0.084887 -0.179182 0.979663
-0.651668 0.173074 -0.288414 0.0307679 0.0850586 -0.179159 0.979653
-0.673921 0.170798 -0.304692 0.0307936 0.0840622 -0.173202 0.980809
-0.698479 0.167337 -0.32395 0.030477 0.0821574 -0.165017 0.98239
-0.726621 0.164994 -0.346512 0.0301224 0.0797706 -0.154684 0.984277
-0.754423 0.161017 -0.375927 0.0295026 0.0763905 -0.142374 0.98642
-0.783899 0.155516 -0.409441 0.0284512 0.0723252 -0.128333 0.988681
-0.815833 0.152876 -0.450447 0.0276349 0.0680433 -0.112906 0.990888
-0.846111 0.150255 -0.498352 0.0265031 0.0630981 -0.0965086 0.992976
-0.878318 0.146797 -0.551019 0.0250651 0.0579545 -0.0795111 0.994832
-0.912063 0.145067 -0.610927 0.0234462 0.052791 -0.0618892 0.99641
-0.942469 0.14595 -0.680715 0.0215534 0.0473233 -0.0439598 0.997679
-0.97083 0.149472 -0.758052 0.0195545 0.0417128 -0.025867 0.998603
-0.999689 0.155262 -0.841252 0.0174433 0.0364299 -0.00807977 0.999151
-1.02082 0.167326 -0.931786 0.0153917 0.030544 0.00943679 0.99937
-1.03688 0.180848 -1.02601 0.0130063 0.0245467 0.0261647 0.999272
-1.04669 0.196605 -1.12323 0.0104275 0.0182215 0.041976 0.998898
-1.05954 0.21197 -1.22631 0.00751555 0.0129169 0.0563479 0.998299
-1.07536 0.230961 -1.33062 0.00486474 0.00848826 0.0691528 0.997558
-1.08801 0.253841 -1.43737 0.00249469 0.00436324 0.0799716 0.996784
-1.10583 0.276788 -1.54728 -1.08205e-05 0.00155904 0.0887845 0.99605
-1.12526 0.300612 -1.65917 -0.00248635 -0.000267871 0.0951114 0.995463
-1.14746 0.32726 -1.77267 -0.00455655 -0.00112114 0.0986439 0.995112
-1.17176 0.350874 -1.88584 -0.00676362 -0.00135513 0.0996026 0.995003
-1.19789 0.372168 -2.00933 -0.00872548 -0.000568473 0.0983967 0.995109
-1.21535 0.386276 -2.14766 -0.0107138 0.00106114 0.0947372 0.995444
-1.23083 0.397679 -2.2826 -0.012363 0.00466619 0.0888202 0.99596
-1.23329 0.41021 -2.42017 -0.0137634 0.00863867 0.0812349 0.996563
-1.23579 0.424804 -2.55396 -0.0148122 0.0135461 0.0718184 0.997216
-1.22651 0.440144 -2.69602 -0.0159521 0.0180574 0.0616802 0.997805
-1.22074 0.456471 -2.83239 -0.016837 0.0232732 0.0499478 0.998339
-1.21486 0.471436 -2.97318 -0.0175611 0.0290944 0.0366929 0.998749
-1.21605 0.48839 -3.11322 -0.0178172 0.0357405 0.0223906 0.998951
-1.24566 0.496619 -3.23836 -0.0183023 0.0447215 0.00770395 0.998802
-1.30663 0.49525 -3.36938 -0.0195102 0.0572534 -0.0082935 0.998135
-1.35653 0.493078 -3.49648 -0.0206158 0.0674626 -0.0243279 0.997212
-1.39801 0.490184 -3.6271 -0.0213081 0.0760147 -0.0421664 0.995987
-1.4425 0.498632 -3.77894 -0.0216436 0.0836718 -0.0586061 0.994533
-1.46385 0.505287 -3.91785 -0.0220339 0.0861854 -0.0728366 0.993369
-1.47466 0.509589 -4.04325 -0.0210954 0.085804 -0.0862231 0.99235
-1.43554 0.503006 -4.10679 -0.0187525 0.0779105 -0.100715 0.991683
-1.43695 0.488115 -4.1888 -0.016222 0.0751153 -0.115466 0.990334
-1.4536 0.475477 -4.25507 -0.0143651 0.0777202 -0.134209 0.987796
-1.47536 0.449704 -4.39219 -0.0111694 0.0819395 -0.145691 0.985868
-1.51973 0.494243 -4.41242 7.13341e-05 0.0923349 -0.153139 0.983881
-1.54426 0.532131 -4.48476 0.0118226 0.0980046 -0.157134 0.982631
-1.56588 0.574192 -4.50926 0.0227106 0.103406 -0.155502 0.982146
-1.57836 0.565556 -4.51503 0.0233073 0.106278 -0.152365 0.982317
-1.59271 0.569947 -4.5362 0.0318086 0.111536 -0.151832 0.981578
-1.63509 0.596036 -4.55647 0.0408311 0.127993 -0.149676 0.979565
-1.68118 0.609402 -4.55737 0.0474813 0.144077 -0.138022 0.978743
-1.70581 0.620339 -4.5529 0.0516053 0.157196 -0.136597 0.976713
-1.7258 0.653304 -4.59501 0.0590491 0.161172 -0.133062 0.976131
-1.74011 0.706131 -4.63295 0.0716611 0.163462 -0.132455 0.974988
-1.72389 0.692452 -4.7132 0.0759176 0.157705 -0.129778 0.975973
-1.7087 0.689312 -4.77362 0.0810535 0.152973 -0.127539 0.976608
-1.69775 0.668653 -4.81997 0.0837288 0.151099 -0.123398 0.977206
-1.69146 0.658259 -4.87477 0.0879921 0.14982 -0.121919 0.977214
-1.72384 0.649651 -4.88796 0.0950323 0.151797 -0.116734 0.976883
-1.76874 0.67442 -4.91274 0.105408 0.15518 -0.109157 0.976162
-1.80707 0.731252 -4.96265 0.119 0.15888 -0.108472 0.974079
-1.83266 0.740772 -4.98247 0.128419 0.161699 -0.104652 0.972836
-1.83152 0.751277 -5.0275 0.138191 0.159363 -0.0880637 0.973525
-1.87876 0.790213 -5.08982 0.149526 0.161285 -0.0704885 0.972965
-1.93488 0.835446 -5.18425 0.158515 0.163933 -0.0548216 0.972108
-1.96487 0.862861 -5.31318 0.164077 0.164584 -0.0379988 0.971878
-1.89952 0.905685 -5.45579 0.170863 0.156348 -0.0233816 0.97253
-1.82404 0.947515 -5.58657 0.177439 0.146824 -0.00819745 0.973083
-1.74661 0.989508 -5.71218 0.183869 0.136389 0.0080106 0.973409
-1.66819 1.03305 -5.824 0.19039 0.125928 0.0247882 0.973283
-1.59329 1.07896 -5.93115 0.196774 0.115335 0.0419202 0.972739
-1.5207 1.12409 -6.0312 0.202785 0.104685 0.0593888 0.971798
-1.44879 1.17036 -6.12632 0.208711 0.0936771 0.0772557 0.97041
-1.38065 1.21945 -6.22207 0.21475 0.0823101 0.0952799 0.968519
-1.32653 1.26573 -6.3309 0.220184 0.0712049 0.112951 0.966277
-1.3531 1.3164 -6.3701 0.229861 0.0698979 0.128469 0.962171
-1.43096 1.32865 -6.38701 0.237794 0.0743371 0.142655 0.957903
-1.48534 1.32361 -6.43573 0.24319 0.0745317 0.158111 0.954099
-1.55269 1.29741 -6.46421 0.247571 0.0768972 0.174212 0.949971
-1.61709 1.27404 -6.48788 0.252654 0.0787581 0.190115 0.94542
-1.6269 1.2617 -6.56912 0.255303 0.0739184 0.205427 0.94189
-1.63627 1.23399 -6.64774 0.256124 0.0700314 0.218894 0.938926
-1.68936 1.2089 -6.69683 0.258268 0.0714368 0.229295 0.935745
-1.70008 1.22563 -6.76918 0.262713 0.0673502 0.240506 0.931988
-1.70657 1.24224 -6.83936 0.266767 0.0632249 0.251081 0.92833
-1.719 1.24633 -6.90385 0.269512 0.0605648 0.260527 0.925106
-1.70179 1.26702 -6.99295 0.271934 0.0544499 0.269508 0.9222
-1.68222 1.28729 -7.07453 0.274022 0.0488765 0.277315 0.919576
-1.66295 1.31109 -7.1605 0.275975 0.043741 0.284154 0.917159
-1.64463 1.33366 -7.25085 0.276303 0.039295 0.290446 0.915289
-1.62746 1.35801 -7.34428 0.276569 0.0355151 0.295922 0.913607
-1.60745 1.38417 -7.44087 0.276538 0.0320007 0.300244 0.912336
-1.58881 1.41075 -7.53727 0.27678 0.0292588 0.304574 0.910918
-1.57083 1.43717 -7.63752 0.276715 0.0270394 0.308331 0.909741
-1.55274 1.46597 -7.73961 0.276968 0.0251057 0.311784 0.908542
-1.53453 1.49668 -7.84667 0.276941 0.0235914 0.314062 0.907806
-1.51917 1.52761 -7.95598 0.277041 0.0226702 0.316359 0.907001
-1.50151 1.5586 -8.06908 0.276856 0.0218015 0.318347 0.906383
-1.48225 1.59094 -8.18621 0.276763 0.0207492 0.320399 0.905713
-1.46738 1.6215 -8.30398 0.276574 0.0206331 0.322237 0.905121
-1.4595 1.65463 -8.42578 0.276711 0.0214775 0.32397 0.904441
-1.44448 1.69131 -8.5499 0.276768 0.0214796 0.325154 0.903998
-1.42915 1.72845 -8.67713 0.275779 0.0218923 0.325041 0.904331
-1.41641 1.768 -8.80795 0.274884 0.0225173 0.324552 0.904764
-1.40838 1.80872 -8.94263 0.274109 0.0234182 0.324114 0.905133
-1.40266 1.84934 -9.08468 0.273167 0.023927 0.323688 0.905557
-1.40356 1.88339 -9.23165 0.271661 0.0248448 0.323263 0.906137
-1.40806 1.91435 -9.37713 0.27035 0.0257442 0.322981 0.906604
-1.40795 1.98318 -9.40231 0.278409 0.027308 0.319898 0.905211
-1.40985 2.05958 -9.43618 0.285847 0.0286914 0.313613 0.90505
-1.44016 2.14563 -9.47165 0.295448 0.031081 0.309905 0.903163
-1.47854 2.22211 -9.52215 0.303097 0.0335169 0.307133 0.901487
-1.52417 2.30114 -9.56852 0.3104 0.0360375 0.305514 0.899452
-1.55464 2.37074 -9.59368 0.318256 0.0381735 0.302797 0.897535
-1.58833 2.43462 -9.63643 0.323574 0.0399544 0.300535 0.896316
-1.60334 2.50276 -9.66967 0.329311 0.039773 0.298228 0.895004
-1.60797 2.56544 -9.71218 0.333694 0.0386886 0.295188 0.894436
-1.62563 2.61824 -9.75516 0.337464 0.0392705 0.292078 0.894017
-1.66272 2.65105 -9.87436 0.337066 0.0398232 0.291934 0.89419
-1.69972 2.68192 -9.98963 0.336811 0.0403524 0.291864 0.894285
-1.71304 2.73494 -10.0632 0.339247 0.0396024 0.287988 0.894654
-1.68203 2.76676 -10.0927 0.346041 0.0349315 0.274983 0.896337
-1.6735 2.78328 -10.1267 0.348476 0.0332312 0.269171 0.897222
-1.67325 2.82081 -10.1837 0.355013 0.0313758 0.26191 0.896875
-1.67719 2.87447 -10.2694 0.361103 0.0286754 0.253292 0.897009
-1.66152 2.92783 -10.3423 0.363581 0.0251904 0.248929 0.897334
-1.70173 2.97586 -10.4861 0.364247 0.0244907 0.24863 0.897166
-1.69624 3.00205 -10.5229 0.367313 0.0227834 0.245103 0.896932
-1.72903 3.05372 -10.6252 0.372689 0.0223874 0.243256 0.895225
-1.73617 3.06735 -10.6403 0.377506 0.0211585 0.240901 0.893873
-1.78163 3.11761 -10.7216 0.384202 0.0222615 0.2413 0.89088
-1.81512 3.11558 -10.7794 0.386055 0.0225395 0.245633 0.888886
-1.82821 3.18702 -10.8914 0.391878 0.0198789 0.241012 0.887665
-1.85916 3.2814 -11.0254 0.397849 0.018187 0.238278 0.885781
-1.88383 3.37008 -11.1877 0.401213 0.0171648 0.234672 0.885247
-1.92153 3.46761 -11.3617 0.404304 0.0174626 0.231628 0.884636
-1.96313 3.55978 -11.5575 0.404842 0.0185248 0.228947 0.885067
-2.01667 3.6641 -11.7579 0.405438 0.0203597 0.22634 0.885424
-2.07554 3.78364 -11.9614 0.406135 0.0223171 0.22312 0.885874
-2.14161 3.90923 -12.162 0.406962 0.024724 0.219272 0.886392
-2.21893 4.04027 -12.3538 0.408542 0.0279098 0.215134 0.886584
-2.35615 4.18634 -12.4752 0.41587 0.0344595 0.213557 0.883322
-2.52998 4.34894 -12.5581 0.426458 0.0431391 0.21284 0.87805
-2.7014 4.49447 -12.6364 0.435231 0.0514121 0.211181 0.87369
-2.82904 4.6244 -12.7758 0.438229 0.0568627 0.207685 0.872691
-2.95045 4.75696 -12.92 0.440934 0.0628554 0.202223 0.8722
-2.89217 4.87 -13.0291 0.442948 0.0562395 0.188844 0.874627
-2.97698 4.97461 -13.1807 0.443052 0.0584214 0.183517 0.875565
-2.88419 5.06403 -13.1889 0.447685 0.0524265 0.166959 0.876901
-2.78391 5.08355 -13.1858 0.449993 0.0477658 0.148915 0.879232
-2.87439 5.22035 -13.2631 0.45901 0.0522216 0.140268 0.875732
-2.99184 5.32811 -13.3258 0.468046 0.0566539 0.134725 0.871534
-3.11844 5.43462 -13.4197 0.473792 0.0641038 0.128293 0.86888
-3.26504 5.53571 -13.5411 0.476415 0.0751259 0.12124 0.867575
-3.38037 5.63261 -13.6655 0.478484 0.0830551 0.113455 0.866766
-3.44187 5.72498 -13.8188 0.478227 0.0880628 0.102837 0.867738
-3.42149 5.76313 -13.8444 0.484516 0.0841961 0.0920322 0.865844
-3.44888 5.81456 -13.8699 0.491965 0.0864224 0.0825259 0.862375
-3.45199 5.82935 -13.841 0.502332 0.0876298 0.0694149 0.857417
-3.45876 5.86232 -13.8597 0.507723 0.0869466 0.0624913 0.854841
-3.49889 5.90111 -13.8965 0.512879 0.0905104 0.0557895 0.851851
-3.52771 5.96521 -13.9375 0.517693 0.0925111 0.0509465 0.849023
-3.51082 6.05036 -14.0172 0.519162 0.0897891 0.0439702 0.848808
-3.61842 6.12932 -14.1227 0.518123 0.0977915 0.0428497 0.848616
-3.68905 6.25836 -14.2706 0.517292 0.104015 0.036973 0.848659
-3.76054 6.39718 -14.4278 0.516043 0.109636 0.0316825 0.848927
-3.84757 6.50736 -14.5329 0.517673 0.115829 0.027279 0.847263
-3.93554 6.60916 -14.6219 0.520331 0.122005 0.0230769 0.844889
-3.96743 6.74095 -14.7452 0.522248 0.123567 0.0163205 0.843636
-3.96469 6.74697 -14.746 0.527658 0.127818 0.0117084 0.839704
-3.98645 6.73386 -14.769 0.529148 0.133875 0.0119732 0.837816
-4.04072 6.86735 -14.9038 0.529305 0.13457 0.0096776 0.837636
-4.09849 7.00144 -15.0382 0.529606 0.134788 0.00810085 0.837427
-4.15607 7.13708 -15.1641 0.530868 0.13447 0.00730726 0.836686
-4.21467 7.27063 -15.2994 0.531056 0.132621 0.00787671 0.836857
-4.27491 7.40253 -15.4297 0.531591 0.130199 0.00959874 0.836879
-4.33415 7.52288 -15.5583 0.531967 0.127121 0.0124006 0.837077
-4.392 7.6463 -15.685 0.532678 0.122551 0.0162356 0.837241
-4.45369 7.76579 -15.8144 0.533222 0.117098 0.0216319 0.837553
-4.51053 7.89882 -15.9372 0.534924 0.109576 0.0280039 0.837296
-4.56924 8.03419 -16.0449 0.538075 0.100599 0.0363066 0.836084
-4.62076 8.17109 -16.1572 0.540848 0.0900052 0.0450074 0.835079
-4.66483 8.30976 -16.2637 0.544126 0.0775924 0.0544978 0.833629
-4.62744 8.41742 -16.2776 0.554431 0.0551163 0.0630938 0.828002
-4.63702 8.44414 -16.2693 0.562262 0.0386563 0.0765016 0.822505
-4.63517 8.47244 -16.2592 0.571455 0.0207761 0.0885835 0.815574
-4.62414 8.54941 -16.2415 0.581015 0.000317899 0.100295 0.80769
-4.61595 8.6057 -16.2256 0.588918 -0.0207218 0.113201 0.799957
-4.62501 8.58121 -16.209 0.595189 -0.03671 0.124763 0.792992
-4.60896 8.60807 -16.1935 0.601275 -0.0576679 0.136487 0.785184
-4.60985 8.6103 -16.1765 0.606219 -0.0760528 0.148399 0.77762
-4.60924 8.6411 -16.1531 0.611897 -0.0956759 0.160708 0.768506
-4.60802 8.66812 -16.1454 0.614288 -0.114597 0.172158 0.761498
-4.61361 8.66595 -16.1479 0.614927 -0.12969 0.180858 0.756529
-4.61051 8.75778 -16.178 0.614685 -0.143977 0.186109 0.752859
-4.59534 8.80219 -16.2032 0.613251 -0.157447 0.187018 0.751105
-4.62914 8.72273 -16.1562 0.612517 -0.166387 0.193151 0.748219
-4.62016 8.61428 -16.0866 0.610999 -0.173562 0.197726 0.746633
-4.60342 8.53961 -16.0469 0.609713 -0.176049 0.197357 0.7472
-4.59199 8.4937 -16.0336 0.606757 -0.176191 0.196072 0.749906
-4.59084 8.45314 -16.0104 0.606204 -0.176699 0.197659 0.749817
-4.57668 8.4529 -16.0101 0.603948 -0.177346 0.197794 0.751447
-4.56522 8.44289 -16.0076 0.602404 -0.17171 0.192071 0.755469
-4.54874 8.43605 -16.0269 0.59934 -0.166234 0.187915 0.760162
-4.54284 8.41942 -16.0246 0.597892 -0.158717 0.182397 0.764242
-4.53466 8.40967 -16.0389 0.595602 -0.145845 0.171364 0.771118
-4.53978 8.39617 -16.0287 0.59574 -0.1314 0.160831 0.775862
-4.52095 8.4156 -16.0493 0.592055 -0.112462 0.140899 0.785475
-4.51687 8.40222 -16.0769 0.586131 -0.0901894 0.120374 0.796132
-4.52168 8.38693 -16.0854 0.582897 -0.0719797 0.104698 0.802551
-4.49453 8.44603 -16.1146 0.578495 -0.0529914 0.0818779 0.809834
-4.49295 8.43213 -16.1082 0.575481 -0.0328059 0.0626668 0.814751
-4.485 8.44602 -16.1153 0.570786 -0.0125416 0.0413109 0.819963
-4.46106 8.46583 -16.1153 0.566465 0.00710906 0.0175657 0.823868
-4.44325 8.48346 -16.1132 0.562397 0.0251426 -0.00410779 0.826475
-4.42678 8.49507 -16.1051 0.559413 0.0392495 -0.0216085 0.827677
-4.41242 8.48837 -16.0873 0.556036 0.0551337 -0.0405129 0.828338
-4.397 8.48778 -16.0796 0.551662 0.0696805 -0.0586096 0.829083
-4.3955 8.47077 -16.0848 0.54539 0.0845418 -0.075311 0.8305
-4.40583 8.42835 -16.0672 0.540906 0.0983172 -0.0880091 0.830667
-4.39786 8.38533 -16.0479 0.537305 0.107586 -0.0991938 0.830595
-4.4046 8.34032 -16.0453 0.531778 0.116362 -0.108033 0.831866
-4.41128 8.29715 -16.0453 0.525846 0.122567 -0.114905 0.833823
-4.40318 8.25028 -16.0138 0.523928 0.125053 -0.118934 0.834096
-4.3968 8.20858 -15.9756 0.52373 0.12483 -0.118997 0.834245
-4.39085 8.16979 -15.9386 0.523781 0.123937 -0.118986 0.834347
-4.38437 8.13437 -15.9036 0.524398 0.121099 -0.117176 0.834632
-4.37824 8.10192 -15.8731 0.525368 0.116025 -0.112618 0.835371
-4.37147 8.06923 -15.8428 0.526621 0.109365 -0.10642 0.836292
-4.36536 8.03766 -15.8128 0.528133 0.101438 -0.0986973 0.837284
-4.35949 8.00578 -15.7833 0.529738 0.0922706 -0.0894453 0.83837
-4.35273 7.97519 -15.7561 0.531045 0.0819982 -0.0791492 0.839644
-4.34643 7.94446 -15.7266 0.532437 0.0708586 -0.0676201 0.840784
-4.33928 7.91292 -15.6991 0.533625 0.0588819 -0.0552678 0.841857
-4.33217 7.88216 -15.6729 0.534612 0.0464121 -0.042142 0.842769
-4.32485 7.85292 -15.647 0.535501 0.0335193 -0.0283743 0.843392
-4.31672 7.82252 -15.6204 0.536297 0.0202511 -0.0139016 0.843672
-4.31041 7.79267 -15.5948 0.536794 0.00724248 0.000981085 0.843682
-4.30392 7.76319 -15.5699 0.537081 -0.00566758 0.0161417 0.843357
-4.29775 7.73445 -15.5443 0.537258 -0.0180986 0.0312763 0.842643
-4.29263 7.70382 -15.519 0.537128 -0.029782 0.046417 0.841696
-4.28838 7.67495 -15.4929 0.537031 -0.0407339 0.0614217 0.840337
-4.28476 7.64525 -15.4677 0.536244 -0.0505544 0.0759213 0.83912
-4.28157 7.61685 -15.4432 0.53531 -0.0594333 0.0898521 0.837757
-4.27852 7.58905 -15.4195 0.534233 -0.0674002 0.103292 0.836291
-4.27619 7.56194 -15.396 0.533151 -0.0743877 0.11611 0.834706
-4.27398 7.53455 -15.3729 0.532018 -0.0805377 0.128353 0.833065
-4.2725 7.50806 -15.3507 0.530912 -0.0857517 0.139757 0.831413
-4.26849 7.48802 -15.3471 0.528052 -0.0902701 0.1498 0.831006
-4.26663 7.46019 -15.3215 0.527084 -0.0942595 0.160099 0.829257
-4.26694 7.43546 -15.2923 0.526857 -0.0973445 0.169628 0.827147
-4.26476 7.40913 -15.2679 0.526277 -0.099753 0.177608 0.825553
-4.26338 7.38378 -15.2448 0.525953 -0.0998918 0.182171 0.824748
-4.2631 7.36215 -15.2229 0.526253 -0.0969528 0.181875 0.824972
-4.26311 7.3394 -15.2008 0.526538 -0.0940695 0.181625 0.82518
-4.2623 7.31867 -15.18 0.526902 -0.0916667 0.181503 0.825245
-4.26151 7.30099 -15.1629 0.527094 -0.0897167 0.181465 0.825344
-4.26076 7.2866 -15.1489 0.527139 -0.0879773 0.181181 0.825565
-4.25989 7.27379 -15.1371 0.527183 -0.0868452 0.181257 0.82564
-4.25983 7.26368 -15.1287 0.527068 -0.0860641 0.181316 0.825782
-4.25847 7.25677 -15.1217 0.527023 -0.0861641 0.18103 0.825864
-4.25764 7.25509 -15.1199 0.526861 -0.0868733 0.18078 0.825947
-4.25791 7.25462 -15.1168 0.52761 -0.0824474 0.171647 0.827869
-4.25803 7.25379 -15.1127 0.52843 -0.0776522 0.161073 0.829932
-4.25732 7.25333 -15.108 0.529305 -0.0725653 0.148911 0.832103
-4.25653 7.25156 -15.1024 0.530133 -0.0671446 0.135437 0.83433
-4.25476 7.24831 -15.0951 0.530921 -0.0616273 0.120943 0.836479
-4.2529 7.24444 -15.0871 0.531597 -0.0557954 0.105508 0.838546
-4.25062 7.2399 -15.0783 0.532196 -0.0498761 0.0893143 0.840418
-4.24867 7.23434 -15.069 0.532589 -0.0437169 0.0726042 0.84212
-4.24588 7.22866 -15.0596 0.532829 -0.0376877 0.0556139 0.843552
-4.24291 7.22154 -15.0487 0.532976 -0.0315202 0.0383368 0.844674
-4.23984 7.21435 -15.038 0.53286 -0.0253822 0.0209409 0.845563
-4.23671 7.20591 -15.0263 0.532578 -0.0193035 0.0035922 0.846153
-4.23342 7.19558 -15.0135 0.532126 -0.0131717 -0.0136714 0.846452
-4.23042 7.18501 -15.0006 0.531651 -0.00733558 -0.0301503 0.846395
-4.22713 7.17295 -14.9866 0.531185 -0.00176117 -0.0459086 0.84601
-4.22422 7.15944 -14.9705 0.530892 0.00373473 -0.0609891 0.845234
-4.22085 7.14588 -14.9539 0.530732 0.00886039 -0.0751555 0.844154
-4.21834 7.13189 -14.937 0.53061 0.0138065 -0.0882224 0.842899
-4.21558 7.11638 -14.9194 0.530618 0.0182942 -0.099747 0.841523
-4.21277 7.1004 -14.901 0.530885 0.0223114 -0.109752 0.840011
-4.21051 7.0827 -14.8833 0.531955 0.0198721 -0.108942 0.8395
-4.20906 7.06293 -14.8637 0.533151 0.0182529 -0.108285 0.838863
-4.20696 7.04368 -14.8435 0.534545 0.017018 -0.107603 0.838089
-4.2049 7.02374 -14.8222 0.536075 0.0162461 -0.106986 0.837206
-4.20298 7.00244 -14.8004 0.537644 0.0159485 -0.106152 0.836311
-4.20135 6.97982 -14.7776 0.539115 0.0160554 -0.105419 0.835455
-4.20023 6.95701 -14.7548 0.538908 0.0165664 -0.105304 0.835593
-4.1982 6.9336 -14.7314 0.538648 0.0172207 -0.105256 0.835753
-4.19695 6.9095 -14.707 0.538382 0.0185445 -0.10523 0.8359
-4.19528 6.88375 -14.6811 0.537964 0.0204285 -0.105516 0.836089
-4.19408 6.85866 -14.6551 0.537503 0.0229945 -0.105836 0.836278
-4.19242 6.83258 -14.628 0.537027 0.0256909 -0.105961 0.836489
-4.19074 6.80484 -14.5997 0.536443 0.0289087 -0.106241 0.836724
-4.189 6.77645 -14.5701 0.535739 0.0327828 -0.106832 0.836956
-4.1871 6.74782 -14.54 0.535131 0.0368278 -0.107231 0.837126
-4.18496 6.71834 -14.5088 0.534607 0.0409935 -0.107439 0.83724
-4.18263 6.68821 -14.477 0.534047 0.0453546 -0.107765 0.837331
