1.0 0.0 0.0 0.0 0.0 -1.0 0.0 0.0 0.0 0.0 -1.0 0.0
1.0 0.0 0.0 0.0 0.0 -1.0 0.0 0.0 0.0 0.0 -1.0 0.0
0.9999522277603448 0.003059825838031934 0.009283300219478787 -0.00221468 0.002881874383135503 -0.999813001018584 0.019122180687706228 0.0442257 0.009340074794341322 -0.01909451387321421 -0.999774055745988 -0.1035
0.9998009917905152 0.006888057982697549 0.018722485730498752 -0.0614052 0.006123335137539188 -0.9991567169590808 0.04059999658059457 0.0744917 0.01898635250634283 -0.04047727279323435 -0.9990000544573191 -0.172074
0.999524088022286 0.011227286672389617 0.028732307550799228 -0.13216 0.009379611919217273 -0.9979280597701028 0.06365226157587278 0.0932834 0.029387418114945194 -0.06335247080781015 -0.9975584414454539 -0.204141
0.9991088727180576 0.015937231326142047 0.03908279818167608 -0.200462 0.012459199546604325 -0.996071352376647 0.08767342425852988 0.106844 0.04032652728304882 -0.08710835569688662 -0.9953822911650955 -0.223364
0.998526088633248 0.020820409361775226 0.05012146119972422 -0.265253 0.015005211225421401 -0.9933993510989295 0.11372147058628077 0.117276 0.052158354602765654 -0.11280177210591125 -0.9922475831438938 -0.238272
0.99779671227324 0.026050365192630837 0.0610172061802563 -0.323656 0.01725965532856352 -0.9899444795475031 0.14039954313089054 0.125621 0.06406110578699473 -0.1390370665928844 -0.9882129673499501 -0.249236
0.9968901115961077 0.0318838595425149 0.07206611480142874 -0.377529 0.019404344874678063 -0.9856542307009402 0.16765801174212377 0.133739 0.07637785544177109 -0.16573821829020227 -0.9832076414451347 -0.257298
0.9958803226606954 0.03780076825651357 0.08242259918521337 -0.423667 0.021136851611546194 -0.9806983769092927 0.1943808813423534 0.140486 0.08817945589070313 -0.19183794058187745 -0.9774572052586872 -0.26312
0.994785958723987 0.04379290143886768 0.09210362701416007 -0.462094 0.02252864604367088 -0.9751631089508171 0.22033921813607202 0.14589 0.09946535292772497 -0.21711539034564584 -0.971065163025644 -0.267412
0.9935556011547941 0.05010285205401885 0.10167089863863925 -0.495765 0.023734760306268254 -0.9690772623136341 0.24561335635489312 0.151153 0.11083288576563975 -0.24161739151552153 -0.9640213211076276 -0.26847
0.9922323774977253 0.05633616216658567 0.11091053095874795 -0.525194 0.024549503645172513 -0.9627207517772134 0.2693809124052637 0.155846 0.1219517565104615 -0.26456566468432147 -0.9566257252207657 -0.268468
0.9909033935773329 0.06214740169258355 0.11936567789689646 -0.547533 0.024875561816352424 -0.9562827788721139 0.2913836873556037 0.158864 0.13225608122595273 -0.28576379633446924 -0.9491298023364697 -0.268029
0.9895460926934115 0.06794599301256085 0.12720798901303154 -0.56402 0.02521045181397907 -0.9499763661821669 0.31130264504925237 0.162051 0.1419963504972489 -0.30484134517624545 -0.9417583504894448 -0.264471
0.9882151265405276 0.07346952980519741 0.13428734812591994 -0.575021 0.025557330215386947 -0.9441639631083582 0.32848323190047346 0.165477 0.15092278339849977 -0.32118007247916514 -0.934914795312133 -0.26129
0.9868801167609125 0.07854386016051905 0.14106203306720264 -0.582096 0.025750906371746613 -0.9390813945915581 0.3427287924190321 0.168558 0.15938797308141314 -0.33459975547369913 -0.9287833319315864 -0.256586
0.9857136739958982 0.08275431668009864 0.14669790717088607 -0.590733 0.025845625718189817 -0.9349762754446159 0.35376739248685535 0.170508 0.1664348416911051 -0.34492185698578665 -0.9237577366629918 -0.255722
0.9847771135072098 0.0864844618799149 0.15077955619297043 -0.600959 0.02756984315773498 -0.934171112579894 0.35575867687169654 0.172087 0.17162150349144908 -0.3461860341992205 -0.9223346948178573 -0.25815
0.984048091725077 0.08933750481226961 0.153844607985304 -0.614957 0.029115074884724704 -0.9339819721605637 0.3561319812843559 0.173392 0.1755040329641773 -0.34597179930303806 -0.9216842455528506 -0.264698
0.9836907148728732 0.09077411252413693 0.15528244578300263 -0.631461 0.029933248873833033 -0.9338899635150891 0.3563053980192309 0.174038 0.1773600239195772 -0.34584620359524076 -0.9213760499242457 -0.2758
0.9836367348662342 0.09076179692310346 0.15563119880339954 -0.651668 0.02980571625654693 -0.9339107501278373 0.35626160342379637 0.173074 0.17768059291922728 -0.3457933009977919 -0.9213341412782458 -0.288414
0.9839706002831174 0.08952476894876454 0.15423090975272002 -0.673921 0.03128580001379184 -0.9381056382442361 0.34493334169353823 0.170798 0.17556496374840386 -0.33457902988538374 -0.9258692220097702 -0.304692
0.9846426191054065 0.08699538688740027 0.15136285971649996 -0.698479 0.03276588409621084 -0.94368105103967 0.3292301182274446 0.167337 0.1714797640558179 -0.31921446798191183 -0.9320390624595012 -0.32395
0.9854585711215958 0.08397612091190414 0.14771396589209684 -0.726621 0.034619132564168195 -0.9503309556450709 0.3093098614710344 0.164994 0.16635179669449573 -0.2996983247522668 -0.9394189661046862 -0.346512
0.9865881853819816 0.07995589677433344 0.14230533031373382 -0.754423 0.0364518423506333 -0.957718510362334 0.28538836363558423 0.161017 0.15910693150813177 -0.2763734963421131 -0.9477883069893311 -0.375927
0.9879191879255024 0.0748217501979346 0.13571066216747163 -0.783899 0.03769490632431877 -0.9654423366499637 0.25787630492361785 0.155516 0.15031557526023898 -0.24964534904775568 -0.9565994080768644 -0.409441
0.9892128472643552 0.07013114917054192 0.12860623905225768 -0.815833 0.03940117327529957 -0.9729771049778196 0.2275150560589581 0.152876 0.1410868184901661 -0.21999357969040878 -0.9652447018986029 -0.450447
0.9906324218562192 0.06481296584337407 0.12019436020823672 -0.846111 0.040454905065363464 -0.979967332220868 0.19500622665973366 0.150255 0.13042547842900237 -0.18831703916135845 -0.9734094140381349 -0.498352
0.9920260310435625 0.05908719655511462 0.11132410761023044 -0.878318 0.040655086966512884 -0.9860994473985187 0.16110569122188384 0.146797 0.11929592463995654 -0.15529514816501178 -0.9806385161315585 -0.551019
0.9933267705486581 0.05325845377345255 0.10230085050005343 -0.912063 0.040189679806165904 -0.9912400032881727 0.12580956052041797 0.145067 0.10810511804929092 -0.12085856603039716 -0.9867656715090085 -0.610927
0.9945919118823395 0.04716739968440514 0.09253196866620927 -0.942469 0.03884610759590726 -0.9952059733606194 0.08975550407629262 0.14595 0.09632190167807089 -0.0856755915903343 -0.9916560816446226 -0.680715
0.9957553251002426 0.041212359884320184 0.08229747218034962 -0.97083 0.03689641725883044 -0.9978970383975411 0.0532931060351945 0.149472 0.0843207384216506 -0.05003041225276363 -0.9951818783126257 -0.758052
0.9967371854165298 0.03544569262242757 0.07251610912377182 -0.999689 0.03426831107506047 -0.9992608967675053 0.01741674617901452 0.155262 0.07307986086465468 -0.014874913980178586 -0.9972151577618972 -0.841252
0.997660317609678 0.030187553255480275 0.06134005457613876 -1.02082 0.031340503328803074 -0.9993480846685282 -0.017921454194386625 0.167326 0.060759061201218566 0.019801951868231495 -0.997956020666319 -0.931786
0.9984565926334331 0.024709128338663986 0.04973823080466353 -1.03688 0.027278154383043488 -0.9982924906785534 -0.05165273805196473 0.180848 0.04837700817836293 0.052929783974181036 -0.9974257381119443 -1.02601
0.9991184883231543 0.019302287294492338 0.03727825097903287 -1.04669 0.02236175016878465 -0.9962585651663816 -0.08347947928689767 0.196605 0.03552743193989322 0.08423949808625167 -0.9958119845341953 -1.12323
0.9995533400965475 0.013549861082389265 0.02663684603107632 -1.05954 0.016461223852085382 -0.9935368568817551 -0.11231002683115224 0.21197 0.0249429030212373 0.11269833753064218 -0.9933161311016259 -1.22631
0.9998085674534872 0.008531748514669403 0.01760788783154259 -1.07536 0.01087969679374164 -0.9903884470892547 -0.1378853004123744 0.230961 0.016262245979015235 0.13805047315897517 -0.9902916773437517 -1.33062
0.9999494772695617 0.00427546760145384 0.009097432886200088 -1.08801 0.005671210048265488 -0.987196627405612 -0.1594072025210072 0.253841 0.008299414733488674 0.159450742286682 -0.9871709986113387 -1.43737
0.9999951385578938 -0.00029839247676956624 0.003103839961812712 -1.10583 0.00025528147173807476 -0.9842346362468488 -0.17686750872730553 0.276788 0.003107682729772371 0.17686744124898487 -0.9842297752730751 -1.54728
0.9999874926053084 -0.004899188506939312 -0.001006272787025318 -1.12526 -0.005001098950488876 -0.9818952615008844 -0.1893586133541259 0.300612 -6.035093912294974e-05 0.18936127744098952 -0.9819074818758032 -1.65917
0.9999559618177649 -0.008847363228219208 -0.0031302697993597726 -1.14746 -0.009289737481655534 -0.9804972480389886 -0.19631313599831277 0.32726 -0.001332367303243945 0.1963335701093373 -0.9805362584042934 -1.77267
0.9999048340611623 -0.013189705583660968 -0.004044068216023924 -1.17176 -0.013729603884265714 -0.980067135704479 -0.1981915928822398 0.350874 -0.0013493695937985498 0.19822825524792037 -0.9801549561283995 -1.88584
0.9998470857187218 -0.017253730623228263 -0.0028485012479782445 -1.19789 -0.01747747402738529 -0.9804839165079031 -0.19582090636840832 0.372168 0.0005857315090815611 0.1958407471618303 -0.9806355381433487 -2.00933
0.999768176897884 -0.021531038902085815 8.262008165073678e-05 -1.21535 -0.021128921094333734 -0.9818201513196113 -0.188633928963283 0.386276 0.004142602523830104 0.18858845358752044 -0.9820474703484537 -2.14766
0.9996507657921124 -0.025455011667607587 0.007098509156504536 -1.23083 -0.023797203896128168 -0.9839162560691436 -0.17703811490638238 0.397679 0.011490845833493695 0.1768073624708013 -0.98417839695766 -2.2826
0.9994718849195608 -0.02883568512392061 0.014981806258736158 -1.23329 -0.026028641899777806 -0.9864229329869364 -0.16214902737390494 0.41021 0.019454075567688467 0.16167343795714975 -0.9866525418823601 -2.42017
0.9991942042400425 -0.031487627396602706 0.024889185081903888 -1.23579 -0.027596192551273373 -0.9892454380194066 -0.14363813391458996 0.424804 0.02914433683894002 0.14283554417134886 -0.9893172468685126 -2.55396
0.9988389213944212 -0.034061745034313216 0.03406767724467424 -1.22651 -0.029606607988461462 -0.991882165278328 -0.12366575502617362 0.440144 0.038003392888628064 0.12251354099850946 -0.9917389648496017 -2.69602
0.9983497482879755 -0.0359429337521324 0.04478711429223035 -1.22074 -0.031293156302590545 -0.9944434691243775 -0.100513307996975 0.456471 0.04815099647937849 0.09894590557048302 -0.9939271549308226 -2.83239
0.9976902491823495 -0.037213347794982414 0.05682722439422161 -1.21486 -0.03294311961592033 -0.9966904803943181 -0.07431579348506394 0.471436 0.05940469305057222 0.07227207646963786 -0.9956142975100016 -2.97318
0.9968103257763442 -0.03719754894911704 0.07060819200231976 -1.21605 -0.033996541672228535 -0.9983624156448841 -0.04600784913511736 0.48839 0.07220394435200088 0.043460664742837656 -0.9964425528047886 -3.11322
0.9953300254438886 -0.03724982055231568 0.08905386751112318 -1.24566 -0.03587169143950081 -0.9992113497590316 -0.017026457823159872 0.496619 0.08961786765560562 0.013752431841491814 -0.9958812722485084 -3.23836
0.9926828068621921 -0.03799793212683024 0.11461676192548874 -1.30663 -0.039897254784855396 -0.9991011406805134 0.014322002357531394 0.49525 0.11396953110736087 -0.018790099653317537 -0.9933065378493119 -3.36938
0.9900475711238398 -0.03783420583418651 0.13555212938453676 -1.35653 -0.04439910047490607 -0.9979662838048203 0.04573856431739379 0.493078 0.13354597256677186 -0.05130174712125875 -0.9897139000506671 -3.49648
0.9875354652431473 -0.03603463503291864 0.15321621965394158 -1.39801 -0.048855695155497 -0.9955359208636373 0.08075488419323536 0.490184 0.14962227754540322 -0.0872337970527138 -0.9848875259205451 -3.6271
0.9850611686076464 -0.033243193833629094 0.16896563012955662 -1.4425 -0.05285790576564895 -0.9921937590764692 0.11294948538074577 0.498632 0.16389184207704832 -0.12019332141781129 -0.9791287094080875 -3.77894
0.9841731769610345 -0.03122066603627436 0.17443746089265444 -1.46385 -0.0563304580881747 -0.9884186803461088 0.14090916164122785 0.505287 0.16801796702139127 -0.14850515935518438 -0.974533827223504 -3.91785
0.9843853198594411 -0.027071458844284024 0.17393297031117663 -1.47466 -0.05666459781725178 -0.9842411267857186 0.16750679895988937 0.509589 0.16665732927007895 -0.17474707568260459 -0.9704065097375135 -4.04325
0.9871566004243018 -0.021499550601592702 0.15830229171640228 -1.43554 -0.052886562516818156 -0.9790096731393569 0.19683259741395565 0.503006 0.15074766248234187 -0.20267666176326077 -0.967572898045729 -4.10679
0.9881890684614849 -0.014783880328666378 0.15252475817273242 -1.43695 -0.049476957869887324 -0.9728088798221928 0.2262629310758445 0.488115 0.14503239504732807 -0.23113701612143095 -0.9620505621667281 -4.1888
0.9875064260653592 -0.007518077657974402 0.15739929157385132 -1.4536 -0.04924108817083924 -0.9635631683851791 0.2629093679716776 0.475477 0.14968758704506271 -0.2673752027392294 -0.9518950190250934 -4.25507
0.9863223314048881 0.0018525865361046917 0.16481755517890753 -1.47536 -0.04589878427888035 -0.9572987718970243 0.2854336401445528 0.449704 0.15830843367852135 -0.28909449881928834 -0.9441201250787306 -4.39219
0.9829485072048522 0.028420542204746626 0.18167142032950792 -1.51973 -0.02813980489353721 -0.9530968416401046 0.3013545450730929 0.494243 0.18171511649916797 -0.30132819854179815 -0.9360453691991902 -4.41242
0.9805106383283679 0.054034245785898403 0.18888935493363737 -1.54426 -0.007565207260292181 -0.950338237112412 0.311126988095185 0.532131 0.19632028872229515 -0.30649230881772827 -0.9314079712304233 -4.48476
0.9775828603198582 0.07676991343526135 0.1960564500341347 -1.56588 0.012450567662702 -0.9506067236355844 0.31014809421258144 0.574192 0.2101826219593836 -0.30075444696622905 -0.9302526689326489 -4.50926
0.9763235135628081 0.07817640699570838 0.20169493363397661 -1.57836 0.013404218749994264 -0.9524833542823261 0.3042955581910305 0.565556 0.21589980033356948 -0.2943873455234275 -0.9309797887234688 -4.51503
0.9730958779036597 0.0963146740288029 0.20930335872515624 -1.59271 0.028575764817670005 -0.9518705323815361 0.30516538999168386 0.569947 0.22862160456087963 -0.2909741795252918 -0.9290135568319725 -4.5362
0.9639012221510027 0.11830840756039675 0.23853208303355403 -1.63509 0.04167847736768866 -0.9518598268638022 0.3036869679902702 0.596036 0.2629778288375549 -0.2827825855729723 -0.9224297647173741 -4.55647
0.9539747155198331 0.13271549332172383 0.26892162423506477 -1.68118 0.0531723573418806 -0.9573909324000328 0.2838578922152838 0.609402 0.295135464767556 -0.2564940552733489 -0.9203835380132955 -4.55737
0.9452526602913895 0.14375203611667042 0.29297228593224056 -1.70581 0.057862089409732066 -0.9573563356611614 0.28305622264591535 0.620339 0.3211687824512077 -0.25060765886489844 -0.9132614162971431 -4.5529
0.9410736060315646 0.15817098261948678 0.2989354583985194 -1.7258 0.07238754526210905 -0.9576154343191808 0.2788058881096528 0.653304 0.3303642101101042 -0.24073765848091178 -0.9126362191297551 -4.59501
0.9362897905121397 0.1830399484575039 0.29976291540383754 -1.74011 0.09643460392721423 -0.9546407677904531 0.2817115042696267 0.706131 0.33773035893762243 -0.23485608729843238 -0.9114717894212285 -4.63295
0.9387313004404633 0.18912033935235853 0.28812678253957125 -1.72389 0.10725377934796712 -0.9547883763234445 0.2772648251279238 0.692452 0.3275365206949207 -0.22937448349999465 -0.9165736052986561 -4.7132
0.9400591702764547 0.19733508123718568 0.27811440468313864 -1.7087 0.11929497112134119 -0.9543282576778866 0.27390926684332395 0.689312 0.3194643426805277 -0.22431326824466313 -0.9206661129014664 -4.77362
0.9403171636378662 0.20093118970254029 0.274645751419459 -1.69775 0.12634993601680125 -0.9555248456320877 0.2664731938644574 0.668653 0.3159736150956085 -0.215867844721015 -0.9238840555929708 -4.81997
0.9396227210929489 0.20850601515983322 0.27135656182972606 -1.69146 0.13544240315394743 -0.9547862994605214 0.26464783730529007 0.658259 0.3142681934809282 -0.21191593617434984 -0.9253794565266633 -4.87477
0.9358531097373566 0.22111046613851074 0.2743886272405074 -1.72384 0.15023103103186505 -0.9546841016556724 0.2569219791318073 0.649651 0.3187625986686996 -0.19921954675661852 -0.9266617386512002 -4.88796
0.9296165845404963 0.2396687312985992 0.27994982583488504 -1.76874 0.1719127426822238 -0.9539477679999792 0.24582445938379208 0.67442 0.3259739478098489 -0.18039555195618875 -0.9280077748508814 -4.91274
0.9211922854805301 0.2662988840466415 0.2837070276300376 -1.80707 0.19736275360360184 -0.9481456466686704 0.2491340526569039 0.731252 0.335339703377279 -0.17350716716828266 -0.9259819362601391 -4.96265
0.9147239817204934 0.2837055198774261 0.28773462644681086 -1.83266 0.21601702015819668 -0.9451130348368041 0.24514893102671104 0.740772 0.3414918509531079 -0.16208802970190378 -0.9258027794082145 -4.98247
0.9110133153700115 0.29713313810580116 0.2859486622768838 -1.83152 0.240996726051051 -0.9462960354759014 0.21550960831310217 0.751277 0.3346271316722766 -0.12741943133600508 -0.9336964020851717 -5.0275
0.9032582864843314 0.31370448047386384 0.29276947728206415 -1.87876 0.2682295475809437 -0.9453467150129885 0.1853982152521268 0.790213 0.33492891440111905 -0.08893304978901184 -0.9380370648078428 -5.08982
0.8959979747140949 0.3261614057835111 0.3013409475752739 -1.93488 0.2902131429387111 -0.9437351966956349 0.15855664660772378 0.835446 0.3361011171862947 -0.05461333074602935 -0.9402411515834377 -5.18425
0.8919816803807712 0.33143367181722405 0.3074417067524324 -1.96487 0.3064176915857575 -0.9432696534714231 0.12786930485130876 0.862861 0.332380625410615 -0.019851499330125713 -0.9429363911876529 -5.31318
0.892722293632083 0.33965006455315616 0.2961160922700922 -1.89952 0.3250274013347042 -0.9405182816604162 0.09890677552193713 0.905685 0.3120962909646349 0.007949560464238302 -0.9500172154516692 -5.45579
0.8939161871030954 0.34773304971433083 0.2828348927756873 -1.82404 0.342918718235632 -0.9368963814971243 0.06805823257495203 0.947515 0.28865308437412385 0.036151023138574316 -0.956751012754802 -5.58657
0.8951803602577604 0.35577471224107166 0.26847062546686346 -1.74661 0.3601449474197949 -0.9322559758285951 0.03456027169839798 0.989508 0.26257901564439484 0.065750662822945 -0.9626677053280452 -5.71218
0.8957876220191703 0.3643634739628013 0.25456589535717233 -1.66819 0.3768495819397752 -0.9262744204547619 -0.0003010033408625337 1.03305 0.23568820256656134 0.09620268630840606 -0.9670553832733624 -5.824
0.8959557274234593 0.37314951864103213 0.24087916314008226 -1.59329 0.392488971436408 -0.9190454308848834 -0.0361649453256859 1.07896 0.20788396233930803 0.1269446048778181 -0.9698810883270816 -5.93115
0.895838494085899 0.3816982299817051 0.22755187044439257 -1.5207 0.4065667187782571 -0.9107023469635367 -0.07297080523734997 1.12409 0.17937919527021473 0.1578850735944948 -0.9710280159914393 -6.0312
0.8953286065765634 0.39059642350635615 0.21405868398575176 -1.44879 0.41954479216415774 -0.9009425200702305 -0.11083655939010179 1.17036 0.14956220650151672 0.18904234836021577 -0.9705123064200948 -6.12632
0.8942149516563058 0.40029398324984555 0.20036054304249337 -1.38065 0.43166398104075376 -0.889608337298895 -0.14920862468484608 1.21945 0.11851509484600795 0.2199130127624735 -0.9682935707270672 -6.22207
0.8928977689331191 0.40943201747132796 0.18734726393416154 -1.32653 0.4416026664349615 -0.8775221923236515 -0.18692749122861657 1.26573 0.08786728191875673 0.2496401911729172 -0.964343878354272 -6.3309
0.8845563061045522 0.4243721262721937 0.19356766200449588 -1.3531 0.46029101139453377 -0.861319150418793 -0.21508488080580057 1.3164 0.07544750598970557 0.27935214258184154 -0.9572199612810356 -6.3701
0.8758560924071316 0.43435779451830503 0.21026034275274952 -1.43096 0.47677600518363594 -0.8462072209394126 -0.2379453300889291 1.32865 0.0745704115212152 0.3086529532844125 -0.9482471239895044 -6.38701
0.8706073432518988 0.44048595838528637 0.21912319443926 -1.48534 0.4876230688086327 -0.8317191284621617 -0.26545627533700006 1.32361 0.06531919045365922 0.337957707140313 -0.9388918955571726 -6.43573
0.8655907472563064 0.4435780208442535 0.23236006044104163 -1.55269 0.497163718315869 -0.816717429951011 -0.2929178669944099 1.29741 0.059840583675368486 0.36906798701338284 -0.9274739486946687 -6.46421
0.8599261759370834 0.44778228880158355 0.24498570116200571 -1.61709 0.5076746991821016 -0.8000444004683408 -0.3196800855380516 1.27404 0.05285235802295821 0.3992743156213139 -0.9153068606410336 -6.48788
0.8587129780598473 0.4505647554575942 0.2441381216668679 -1.6269 0.5113040610930892 -0.7852403754462809 -0.3492358943160026 1.2617 0.03435372499893721 0.424722207929397 -0.9046716905431911 -6.56912
0.8589922721875045 0.45030382626441745 0.2436364922867142 -1.63627 0.5116216076449894 -0.7729719441662961 -0.3751768971065962 1.23399 0.019380580819606308 0.4469237491825673 -0.8943620941786905 -6.64774
0.8563889162481403 0.45058556170723646 0.2521322583651485 -1.68936 0.516105934594923 -0.7614430003962364 -0.392223433037189 1.2089 0.015254127416435323 0.4660227555909169 -0.8846412283339568 -6.69683
0.8528915041510851 0.45729495813785737 0.2519075294797572 -1.70008 0.522087535753085 -0.7462772177336244 -0.4129103041860685 1.22563 -0.0008289500411540196 0.4836854717204721 -0.8752414965530219 -6.76918
0.8496760012114658 0.46354634724546834 0.2513473232813054 -1.70657 0.5270446140776941 -0.7315874728462138 -0.4324392955620302 1.24224 -0.01657310281715199 0.49990454441810594 -0.8659219241554853 -6.83936
0.8473904106619282 0.46709669215693517 0.25248796425623377 -1.719 0.5302117394746748 -0.7189779962916861 -0.44938419216927394 1.24633 -0.028372579041170493 0.5146759378720174 -0.8569152091858979 -6.90385
0.8461742612973635 0.4722055634589935 0.2470040998773821 -1.70179 0.5309042807966091 -0.7068347613593782 -0.46746685953751466 1.26702 -0.04614936781470093 0.5266939585493702 -0.8488013371089245 -6.99295
0.845046155149185 0.476859451112343 0.24187199001210183 -1.68222 0.5310761650949934 -0.6960168502840518 -0.48323767546484075 1.28729 -0.06208947201880974 0.536810588574315 -0.8414150518376307 -7.07453
0.8438489865496707 0.4813677410679595 0.2370737981267088 -1.66295 0.5310844812762713 -0.6861884826416255 -0.4970861495128359 1.31109 -0.07660392709651044 0.5453718585966033 -0.8346863927273996 -7.1605
0.8442251535238473 0.4829679080810052 0.2324347003385982 -1.64463 0.5286201977029492 -0.6785956356661095 -0.5099692636183123 1.33366 -0.08856961520821426 0.5533985571166286 -0.8281940957547947 -7.25085
0.8444964252432524 0.48433168187187453 0.22857954783079104 -1.62746 0.5263705083731609 -0.6718792914232882 -0.5210684270530311 1.35801 -0.09879208301451926 0.5603579567488101 -0.822337573410063 -7.34428
0.8450054952417725 0.48537474677648756 0.22444836422408312 -1.60745 0.5238067907633839 -0.6667607988618769 -0.530147604966047 1.38417 -0.10766688888126527 0.5655452168418824 -0.8176591274766625 -7.44087
0.8450735347791242 0.4864247458963671 0.22190468087801046 -1.58881 0.5220706188421729 -0.6612550778269949 -0.5386872849713145 1.41075 -0.1152952286856122 0.5710802821212357 -0.8127572341201662 -7.53727
0.8453952066533422 0.48680427161359147 0.21983754389619978 -1.57083 0.5201526454933909 -0.6567212676185371 -0.5460388283297523 1.43717 -0.1214420436001459 0.5759676881529575 -0.8084015414693108 -7.63752
0.8453167684283921 0.48761930390822794 0.2183276791197937 -1.55274 0.5189295450442009 -0.6521587191061483 -0.5526310997166616 1.46597 -0.1270892926016942 0.5804450185417077 -0.8043207644690752 -7.73961
0.8454941864476966 0.4879993003419812 0.2167862162336066 -1.53453 0.5176359628904557 -0.6493373258387953 -0.5571481375675528 1.49668 -0.13112051939196268 0.5832818530849889 -0.8016169217625853 -7.84667
0.8454686130457867 0.4882093361351587 0.21641272713244342 -1.51917 0.5168970381299787 -0.6463303525702746 -0.5613149983020584 1.52761 -0.13416510845554896 0.5864373107646308 -0.7988059865926511 -7.95598
0.845750823406599 0.4879945008969893 0.21579367877988975 -1.50151 0.5157562831145128 -0.6440117095798986 -0.5650171451840016 1.5586 -0.13675160377473633 0.5891606614653382 -0.7963596636236435 -8.06908
0.8459434011880539 0.48803972380321115 0.21493485053958175 -1.48225 0.5146318196471319 -0.6414933897056866 -0.5688939454508106 1.59094 -0.13976355817261124 0.5918643923687192 -0.7938278710482126 -8.18621
0.8461621355894821 0.48736856395544986 0.21559574013103625 -1.46738 0.5139635672770039 -0.6393401364499597 -0.5719140157716399 1.6215 -0.1408939026592119 0.5947403406463608 -0.7914751009357824 -8.30398
0.845939531928166 0.486621248398938 0.21814231347405869 -1.4595 0.5144535015271965 -0.6369490480142177 -0.574137183084486 1.65463 -0.14044181388590152 0.5979094169190188 -0.7891643846956076 -8.42578
0.8458761104872486 0.48642736977929507 0.21881960523810762 -1.44448 0.5143640977860752 -0.6353484845941934 -0.5759877412172755 1.69131 -0.14114949739790528 0.5997672190554092 -0.7876268801474845 -8.5499
0.8469332701376401 0.48455943096833515 0.2188748359076631 -1.42915 0.5130230244306022 -0.6365884153804823 -0.5758146974569548 1.72845 -0.1396832571858237 0.5999644549996356 -0.787738053161677 -8.67713
0.8478635365839455 0.48279415831083605 0.21917395838077128 -1.41641 0.5120262932560459 -0.6382096218441498 -0.5749065607557642 1.768 -0.13768260001117918 0.5996651392956562 -0.7883179703442533 -8.80795
0.8486316560649164 0.48102997170660183 0.22007834660516523 -1.40838 0.5113906440223102 -0.6396286660841276 -0.5738943968448258 1.80872 -0.1352919862037818 0.5995709598065815 -0.7888033611906394 -8.94263
0.849614594529128 0.47924675842169395 0.220176259631696 -1.40266 0.5102262860308625 -0.6412117780092581 -0.5731636701548333 1.84934 -0.13350722005291701 0.5993079344414727 -0.7893071784224679 -9.08468
0.851166102700831 0.4762612660564747 0.22066144218544856 -1.40356 0.508386878187565 -0.6434027366240298 -0.5723422932052211 1.88339 -0.1306102894100619 0.5993397408473704 -0.7897675780514333 -9.23165
0.8524961425933235 0.4735712799412616 0.22131554323702482 -1.40806 0.50683084888933 -0.6451880984423379 -0.5717121725505602 1.91435 -0.12795631081593914 0.5995519664242256 -0.7900408989914505 -9.37713
0.8434852445454497 0.4865667242342989 0.22756419995686186 -1.40795 0.52150985810502 -0.6403070308474288 -0.5639453645049595 1.98318 -0.12868609145274698 0.5943565673190239 -0.7938388758125678 -9.40231
0.8349366451528342 0.4994155027747247 0.23122489954414424 -1.40985 0.5354074753660638 -0.6398768729237201 -0.5512680136009157 2.05958 -0.12735632651371673 0.5840734055627174 -0.8016474430891061 -9.43618
0.8234889125653106 0.5144110571026353 0.23926402824610243 -1.44016 0.5529396839007644 -0.6333387635899588 -0.5414237864206423 2.14563 -0.12697919849221456 0.578155061263751 -0.8059857370235428 -9.47165
0.8140177756615472 0.5258873687450103 0.24661211710189024 -1.47854 0.5670639255594689 -0.6276033053929142 -0.5334347152079373 2.22211 -0.12575199893485528 0.5740701755485453 -0.8090920023764603 -9.52215
0.8047061924116788 0.5363601128805728 0.25449120457304136 -1.52417 0.5803999750980018 -0.6206259069240773 -0.5272185055182582 2.30114 -0.12483514249015515 0.5719626849414269 -0.8107249066323651 -9.56852
0.7945116397311932 0.5481745955055946 0.26125823848048957 -1.55464 0.5944099177472177 -0.6140538806231507 -0.5192443368736871 2.37074 -0.12420991915059092 0.56784015755662 -0.8137133718027966 -9.59368
0.7874070558505428 0.5560336345812854 0.2661141214049081 -1.58833 0.6040644100022582 -0.6099572174024113 -0.5128921733730509 2.43462 -0.12286707030528712 0.5646049859441851 -0.8161647461643773 -9.63643
0.7799446872598581 0.5657466348731414 0.2676135832592184 -1.60334 0.6131923368374023 -0.6052285425213135 -0.5076352719831556 2.50276 -0.12522556791249922 0.5600260319371262 -0.8189562874132836 -9.66967
0.7743030598725804 0.5740949135051866 0.2662138271379454 -1.60797 0.6197765458833254 -0.6030248001527163 -0.5022331366743047 2.56544 -0.12779594925072418 0.5538737407462544 -0.8227345104387305 -9.71218
0.7691517710365531 0.5804569623956655 0.2673485887707864 -1.62563 0.6263371552203856 -0.6016170122498329 -0.4957405960399239 2.61824 -0.12691462130806108 0.5487501119617029 -0.8262965530124461 -9.75516
0.7696013851836832 0.5795502578079396 0.26802090701679726 -1.66272 0.6260532145501229 -0.6023223380291087 -0.49524254023923037 2.65105 -0.12558296251806522 0.5489346953745031 -0.8263774075682899 -9.87436
0.7698601191918664 0.5788550962324417 0.2687790439071026 -1.69972 0.6259647372860375 -0.6027475996081597 -0.49483682041762395 2.68192 -0.12443289176221696 0.5492013371545379 -0.8263742171167734 -9.98963
0.7666861863049024 0.5842074881329391 0.26625908911931334 -1.71304 0.6298275636529223 -0.6039486686829931 -0.48842936608998494 2.73494 -0.12453727069543813 0.542169361367315 -0.8309890804350495 -10.0632
0.7580708940336519 0.6011274152830083 0.2529315128926999 -1.68203 0.6395496802881345 -0.6092800502210615 -0.468779294386992 2.76676 -0.1276899606952916 0.5171302070057318 -0.8463283186446288 -10.0927
0.7549203735952711 0.6074308074852154 0.24723074980397503 -1.6735 0.6432103023944923 -0.6122229700706429 -0.45985165196122385 2.78328 -0.12796771633643483 0.5061727462396015 -0.8528853466556322 -10.1267
0.7459627303401202 0.6203691205627275 0.24224318193860853 -1.67325 0.653239654315841 -0.6107379542925495 -0.4475233013105268 2.82081 -0.12968253148683637 0.4920785561663707 -0.8608374617710279 -10.1837
0.7375645947863093 0.6332990119458588 0.23437327063064678 -1.67719 0.6623520201151647 -0.6108954316001537 -0.4337010180982083 2.87447 -0.13148486592405978 0.4751201249352219 -0.8700417213642523 -10.2694
0.7343485085672236 0.6399661651106044 0.2262201924646001 -1.66152 0.6650486581052591 -0.6116862845987251 -0.42842755698741086 2.92783 -0.13580335164305854 0.46506257293770015 -0.8747995501456763 -10.3423
0.7334484919074993 0.6414022002866187 0.22507004950925583 -1.70173 0.6657587063552697 -0.6110142509530672 -0.42828370275370004 2.97586 -0.13718110158025573 0.4639663808938597 -0.8751665800117605 -10.4861
0.7291242662553796 0.6477407382562083 0.2209292655146814 -1.69624 0.67007784771321 -0.6100115212810495 -0.42294399381999964 3.00205 -0.13918865744588005 0.45641853589406506 -0.8788109226282588 -10.5229
0.7212033069166468 0.6563895644934148 0.22140128661920283 -1.72903 0.6781730513892659 -0.603858684575092 -0.4188508104714754 3.05372 -0.14123421137198083 0.45222497574479986 -0.880650594078463 -10.6252
0.7140832741349399 0.6646901725053614 0.21970901705555285 -1.73617 0.6850785735880117 -0.5989121347163746 -0.4146945899093578 3.06735 -0.14405702208271365 0.4466444105373627 -0.8830381333353574 -10.6403
0.703786383758913 0.673812614642834 0.22508062196408593 -1.78163 0.6952994227026585 -0.5883261081388956 -0.41283302105268976 3.11761 -0.14575129098880032 0.44704468549612403 -0.8825574260889598 -10.7216
0.700907130612445 0.6752446203142032 0.22972569946211083 -1.81512 0.6973903918293148 -0.5812520932749887 -0.4192763354252158 3.11558 -0.1495855462295175 0.45408226875773405 -0.8783128472014088 -10.7794
0.6920727629066681 0.6861310238074372 0.22418632654934398 -1.82821 0.7052952476765864 -0.5766894752480414 -0.4122958437129355 3.18702 -0.15360307434278028 0.44345627440267066 -0.8830360288489647 -10.8914
0.6827704885734274 0.6961477569224177 0.22181695260978135 -1.85916 0.7134820225644429 -0.5698790966830096 -0.4076533069179116 3.2814 -0.15737809063066988 0.4365960555200238 -0.8857855388827485 -11.0254
0.6774668998875361 0.7022892237921042 0.21869715522213604 -1.88383 0.7184016204030504 -0.5679142326069867 -0.4017120065478364 3.37008 -0.15791678618513824 0.4292589784126843 -0.8892688109301125 -11.1877
0.672466355113541 0.7072347645513026 0.218192550400724 -1.92153 0.7234140883777989 -0.5657730777518806 -0.39569291278424845 3.46761 -0.15640031322483722 0.42393373574325055 -0.892086951884145 -11.3617
0.6715197498640326 0.7081418141549759 0.21816598403015874 -1.96313 0.7251065945961607 -0.567372684548622 -0.390267425365287 3.55978 -0.15258326256738297 0.4202658775982062 -0.8944802625608368 -11.5575
0.6704110032859376 0.7087526816899997 0.21958762002985605 -2.01667 0.7271855407031048 -0.5687804412242001 -0.38430456551170117 3.6641 -0.14747974798417485 0.41732295153518467 -0.8967113683100523 -11.7579
0.6691122766499652 0.7096108225630136 0.22077418720888578 -2.07554 0.7295284084970137 -0.5705432121747719 -0.37718529165001613 3.78364 -0.14169355113100593 0.4134403506465435 -0.8994387216620975 -11.9614
0.6675414195578062 0.7106129235274521 0.22230098085819666 -2.14161 0.7322980400124968 -0.5726035835815488 -0.36859831342997723 3.90923 -0.13464038684066754 0.40884521396897316 -0.9026170601346175 -12.162
0.6646287365120253 0.712405370498235 0.22527145999371812 -2.21893 0.7364227737692631 -0.5736213152910749 -0.35866430672388033 4.04027 -0.1262938671369812 0.40427363842947955 -0.9058767490087031 -12.3538
0.6517292541946716 0.7199763487682651 0.23850164871793714 -2.35615 0.7494126284845151 -0.5628909539474497 -0.348617966020198 4.18634 -0.11674626972536209 0.4059406744568068 -0.9064118695862083 -12.4752
0.63254521243216 0.7305393863277563 0.2572911954440315 -2.52998 0.7672662877193868 -0.5456654517163788 -0.3369742698374337 4.34894 -0.10577805991066808 0.4105623214897167 -0.9056763120533238 -12.5581
0.615861874911115 0.7387987933269102 0.27366127605064494 -2.7014 0.7822277908144422 -0.5319535254561426 -0.32426089809339975 4.49447 -0.09398847965853678 0.4137653800567205 -0.9055188435134821 -12.6364
0.6094442130656836 0.7412574567335676 0.28127412607211605 -2.82904 0.7884955447750056 -0.5296448808889238 -0.31265168481574623 4.6244 -0.082779991729383 0.41232715528453934 -0.9072672098032875 -12.7758
0.6032530409555631 0.7437432265460908 0.287978786622688 -2.95045 0.7945864275080099 -0.5293664026298234 -0.2973274642323135 4.75696 -0.06868899328075441 0.4081877322183627 -0.9103101655306868 -12.92
0.6012684785565297 0.7535873824452065 0.2656732461383682 -2.89217 0.7960693400568598 -0.5362701453440017 -0.2805137020435167 4.87 -0.06891895614235291 0.38015837256609947 -0.922350144604609 -13.0291
0.6005840075096324 0.7543984856864175 0.2649184303096144 -2.97698 0.7972837362137352 -0.54005319084727 -0.2695945011025811 4.97461 -0.06031163977821498 0.3731293017838755 -0.9258169528894687 -13.1807
0.5936596399645673 0.7676438760316531 0.24143552238276741 -2.88419 0.8026561426712211 -0.5434061541084072 -0.24587165007228035 5.06403 -0.057544317784609694 0.33975378035896747 -0.9387523742832791 -13.1889
0.590449398752731 0.7770705123010437 0.21801588571645833 -2.78391 0.8055226927479813 -0.5506611819818316 -0.21887314619754838 5.08355 -0.05002698252522933 0.30485026089961875 -0.9510854953414306 -13.1858
0.5731649891942284 0.7892903017271332 0.22023331891762188 -2.87439 0.8185904108310921 -0.5392689200619106 -0.1977340920292819 5.22035 -0.03730461710517635 0.293615141732765 -0.9551955370958788 -13.2631
0.5554461376869609 0.8005713632835808 0.22486680595167113 -2.99184 0.8311021786534004 -0.5255637871562867 -0.18180174440173175 5.32811 -0.02736342022132937 0.28786836908595925 -0.9572789798765985 -13.3258
0.5428235521131726 0.8068888865776226 0.23296548239763298 -3.11844 0.8397851715459087 -0.5181239514699505 -0.1621987563601299 5.43462 -0.010171377627735553 0.2836862626753164 -0.9588632058049078 -13.4197
0.5347700061576516 0.8084344163153215 0.24587564952847735 -3.26504 0.8448674483217976 -0.5166595448168391 -0.13878728153498548 5.53571 0.014833586227201559 0.2819516080226572 -0.9593139504109581 -13.5411
0.5283100240582919 0.8106209493087825 0.2525513710540005 -3.38037 0.8483129988216783 -0.5163622543422595 -0.11719675047009995 5.63261 0.03540585417269522 0.2761588289957577 -0.9604596434301618 -13.6655
0.5270881403781266 0.8118385988003045 0.25118953356118756 -3.44187 0.848063026276441 -0.5214473612713743 -0.09424305218935596 5.72498 0.05447197201839786 0.2626989511229147 -0.9633390189042214 -13.8188
0.516310764734619 0.8235326301671706 0.23498340636967344 -3.42149 0.8545276240611266 -0.5135488809403808 -0.07778230262295321 5.76313 0.05661920112116506 0.24095965208894377 -0.9688821972404984 -13.8444
0.5010029941718482 0.8342528304413191 0.230256845134929 -3.44888 0.8627811884331017 -0.5023196088566891 -0.05730297936431991 5.81456 0.06785735565734839 0.2273702387268626 -0.971441276570273 -13.8699
0.47996651517199496 0.8492514180943528 0.22000948429188666 -3.45199 0.8735827034738531 -0.48568762927650266 -0.03099656366574545 5.82935 0.08053200919488618 0.20707379272254928 -0.9750051486338591 -13.841
0.46931563502008566 0.8571775015022597 0.21210743891725545 -3.45876 0.878911111550336 -0.47662472759286867 -0.01855066145388652 5.86232 0.0851944406581012 0.19512970036713334 -0.9770702673378134 -13.8597
0.45752577835787567 0.8636942673621859 0.21142936093106113 -3.49889 0.8838923953722888 -0.467685110861516 -0.002206916738143813 5.90111 0.09697626277114235 0.1878905255837781 -0.9773907892213809 -13.8965
0.4468712785323564 0.8696403410971631 0.20983740743553628 -3.52771 0.8884928091348296 -0.45879679469511236 0.009275197744017041 5.96521 0.10433881606840698 0.18229420811946007 -0.9776922998303416 -13.9375
0.44481728405454296 0.8734419218334685 0.198082793271392 -3.51082 0.8892341058777403 -0.457074696153656 0.018585668668593514 6.05036 0.10677213470824536 0.1678747489049502 -0.9800090713508443 -14.0172
0.44397066585571765 0.8709944082499322 0.21037772851939693 -3.61842 0.8877557568018363 -0.4594248298032423 0.028610173460866625 6.12932 0.12157205322289208 0.17406196183431993 -0.9772014476644814 -14.1227
0.4431793067752026 0.8703181958954491 0.21479837043036734 -3.68905 0.8857011940511497 -0.4620835562384245 0.04485735068434679 6.25836 0.13829496340293276 0.17036732359035656 -0.975627735435007 -14.2706
0.4433598420572057 0.8692174892120869 0.21884470955187632 -3.76054 0.8831116419509933 -0.4653923576210899 0.059361446398346285 6.39718 0.15344666272561883 0.16694582928518767 -0.973952366280123 -14.4278
0.43719685607824676 0.8708905873889589 0.22451835967824707 -3.84757 0.8835293791539197 -0.4625412720516192 0.07369808559765179 6.50736 0.16803197674010012 0.16614799561289922 -0.9716790099341603 -14.5329
0.4287405953184025 0.8736132881864512 0.23017672477919773 -3.93554 0.8848752821587939 -0.4574459620828454 0.08797117026898686 6.60916 0.18214619663999818 0.16596088237339768 -0.9691644589910562 -14.6219
0.4239763516666547 0.8771412206766184 0.22553787313301737 -3.96743 0.8852079228918696 -0.45398124611867885 0.10152813118536873 6.74095 0.1914444736128339 0.15660238555802214 -0.9689296704924674 -14.7452
0.4104793648774208 0.8831597126782162 0.22701456541808043 -3.96469 0.889145887965161 -0.44288006413325104 0.11522516525470068 6.74697 0.20230244913118298 0.15455151469803885 -0.9670509543866173 -14.746
0.4041592379070428 0.8834522668084073 0.2369966301141966 -3.98645 0.8898639209935784 -0.43971758509532377 0.12161680587760554 6.73386 0.21165422870411285 0.16174219495550196 -0.9638682222392455 -14.769
0.4034546175212693 0.8841246929734567 0.23568601756438018 -4.04072 0.8893339484156879 -0.4394854540944235 0.12624446061028288 6.86735 0.2151964214296539 0.15866966601719873 -0.9635945398817188 -14.9038
0.40269931441222634 0.8848289997838975 0.2343307562257899 -4.09849 0.8891965895938126 -0.438903679500186 0.129201335813261 7.00144 0.21716971986595143 0.1563368199197674 -0.9635331398092744 -15.0382
0.40019389515785525 0.886374544988904 0.23277674341329055 -4.15607 0.8903049744969915 -0.4362514694408803 0.13054389222243934 7.13708 0.21725997943545597 0.15499942389049715 -0.9637288414950126 -15.1641
0.40078268153763846 0.8867461969009159 0.23033546071168023 -4.21467 0.8909246634987137 -0.43583523867073387 0.1276749337283105 7.27063 0.2136035724167644 0.1540416405216023 -0.9646992727457661 -15.2994
0.4009180792163914 0.8872557576172843 0.22812696976117963 -4.27491 0.8922547461770215 -0.43463738813232405 0.12235934276584877 7.40253 0.20771654166680692 0.15449129882453028 -0.9659121476125514 -15.4297
0.4017029139245767 0.8874416466625892 0.22601347905223804 -4.33415 0.8937471513570487 -0.4337148513128185 0.11448780368170391 7.52288 0.19962664748390882 0.1560088187234684 -0.9673729632850212 -15.5583
0.40247121137858377 0.8879797355455592 0.2225059848001714 -4.392 0.8959384861476725 -0.43198149691964305 0.103374152274548 7.6463 0.18791262078655688 0.15774655488949105 -0.9694353363528815 -15.685
0.4039250777072746 0.8881367254986118 0.2192206386720361 -4.45369 0.8982689282248492 -0.43041306656782174 0.08864267997677153 7.76579 0.17308224687977872 0.16111408674689828 -0.9716402558903988 -15.8144
0.4036984684813426 0.8896428780302924 0.21345513841506958 -4.51053 0.9019171068346424 -0.4261438447692849 0.07033460005061316 7.89882 0.15353526938409467 0.1641248705566274 -0.9744177481552375 -15.9372
0.40070996472235126 0.8924474376144617 0.20728988221231 -4.56924 0.9070570756981805 -0.4183139529184046 0.04754890345364093 8.03419 0.12914714707680117 0.16897043495582328 -0.9771233322937093 -16.0449
0.39876506831431546 0.8951997266905952 0.19900720998336432 -4.62076 0.9114033252658506 -0.41091560707508734 0.02218879348821684 8.17109 0.10163857036887933 0.1725277171795766 -0.9797467978096047 -16.1572
0.39581323793283596 0.8987402937459922 0.18867370000742553 -4.66483 0.91565473714638 -0.40191437247155304 -0.006421802098443577 8.30976 0.07005913943603667 0.17530180146868302 -0.9820188365725561 -16.2637
0.3791367206815355 0.9111852517864236 0.16123518213393442 -4.62744 0.9250952434749231 -0.3772506779322927 -0.043367228406921234 8.41742 0.021310502831323602 0.1656000088361629 -0.9859627272582562 -16.2776
0.3647341634698169 0.9190122257366964 0.14961790983855017 -4.63702 0.9308413028769702 -0.3560177914946029 -0.08237597342435667 8.44414 -0.02243788885518573 0.1693158618847897 -0.9853063889257662 -16.2693
0.34601536712579223 0.9284464238761808 0.135131801232479 -4.63517 0.9358080991859473 -0.331184593507245 -0.12074753215459524 8.47244 -0.06735404375972773 0.1682379357189451 -0.9834426418323748 -16.2592
0.3248434467751544 0.9384955353293848 0.11705923822598649 -4.62414 0.9386230699539914 -0.304725490021886 -0.16164500697845677 8.54941 -0.11603218362756651 0.1623838227710269 -0.9798816390079396 -16.2415
0.3054920258399464 0.9469101100132651 0.10017916800848223 -4.61595 0.9375271911315952 -0.28072186594902004 -0.2055188552590773 8.6057 -0.16648539887061167 0.15670506543429477 -0.9735122672211822 -16.2256
0.288804638503452 0.9531206277581673 0.09029368594075413 -4.62501 0.9348004231232528 -0.2603682654948391 -0.2415709735290989 8.58121 -0.20673666754467648 0.15417339350577342 -0.966173128909843 -16.209
0.27028544937696486 0.9599650222817673 0.0735726297658201 -4.60896 0.928481342176608 -0.23967921513532497 -0.2836833993416594 8.60807 -0.25469231061226993 0.1449863091042767 -0.9560914166999421 -16.1935
0.2534294630974514 0.965387746417768 0.06164419113396326 -4.60985 0.9202431370780966 -0.2209530139946182 -0.32300516136334 8.6103 -0.2982047549835528 0.13858666845377707 -0.9443874519666606 -16.1765
0.23285663540862606 0.9712444571458358 0.04961846238715223 -4.60924 0.9097409485078762 -0.19951028022512746 -0.36409758951753723 8.6411 -0.3437283723438671 0.12992248669103498 -0.9300381462595252 -16.1531
0.2190354053517708 0.9750159421902084 0.03697842177981428 -4.60802 0.8961007651285048 -0.18602358965000443 -0.4029871497080711 8.66812 -0.3860400367040885 0.1214048457379982 -0.9144582841731158 -16.1454
0.21009093689344427 0.977330719696361 0.026200430779433015 -4.61361 0.8835088663460229 -0.17831071123923958 -0.4331482117535772 8.66595 -0.41865723608126026 0.1141488265167433 -0.9009418205864629 -16.1479
0.20286615536098668 0.9791328457153601 0.012008057727716903 -4.61051 0.8719512115587091 -0.17505179587525804 -0.45722855709387367 8.75778 -0.445585466179442 0.1032266399830353 -0.889268155916685 -16.178
0.19826794789311702 0.9801218465486833 -0.007140501120463799 -4.59534 0.862340248608689 -0.17789561516422242 -0.4740489908594335 8.80219 -0.46589603611509356 0.08783117910709154 -0.880469515377393 -16.2032
0.1942771376877449 0.9808686686971748 -0.01237127883804448 -4.62914 0.8523174956263451 -0.17503180089956316 -0.49286788830587314 8.72273 -0.48560403666062335 0.08520870520133092 -0.8700162045254217 -16.1562
0.19311287087850615 0.9810195182674952 -0.017553457758304886 -4.62016 0.8437486318514988 -0.17516926358210216 -0.5073499535279643 8.61428 -0.5007950332718816 0.08316510009802905 -0.8615613157378293 -16.0866
0.19451427352372555 0.9806433098050116 -0.022425350169152453 -4.60342 0.8416654135473669 -0.1786012164480912 -0.5096086117025513 8.53961 -0.5037494705046119 0.08025150726269198 -0.8601140427573479 -16.0469
0.2016057988750521 0.9791131214088005 -0.026317244252916983 -4.59199 0.8409287122746243 -0.18680388581067014 -0.5078810974216076 8.4937 -0.5021892100912706 0.08026084805899913 -0.8610250829893146 -16.0336
0.20258869841660623 0.9789359938988886 -0.02534046414452512 -4.59084 0.8392314648030654 -0.18689561796135765 -0.5106472133198645 8.45314 -0.504626959008698 0.08218483945373906 -0.859416828090768 -16.0104
0.20759030082549745 0.9778259209836341 -0.027617662024283535 -4.57668 0.8375140011341534 -0.19224857309444054 -0.5114790162337189 8.4529 -0.5054468962289124 0.08304790422195873 -0.8588518386176394 -16.0101
0.2152498655919942 0.9761565254950098 -0.028034498321505258 -4.56522 0.844234424753523 -0.20043596952249645 -0.4970851619015245 8.44289 -0.49085204636806434 0.0833298257233682 -0.8672487582701957 -16.0076
0.22631602380512156 0.9736662315066058 -0.02747957410085844 -4.54874 0.8487148445208217 -0.21095942241988203 -0.4849528170680808 8.43605 -0.477979256933852 0.08643027083143207 -0.8741084819545959 -16.0269
0.2346684695299236 0.9717669472381236 -0.02448897025155497 -4.54284 0.8559689784266811 -0.21851331743544355 -0.4685819438204393 8.41942 -0.46070361120753933 0.08899960875675425 -0.8830805468707129 -16.0246
0.2479758119989786 0.9685429488866348 -0.020797904351839452 -4.53466 0.8685727282188713 -0.2317861168146296 -0.4380143968483467 8.40967 -0.4290564210658935 0.09055248320159931 -0.8987273420388135 -16.0389
0.2556562025294608 0.9666899000487944 -0.012269606834235253 -4.53978 0.882157173888983 -0.2384549110609116 -0.4061255667243011 8.39617 -0.3955232315103847 0.09300479844924206 -0.9137349072904011 -16.0287
0.27364658952019283 0.9617800531784175 -0.009832260782117963 -4.52095 0.8983969406347765 -0.2592369407368086 -0.3545125464853036 8.4156 -0.34351198101673425 0.08817787628164411 -0.9349995620493189 -16.0493
0.2966324618854597 0.954988458143821 -0.0024954694665811628 -4.51687 0.9115626114383257 -0.2839209145519919 -0.2973928709765933 8.40222 -0.28471527529008944 0.08594160280125043 -0.9547519326633703 -16.0769
0.3100998607329272 0.950681621718124 0.006521541291514513 -4.52168 0.9205370922210663 -0.2985386700741493 -0.2519645298758184 8.38693 -0.23759111561378538 0.08413748628141918 -0.9677144956977967 -16.0854
0.32507065783197464 0.9456478182584589 0.008903439768084526 -4.49453 0.9282925140109952 -0.3172788510481238 -0.19392560199398323 8.44603 -0.18056044929007448 0.07130451949630649 -0.9809758354065443 -16.1146
0.3354913999645018 0.9418582477217976 0.018669808469381315 -4.49295 0.9336348922587216 -0.3297896037623857 -0.13987389037019538 8.43213 -0.12558426854866614 0.0643572719175799 -0.9899932994947102 -16.1082
0.348092010562686 0.9370831413253624 0.02659207450007492 -4.485 0.9350107219042705 -0.344993412676579 -0.08206396976641078 8.44602 -0.0677266720464071 0.053429687005992606 -0.9962722351044216 -16.1153
0.3581338393271797 0.9331348631903602 0.03161455720837584 -4.46106 0.9336343655663131 -0.35761780925019504 -0.02088956535400488 8.46583 -0.008186853019441102 0.03699769730400769 -0.9992818150210876 -16.1153
0.36615514077214845 0.9298203702300522 0.03693903073142021 -4.44325 0.9294072482852417 -0.3673856931514408 0.03507020533858504 8.48346 0.04617986272157228 0.02149026693375547 -0.9987019518886165 -16.1132
0.3710328747990839 0.927723190446641 0.04079568268619328 -4.42678 0.9243306977096881 -0.3731800676753268 0.07968311214654836 8.49507 0.0891480066510081 0.00814364766820045 -0.995985097234295 -16.1051
0.37556904282336484 0.9256379195932718 0.04628537440467572 -4.41242 0.9167034232950333 -0.3783658999373893 0.12842927814068028 8.48837 0.1363918171735691 -0.005804099896532439 -0.9906379684993315 -16.0873
0.38162735634946754 0.9229150270483816 0.050876455595898415 -4.397 0.9065792427775624 -0.38446792997081625 0.1740646069389669 8.48778 0.18020720698844978 -0.020304277190791253 -0.9834190860854701 -16.0796
0.3908045987643332 0.9186270448152654 0.0582762225836629 -4.3955 0.8931593237317044 -0.39375573850124296 0.21730817018341733 8.47077 0.22257175925029848 -0.03287508070427922 -0.9743618635049885 -16.0848
0.3955081530164803 0.9159322083694856 0.06812848573753501 -4.40583 0.881320935047458 -0.3993494977414824 0.2525735300871803 8.42835 0.25854730774960016 -0.03985182963206134 -0.965176212580071 -16.0672
0.3994565031889062 0.9139104499771448 0.07212621910695197 -4.39786 0.871222945261079 -0.4029271819706068 0.28039305569117856 8.38533 0.28531575790815034 -0.04916681250394585 -0.9571716370837048 -16.0479
0.40734416283235203 0.9098778314941313 0.07869602761225088 -4.4046 0.8595940941149217 -0.41108213426623547 0.30349542377087746 8.34032 0.308494289038157 -0.05598044875360231 -0.949577518156463 -16.0453
0.4169270024995832 0.9050915219265714 0.08355364458451459 -4.41128 0.8487573134156214 -0.42056602110021607 0.32052339200037994 8.29715 0.3252428285300218 -0.06271809015408095 -0.9435483790761423 -16.0453
0.4197225327070614 0.903758392286154 0.08398668888767563 -4.40318 0.844266192292434 -0.42270844490968507 0.32944220609094665 8.25028 0.33323804118078076 -0.06736719509064665 -0.9404329157019199 -16.0138
0.4202490919823498 0.903546473371874 0.0836329548997283 -4.3968 0.844128929824579 -0.4230935759215964 0.3292995229985729 8.20858 0.33292198864181644 -0.06779082881279622 -0.9405144087187887 -15.9756
0.4205858787429258 0.9035241990567141 0.08216775718591884 -4.39085 0.8445370980667216 -0.42299130349035124 0.328383079893855 8.16979 0.3314583059618228 -0.06871956701301851 -0.9409638741835212 -15.9386
0.42068297220979944 0.903739381037831 0.07925255865955966 -4.38437 0.8469797397517221 -0.4225524796907857 0.3226061412268416 8.13437 0.3250402395747854 -0.06858959883631013 -0.9432095788257454 -15.9036
0.4210538244143454 0.9038866147701847 0.07551598893843069 -4.37824 0.8516206457942115 -0.4226117964802068 0.310067001038199 8.10192 0.31217935966861066 -0.06624392134428565 -0.9477108157459364 -15.8731
0.4214191841880513 0.9040951897697775 0.07083614214105423 -4.37147 0.8575406922183286 -0.4226901579568492 0.29318422801392985 8.06923 0.2950081903744156 -0.06280858382071833 -0.95342815639693 -15.8428
0.4215716098538613 0.9044181274242445 0.06561424046384152 -4.36536 0.8643714920333728 -0.4226686317207096 0.2724209087411317 8.03766 0.2741154893931108 -0.05812984212748348 -0.9599383417329517 -15.8128
0.42172811375370806 0.9047383949311707 0.05994860137741789 -4.35949 0.8717257396686258 -0.42275491666243786 0.24773476792110247 8.00578 0.24947872227692433 -0.05221797750874993 -0.966971380112136 -15.7833
0.422534509391086 0.9047584584354991 0.05363506561060301 -4.35273 0.8787980683688732 -0.4234527280664822 0.22000395933753372 7.97519 0.22176235795276783 -0.04582487296734558 -0.9740233763174039 -15.7561
0.42297998013303467 0.9049116694469571 0.04714665317261563 -4.34643 0.885745812969504 -0.4238769063924273 0.18916321797373345 7.94446 0.19116038086813478 -0.038252303537261 -0.980813167764607 -15.7266
0.42355482585474424 0.9049800158754743 0.04015570147791601 -4.33928 0.8919629295322015 -0.4243799223392659 0.1558968051489555 7.91292 0.1581247666733142 -0.030213447028514334 -0.986956790231044 -15.6991
0.42407162772613577 0.9050209924692602 0.03317013336815739 -4.33217 0.8971973945381798 -0.4248278977465852 0.12065692077174417 7.88216 0.12328864421189695 -0.0214070195537022 -0.9921399345466445 -15.6729
0.4242302889237489 0.9051766640371249 0.026150886070929327 -4.32485 0.9013723174592442 -0.42486717404798136 0.08376054999004173 7.85292 0.08692874828170725 -0.011962077541321281 -0.9961427113737626 -15.647
0.4239510012333882 0.9054803194375878 0.019259793986743545 -4.31672 0.9043542289828428 -0.4243847062504101 0.04517797717473751 7.82252 0.049081331217232946 -0.0017355725156792783 -0.9987932772671165 -15.6204
0.4235998025117388 0.9057521785372409 0.013273974049197956 -4.31041 0.9057806004760949 -0.42370278443453946 0.006119988854887442 7.79267 0.011167413003094925 0.009430882114682258 -0.9998931679681374 -15.5948
0.42302358629309583 0.9060852770187839 0.007779216510743469 -4.30392 0.9057193394068368 -0.422566720127088 -0.03331434023777689 7.76319 -0.026898395196940747 0.0211385385215861 -0.9994146479439855 -15.5699
0.4220520731322315 0.9065662706048884 0.003105570210075525 -4.29775 0.9043020397081986 -0.42075077678702955 -0.07215680711272386 7.73445 -0.06410825644468242 0.033262303507955976 -0.9973884652536178 -15.5443
0.42121317512530515 0.9069616241265736 -0.00027103975128629776 -4.29263 0.901432060581186 -0.41867803477611626 -0.11013148211281967 7.70382 -0.09999850627492438 0.04614450734049511 -0.9939169900877473 -15.519
0.41987716664882135 0.9075775263649439 -0.002489691596855484 -4.28838 0.8975697492695809 -0.4156504192837015 -0.1469805230138503 7.67495 -0.13443106085685608 0.05947909369326918 -0.9891362531473243 -15.4929
0.41977313015398715 0.9076226298945007 -0.0034177337687665427 -4.28476 0.8922700036429942 -0.4133565359576635 -0.18163318744109536 7.64525 -0.16626713385289066 0.07319519030968635 -0.9833604142509875 -15.4677
0.4198213697978582 0.9076004445033898 -0.0033838732687927475 -4.28157 0.8862396023802042 -0.4107391980271915 -0.21417908015713677 7.61685 -0.19577891774659406 0.08691803231337454 -0.97678854980223 -15.4432
0.4201043738804719 0.9074727025421757 -0.002368372288392623 -4.27852 0.8796250844331798 -0.407851467871398 -0.24477926993736104 7.58905 -0.22309644973064466 0.10074956226180752 -0.9695759381408123 -15.4195
0.42043247414389645 0.9073237535546449 -0.00037539412876402833 -4.27619 0.8727751010507089 -0.40453645637008034 -0.27315541080758954 7.56194 -0.24799225324829552 0.11451577054296144 -0.961969843927441 -15.396
0.4209417828844988 0.9070845179763678 0.002385931600059815 -4.27398 0.8657355484552178 -0.40096546508481845 -0.2995474185337921 7.53455 -0.2707581495781115 0.128157610218418 -0.9540784304134232 -15.3729
0.42155847844541183 0.9067826233114908 0.005807177551994752 -4.2725 0.8588450460005059 -0.3972011606663136 -0.32344462420284936 7.50806 -0.2909873471668114 0.14133828931207723 -0.9462292807576594 -15.3507
0.4260239952735106 0.9046749331215788 0.008174401058323483 -4.26849 0.8505850144327601 -0.3974412576714413 -0.344304487224555 7.48802 -0.308234794716003 0.15363499628017557 -0.9388224535258909 -15.3471
0.4265959286910226 0.9043567586534998 0.012440526595754037 -4.26663 0.8439934278434346 -0.39310229791275786 -0.364891322358862 7.46019 -0.3251015339572141 0.16616087521870185 -0.9309670005780128 -15.3215
0.42589153885106024 0.9046010180265435 0.01770297490303349 -4.26694 0.8385516111419776 -0.38729612807276637 -0.38318781900138366 7.43546 -0.33977579752870823 0.1780413080304255 -0.9235007850827989 -15.2923
0.4261640029892418 0.9043725225372885 0.02223922291193528 -4.26476 0.8335048346192178 -0.3829761432390965 -0.3982448548017877 7.40913 -0.3516446121051414 0.18825412130747182 -0.9170095160837622 -15.2679
0.4267904076622191 0.9039517260443665 0.02685563086071799 -4.26338 0.8311622036212153 -0.3803746262551452 -0.40556693032443336 7.38378 -0.3563977261417951 0.19541346085331202 -0.9136707503900345 -15.2448
0.42731551511902344 0.9035551193683559 0.03145785755260552 -4.2631 0.8330219137679614 -0.3799581454505484 -0.4021272172934123 7.36215 -0.35139143660727834 0.19804028370262527 -0.9150432253779365 -15.2229
0.4278179049544595 0.9031470880093212 0.036016352128722784 -4.26311 0.834805665236268 -0.37954081409099105 -0.3988085652648141 7.3394 -0.34651311878456903 0.20068409966768874 -0.9163266615409376 -15.2008
0.42794365518042726 0.9029210052453039 0.0399735697383331 -4.2623 0.8363699576136737 -0.37886260140927946 -0.39616716579582284 7.31867 -0.34256316496686723 0.20296991782085166 -0.917307849343763 -15.18
0.4282453351438425 0.9026291319964344 0.043203969712305834 -4.26151 0.8375073313833297 -0.3784843871293246 -0.394120588879233 7.30099 -0.3393926970438696 0.20496394505059518 -0.9180426887800942 -15.1629
0.42876874143687604 0.9022549590713516 0.04575319877113504 -4.26076 0.8384956762851166 -0.37859562521678003 -0.3919060517750147 7.2866 -0.3362772178096554 0.20640092392687848 -0.918866851825839 -15.1489
0.429071713968274 0.9020097835388177 0.047705499395593653 -4.25989 0.8390445512658837 -0.37844766678805736 -0.3908728751060981 7.27379 -0.33451712252642535 0.20773953379877136 -0.9192075831028101 -15.1371
0.42958408007222726 0.9016969341931084 0.04899139735961 -4.25983 0.8392776851746829 -0.3786471096089402 -0.39017859186867354 7.26368 -0.3332723890698477 0.2087318980212277 -0.9194348859120649 -15.1287
0.42964541110399207 0.9016945867518796 0.04849425676962227 -4.25847 0.8393014824631962 -0.3789502291523577 -0.3898329711048772 7.25677 -0.3331333700672482 0.2081912487299405 -0.9196078303820088 -15.1217
0.4297406557869844 0.9017290313206643 0.046986411198019024 -4.25764 0.8389091690870965 -0.3794717462541013 -0.3901699627296552 7.25509 -0.3339975670351061 0.20708922682834008 -0.9195431894948003 -15.1199
0.4296600341437212 0.9018879308850983 0.0446140693437892 -4.25791 0.8452805161468152 -0.3843297810304894 -0.3712027322577646 7.25462 -0.3176367486330729 0.19720238217844172 -0.9274794425651481 -15.1168
0.42946360780444615 0.9021374911274161 0.04133952919325182 -4.25803 0.8521067881286936 -0.3896343041169503 -0.34942686027307834 7.25379 -0.2991237723695501 0.1852918135202705 -0.9360512339855007 -15.1127
0.42914064266320495 0.902484646224322 0.03687508839273709 -4.25732 0.8592615344917084 -0.3953230958667425 -0.32463712852551146 7.25333 -0.2784024499848493 0.17100033100463607 -0.9451195493897789 -15.108
0.4289007102159366 0.9028002482305449 0.03155776562323702 -4.25653 0.8664247636363639 -0.4012311186816884 -0.297189700964067 7.25156 -0.2556409781978152 0.15480730343335508 -0.9542968034473117 -15.1024
0.42864956909252827 0.9031158942703144 0.025322488683396288 -4.25476 0.8733023129852906 -0.40699098492274177 -0.2677711865122132 7.24831 -0.23152238995685007 0.136894191651609 -0.9631497096717214 -15.0951
0.4285829082903028 0.9033109522906004 0.01860145675139578 -4.2529 0.8797635040170775 -0.4125452827462009 -0.23626799758632275 7.24444 -0.20574952666049873 0.11762530831290255 -0.9715098656849939 -15.0871
0.4285593939905398 0.9034437949122306 0.011231885729860447 -4.25062 0.8856251931399376 -0.4175805526644653 -0.2032104803209911 7.2399 -0.17889903045659408 0.09703500126772385 -0.9790706539523404 -15.0783
0.4288753935795705 0.9033560524824487 0.003706646098023403 -4.24867 0.8906599261462473 -0.42215498636818094 -0.1688492328725307 7.23434 -0.1509661973394363 0.07571664234373096 -0.9856349209180152 -15.069
0.429345781521144 0.9031298675153486 -0.004317672024039508 -4.24588 0.8947460275032294 -0.4260006951990011 -0.13398863368643685 7.22866 -0.12284846827367638 0.05366423475348233 -0.9909734626876417 -15.0596
0.429886586098216 0.9027979700864605 -0.012383388089987811 -4.24291 0.8979644396176371 -0.4289342124230427 -0.09836313636320704 7.22154 -0.09411369865754884 0.031165150742298732 -0.9950735375358977 -15.0487
0.4308315552369018 0.9021970444805711 -0.02060737592890288 -4.23984 0.9000709386377952 -0.43124302507491125 -0.06246405961765529 7.21435 -0.06524167710774277 0.00836338775629546 -0.9978344438399624 -15.038
0.4319759581610571 0.9014238502274654 -0.028841182568134678 -4.23671 0.9011464820285733 -0.4326954007604959 -0.026640346999242948 7.20591 -0.03649369121317895 -0.014482140788077367 -0.9992289417845298 -15.0263
0.43333655200994387 0.9004785608643721 -0.03684825797459342 -4.23342 0.9011988635643448 -0.4333097250015598 0.009126364522945003 7.19558 -0.0077486129382124316 -0.03716239554578827 -0.9992791978995819 -15.0135
0.43458688221489866 0.8995310366420705 -0.044476464836757525 -4.23042 0.9004157162749714 -0.43287642273033927 0.04323818369467469 7.18501 0.019641275207163682 -0.05883805538787136 -0.9980742976083544 -15.0006
0.43567942330898596 0.8986129265243081 -0.05175179599364421 -4.22713 0.8989363375565251 -0.4314704323782386 0.07580716987064595 7.17295 0.04579193297525845 -0.07954919400442834 -0.9957786022041422 -14.9866
0.4362797253361706 0.8979110899844109 -0.05844378276260003 -4.22422 0.8969999791076795 -0.4288682844422405 0.10706555039036414 7.15944 0.07107066020108149 -0.09913460083430001 -0.992532766298426 -14.9705
0.43648967367751784 0.8973715351557205 -0.06481583653058591 -4.22085 0.8947079050945881 -0.4253499803988962 0.13629071404872845 7.14588 0.09473399249555396 -0.11748073061963916 -0.9885462804537419 -14.9539
0.43652453946300607 0.8969378035588809 -0.07034843988021937 -4.21834 0.8920656308974475 -0.4213393871468931 0.16337695985119652 7.13189 0.11689840297518798 -0.13407347756230867 -0.9840523695394467 -14.937
0.4362200381744119 0.896703580525319 -0.07506508488097018 -4.21558 0.8894044183667213 -0.41699047649408183 0.18729314750677006 7.11638 0.13664501046459296 -0.14846424211341686 -0.9794317280590923 -14.9194
0.4353270110254116 0.8967953260636804 -0.07904768574738746 -4.21277 0.8870004494705971 -0.41223162047927464 0.20807521168075133 7.1004 0.15401492171422676 -0.16069609275700453 -0.97491341649502 -14.901
0.4332577465288775 0.8974825881366874 -0.08253925771529538 -4.21051 0.8888229596749567 -0.41031082006743236 0.20405581905508385 7.0827 0.14926979408898824 -0.16177155166179286 -0.9754734715232223 -14.8833
0.4308336464960173 0.8984343870331437 -0.08484115300562409 -4.20906 0.8905283253828384 -0.4080486991941714 0.20113567753330552 7.06293 0.14608788703305287 -0.16220946730176866 -0.9758823791727639 -14.8637
0.4279438020913234 0.899655352370733 -0.08651213326646437 -4.20696 0.8923305976357329 -0.4053662052909401 0.19855564492373237 7.04368 0.14356255352520783 -0.16216808119576312 -0.9762639533786988 -14.8435
0.42471945069744454 0.9010864143371388 -0.08750235480431025 -4.2049 0.8941339949318544 -0.4023553190248398 0.19655685274144466 7.02374 0.14190767176746838 -0.16172034859428733 -0.9765801255115111 -14.8222
0.4213690110540867 0.902661328455565 -0.08746818069524259 -4.20298 0.895889466150534 -0.3993412208906422 0.1947014477041259 7.00244 0.1408198173689065 -0.16040297817810584 -0.9769547909846095 -14.8004
0.41819505295805365 0.9041968454430964 -0.08683871470815668 -4.20135 0.8974266752388382 -0.39648429488739406 0.19345688531921393 6.97982 0.140492918864889 -0.15883409142372376 -0.9772581394649137 -14.7776
0.4186079509081555 0.9041037327560149 -0.08581272547306465 -4.20023 0.8971257060994169 -0.396978996157508 0.19383793247298098 6.95701 0.14118374868269343 -0.15812690165312654 -0.9772732637709294 -14.7548
0.4191236305981203 0.9039784167354831 -0.08460735399869215 -4.1982 0.8967280896301651 -0.3975590871946224 0.19448780284946798 6.9336 0.14217635366855247 -0.15738422495723076 -0.9772492467083957 -14.7314
0.41960256648050615 0.9039687827776459 -0.0823050786189663 -4.19695 0.8961630415113342 -0.3981436842350901 0.19589132122905314 6.9095 0.14431039197551795 -0.15595527072597024 -0.9771655255383614 -14.707
0.4203554198464768 0.9038817008249102 -0.07936744874039425 -4.19528 0.8952595752910567 -0.3989228366577971 0.19842092440711148 6.88375 0.14768755484254054 -0.15446177943673747 -0.9768981240835032 -14.6811
0.4211237725481279 0.9038708212261394 -0.07531471788978278 -4.19408 0.8941362412610067 -0.39977875680434366 0.20173578678958523 6.85866 0.1522338669891565 -0.15229735435639832 -0.976539996926685 -14.6551
0.42188372760065246 0.903879183318396 -0.07082755360343646 -4.19242 0.8929902451618824 -0.40074829682632224 0.20486391736106907 6.83258 0.15678820884077832 -0.14967706756370897 -0.9762244788029181 -14.628
0.4227869711390894 0.9038511332800869 -0.06560720923296226 -4.19074 0.8915659888698535 -0.4018841179068752 0.2088043181180249 6.80484 0.16236152415383173 -0.14677290159466 -0.9757542983927507 -14.5997
0.4238176840067404 0.9037849781482091 -0.05959265052675802 -4.189 0.8897759615280875 -0.40314094331645406 0.21395354194003796 6.77645 0.1693437598789241 -0.1437014025525193 -0.9750244088711362 -14.5701
0.42455699514780654 0.9038423999092778 -0.05310625196059779 -4.1871 0.8880460710622037 -0.4042725921284188 0.21894713271644545 6.74782 0.17642429974935142 -0.1401163351647704 -0.9742904490335236 -14.54
0.42502924103680173 0.9039981733490232 -0.04623253016339829 -4.18496 0.8863809543404675 -0.4053038792915612 0.22373548939248242 6.71834 0.18351824989946444 -0.13607375945729164 -0.9735527638197103 -14.5088
0.4254733728475939 0.9041237320750855 -0.03914953507145694 -4.18263 0.8845731730521302 -0.4063608568482795 0.2289129868269119 6.68821 0.1910568253535535 -0.13202700905553738 -0.9726593228698682 -14.477
