0 0 0 0 0 0 1
0 0 0 0 0 0 1
-0.0560156 -0.00446501 -0.0358986 -0.00189928 -0.0019578 -0.00886909 0.999957
0.0494404 0.0898907 -0.115166 -0.000279049 -0.0126265 -0.0202591 0.999715
0.152871 0.0223045 -0.164543 -0.00585045 -0.0232585 -0.0287185 0.9993
0.0783228 0.174976 -0.200383 -0.000393003 -0.0249625 -0.0379471 0.998968
0.155133 0.194493 -0.255672 -0.00190973 -0.0339805 -0.0493325 0.998202
0.159296 0.128421 -0.291316 -0.00835079 -0.0411917 -0.0627912 0.997141
0.153345 0.137996 -0.349564 -0.0109849 -0.0472681 -0.0751014 0.995994
0.117085 0.119704 -0.389214 -0.0155542 -0.0515976 -0.0866435 0.994781
0.107412 0.0804388 -0.427054 -0.0207181 -0.0572974 -0.0981787 0.993302
0.144703 0.0251951 -0.463982 -0.0260785 -0.0654336 -0.109766 0.991458
0.174524 -0.0338224 -0.478062 -0.0321682 -0.0728462 -0.120333 0.989535
0.224091 -0.135272 -0.473548 -0.0398982 -0.0813346 -0.130629 0.987284
0.244131 -0.157531 -0.506044 -0.0427144 -0.088298 -0.1389 0.985437
0.285882 -0.161802 -0.565029 -0.0438332 -0.0973421 -0.148656 0.98311
0.251193 -0.0959202 -0.639449 -0.0424385 -0.101825 -0.156645 0.981475
0.239873 -0.0956431 -0.659168 -0.0431502 -0.106376 -0.163221 0.979888
0.289527 -0.0632742 -0.695249 -0.0409344 -0.113487 -0.168818 0.978236
0.297568 0.00636047 -0.753346 -0.0375772 -0.117948 -0.170445 0.977561
0.256123 0.0652283 -0.797434 -0.0340719 -0.119937 -0.176048 0.976453
0.257551 0.112189 -0.842803 -0.0289319 -0.123172 -0.179507 0.975586
0.276874 0.150588 -0.87503 -0.024143 -0.127231 -0.178182 0.975439
0.273813 0.119451 -0.909952 -0.0230134 -0.129392 -0.180484 0.974758
0.255731 0.14325 -0.928303 -0.0186539 -0.130212 -0.179854 0.974859
0.240899 0.18315 -0.948318 -0.0130016 -0.129972 -0.178218 0.975283
0.281069 0.259927 -0.962051 -0.00382599 -0.131882 -0.175412 0.975614
0.309582 0.287954 -0.964834 0.00279781 -0.13339 -0.174979 0.975491
0.320419 0.305001 -0.969791 0.0091815 -0.133573 -0.175214 0.975384
0.319465 0.378031 -0.979624 0.018653 -0.131824 -0.17278 0.975921
0.325183 0.405302 -0.973847 0.0254704 -0.131208 -0.171133 0.97614
0.302632 0.433143 -0.975086 0.0317608 -0.128467 -0.168062 0.976853
0.322066 0.458467 -0.96377 0.0391066 -0.128441 -0.165601 0.977011
0.341461 0.52973 -0.960537 0.0479655 -0.127636 -0.159922 0.977667
0.338031 0.547153 -0.96529 0.0535314 -0.125756 -0.157077 0.978083
0.321036 0.557344 -0.976036 0.0585239 -0.122773 -0.154776 0.978543
0.326997 0.597478 -0.980339 0.0651242 -0.120956 -0.151581 0.978852
0.31507 0.645236 -0.992737 0.0716905 -0.11766 -0.14793 0.979354
0.315146 0.634121 -1.02096 0.0738741 -0.115035 -0.14664 0.979697
0.285622 0.656908 -1.07025 0.0769876 -0.109616 -0.145081 0.980311
0.300255 0.732376 -1.07521 0.0836402 -0.10805 -0.142044 0.980384
0.306568 0.753066 -1.12106 0.0856998 -0.104893 -0.141347 0.98065
0.289266 0.753646 -1.16991 0.0856285 -0.100927 -0.142055 0.98097
0.252008 0.806138 -1.20888 0.0883743 -0.0955514 -0.141282 0.981376
0.249892 0.779545 -1.25348 0.0857824 -0.0929652 -0.143864 0.98148
0.230464 0.794173 -1.30211 0.0846121 -0.0892585 -0.145234 0.981723
0.231216 0.821327 -1.33769 0.0832095 -0.0872072 -0.145914 0.981927
0.207568 0.808749 -1.39928 0.0801011 -0.082848 -0.148556 0.982167
0.189425 0.775375 -1.45269 0.0760479 -0.0793455 -0.152411 0.982187
0.184763 0.770045 -1.49453 0.0733732 -0.0768531 -0.155007 0.982183
0.153648 0.814571 -1.56848 0.0725987 -0.0707599 -0.156174 0.982513
0.173701 0.756037 -1.61617 0.0670364 -0.069422 -0.162042 0.982054
0.108646 0.817257 -1.66277 0.0678538 -0.0617549 -0.162233 0.982478
0.077668 0.738931 -1.72219 0.0611672 -0.0566247 -0.167374 0.982364
0.0192637 0.726725 -1.79452 0.0572283 -0.0484 -0.168512 0.982846
0.00902498 0.649777 -1.87105 0.0525343 -0.0426433 -0.169443 0.983215
-0.0638503 0.73636 -1.88245 0.0561884 -0.0336509 -0.168571 0.983511
-0.0803719 0.701953 -1.90257 0.05351 -0.0283604 -0.16974 0.983626
-0.106359 0.68158 -1.9418 0.0537498 -0.0203188 -0.169955 0.983775
-0.190869 0.737535 -1.96883 0.059013 -0.00797502 -0.166306 0.984274
-0.207958 0.756155 -1.96741 0.06408 8.28463e-05 -0.163496 0.984461
-0.257481 0.695059 -2.0449 0.0644247 0.00928516 -0.158282 0.985246
-0.266004 0.681806 -2.02372 0.0666966 0.0167967 -0.149172 0.986416
-0.252125 0.783909 -1.98299 0.0787107 0.02513 -0.139847 0.98672
-0.297482 0.754522 -1.94269 0.0832794 0.034972 -0.12921 0.987495
-0.325884 0.83038 -1.89862 0.0940863 0.0456315 -0.11902 0.98737
-0.501786 0.925704 -1.89343 0.102963 0.0620407 -0.102431 0.98745
-0.501786 0.925704 -1.89343 0.102963 0.0620407 -0.102431 0.98745
-0.531833 0.857616 -1.89396 0.107982 0.070764 -0.0846257 0.988014
-0.529102 0.788426 -1.87694 0.113886 0.0779623 -0.070321 0.987931
-0.528837 0.821965 -1.8091 0.12462 0.085859 -0.0547192 0.986967
-0.517807 0.755485 -1.81071 0.129906 0.0926898 -0.0406644 0.986347
-0.639827 0.88671 -1.81269 0.143232 0.106373 -0.0256674 0.983621
-0.634878 0.90711 -1.79025 0.151411 0.112815 -0.0122509 0.981936
-0.797399 0.934721 -1.8162 0.160723 0.12778 0.00426356 0.978684
-1.00663 0.808095 -1.8678 0.162369 0.144394 0.0248385 0.975792
-1.00663 0.808095 -1.8678 0.162369 0.144394 0.0248385 0.975792
-1.08974 0.852874 -1.84067 0.17191 0.153522 0.0370416 0.972371
-1.16588 1.01651 -1.81854 0.185498 0.161706 0.04951 0.967983
-1.30051 0.937096 -1.80163 0.189142 0.171819 0.0621714 0.9648
-1.43603 0.931552 -1.84693 0.192999 0.181258 0.0660768 0.962045
-1.43603 0.931552 -1.84693 0.192999 0.181258 0.0660768 0.962045
-1.54924 0.797143 -1.83947 0.190319 0.191206 0.065751 0.960675
-1.54924 0.797143 -1.83947 0.190319 0.191206 0.065751 0.960675
-1.34339 0.711312 -1.89193 0.188239 0.185981 0.06324 0.962277
-1.31665 0.86028 -1.87649 0.193947 0.183916 0.0604155 0.961722
-1.14245 0.948824 -1.85073 0.197336 0.176647 0.0605326 0.962388
-1.11678 1.0915 -1.88948 0.201505 0.175583 0.0636737 0.961515
-0.972985 1.16981 -1.89842 0.203146 0.16924 0.0733156 0.961621
-0.972985 1.16981 -1.89842 0.203146 0.16924 0.0733156 0.961621
-0.972985 1.16981 -1.89842 0.203146 0.16924 0.0733156 0.961621
-1.08753 1.17024 -1.9534 0.202493 0.171353 0.0765388 0.961133
-1.08753 1.17024 -1.9534 0.202493 0.171353 0.0765388 0.961133
-1.08753 1.17024 -1.9534 0.202493 0.171353 0.0765388 0.961133
-1.1655 1.20336 -2.03776 0.200864 0.172075 0.0775041 0.961268
-1.1655 1.20336 -2.03776 0.200864 0.172075 0.0775041 0.961268
-1.1655 1.20336 -2.03776 0.200864 0.172075 0.0775041 0.961268
-1.31637 1.32466 -2.08449 0.200887 0.175245 0.081156 0.960389
-1.42404 1.43672 -2.1088 0.20538 0.178516 0.0747697 0.959354
-1.42404 1.43672 -2.1088 0.20538 0.178516 0.0747697 0.959354
-1.37978 1.25233 -2.22341 0.195679 0.177409 0.0681706 0.962075
-1.267 1.22068 -2.28935 0.192323 0.174792 0.0657394 0.963399
-1.26187 1.37549 -2.32193 0.199085 0.176998 0.0573034 0.962161
-1.26187 1.37549 -2.32193 0.199085 0.176998 0.0573034 0.962161
-1.26187 1.37549 -2.32193 0.199085 0.176998 0.0573034 0.962161
-1.14104 1.3462 -2.37641 0.19772 0.177164 0.0546471 0.962566
-1.10215 1.12801 -2.43208 0.192029 0.182225 0.0499241 0.96303
-1.10215 1.12801 -2.43208 0.192029 0.182225 0.0499241 0.96303
-1.10215 1.12801 -2.43208 0.192029 0.182225 0.0499241 0.96303
-1.10215 1.12801 -2.43208 0.192029 0.182225 0.0499241 0.96303
-1.10215 1.12801 -2.43208 0.192029 0.182225 0.0499241 0.96303
-1.10215 1.12801 -2.43208 0.192029 0.182225 0.0499241 0.96303
-1.18521 1.10044 -2.49598 0.186137 0.189269 0.0679969 0.961721
-1.18521 1.10044 -2.49598 0.186137 0.189269 0.0679969 0.961721
-1.18521 1.10044 -2.49598 0.186137 0.189269 0.0679969 0.961721
-1.18521 1.10044 -2.49598 0.188788 0.196048 0.0691322 0.959763
-1.18521 1.10044 -2.49598 0.190767 0.2009 0.0669307 0.958523
-1.18521 1.10044 -2.49598 0.190767 0.2009 0.0669307 0.958523
-1.18521 1.10044 -2.49598 0.190767 0.2009 0.0669307 0.958523
-1.18521 1.10044 -2.49598 0.190767 0.2009 0.0669307 0.958523
-1.18521 1.10044 -2.49598 0.190767 0.2009 0.0669307 0.958523
-1.18521 1.10044 -2.49598 0.190767 0.2009 0.0669307 0.958523
-1.18521 1.10044 -2.49598 0.190767 0.2009 0.0669307 0.958523
-1.18521 1.10044 -2.49598 0.190767 0.2009 0.0669307 0.958523
-1.16826 1.15468 -2.65802 0.191685 0.199945 0.0635391 0.958771
-1.16826 1.15468 -2.65802 0.191685 0.199945 0.0635391 0.958771
-1.18083 1.16905 -2.86292 0.191944 0.198154 0.0647331 0.959011
-1.21705 1.21981 -3.01223 0.197135 0.202884 0.0604054 0.95725
-1.43328 1.35891 -2.88274 0.228225 0.245386 0.0570974 0.940446
-1.55695 1.34788 -2.92941 0.235266 0.263549 0.0684372 0.93301
-1.71405 1.27168 -2.96635 0.244306 0.282821 0.0967907 0.922474
-1.80507 1.24641 -3.0684 0.246821 0.292018 0.107383 0.917755
-1.86904 1.18808 -3.18361 0.241858 0.299063 0.115965 0.915761
-1.91318 1.17886 -3.32824 0.239883 0.298934 0.119029 0.91593
-1.95045 1.19334 -3.46806 0.239712 0.297725 0.119513 0.916305
-2.00209 1.21269 -3.59181 0.238808 0.300304 0.116429 0.916096
-2.02863 1.20978 -3.71417 0.237458 0.300862 0.118507 0.915998
-2.06114 1.21064 -3.8355 0.23564 0.302309 0.119142 0.915908
-2.09939 1.21238 -3.93229 0.232362 0.307799 0.117621 0.915114
-2.13037 1.22476 -4.03807 0.230596 0.311341 0.11791 0.914325
-2.1536 1.23196 -4.15638 0.228596 0.313208 0.120485 0.913853
-2.18313 1.21854 -4.24584 0.223916 0.320403 0.122391 0.912263
-2.21316 1.25205 -4.32457 0.222421 0.328646 0.115979 0.910533
-2.24276 1.24508 -4.40662 0.216145 0.338381 0.113247 0.90882
-2.22084 1.22971 -4.54834 0.209615 0.338306 0.11921 0.909615
-2.21463 1.21573 -4.63482 0.202865 0.34542 0.11896 0.908504
-2.21949 1.23303 -4.71679 0.198718 0.35314 0.115353 0.906916
-2.20758 1.22302 -4.76203 0.192465 0.363445 0.112931 0.904495
-2.23105 1.26684 -4.79567 0.190341 0.376221 0.110914 0.899959
-2.23995 1.35739 -4.84163 0.192881 0.385182 0.10544 0.896278
-2.214 1.38017 -4.88535 0.190308 0.392894 0.106829 0.893311
-2.22592 1.3774 -4.89768 0.184714 0.406491 0.104347 0.888683
-2.28125 1.40856 -4.87134 0.184144 0.425682 0.0980782 0.880492
-2.31923 1.4921 -4.85367 0.18963 0.440974 0.0946872 0.872133
-2.32063 1.52761 -4.8531 0.188648 0.452382 0.0971535 0.866212
-2.34827 1.53545 -4.85579 0.186059 0.465046 0.0964936 0.860118
-2.34978 1.525 -4.83014 0.181769 0.476521 0.0968941 0.854692
-2.37915 1.5282 -4.80035 0.180172 0.489173 0.0946866 0.848105
-2.38463 1.55359 -4.78855 0.181064 0.496556 0.0954174 0.84353
-2.38912 1.37097 -4.78705 0.157582 0.506877 0.103706 0.841123
-2.3821 1.31021 -4.82102 0.147884 0.508689 0.110344 0.840946
-2.39254 1.28744 -4.81638 0.146981 0.511698 0.10989 0.839337
-2.40301 1.32306 -4.8231 0.144343 0.512228 0.100423 0.840656
-2.41118 1.34761 -4.83832 0.139063 0.510572 0.0930215 0.843401
-2.41472 1.32808 -4.88281 0.128152 0.505406 0.0873658 0.848828
-2.39319 1.25867 -4.93673 0.112735 0.496516 0.0799376 0.856955
-2.40971 1.24922 -4.95267 0.106331 0.491099 0.0675299 0.861949
-2.42235 1.27719 -4.97665 0.102709 0.483705 0.0584146 0.867219
-2.38073 1.2396 -5.06481 0.0877603 0.466789 0.0526576 0.878427
-2.3822 1.17912 -5.09037 0.0768877 0.457631 0.0438791 0.884724
-2.38796 1.16465 -5.11787 0.0710214 0.448227 0.0346587 0.89042
-2.40766 1.17573 -5.15239 0.0667339 0.439191 0.0235876 0.895601
-2.40975 1.17117 -5.19613 0.0606042 0.428783 0.0178701 0.901195
-2.42009 1.15118 -5.2476 0.0513463 0.418637 0.00990455 0.906647
-2.42972 1.10923 -5.29427 0.0421892 0.409466 0.00373192 0.911342
-2.44253 1.0745 -5.30474 0.0347091 0.403836 -0.00366583 0.914165
-2.46186 1.03437 -5.34356 0.0298334 0.398429 -0.00642094 0.916691
-2.48406 1.03511 -5.36669 0.0281346 0.395123 -0.00976052 0.918145
-2.50844 1.08876 -5.4118 0.0302446 0.391415 -0.0129869 0.919625
-2.51924 1.063 -5.45381 0.0246001 0.388361 -0.0126686 0.921092
-2.53461 1.02102 -5.49255 0.0193833 0.388107 -0.0106704 0.921348
-2.56637 1.00948 -5.52401 0.0176812 0.390634 -0.0107045 0.920314
-2.572 1.04691 -5.5542 0.0218025 0.394709 -0.00582184 0.918529
-2.58981 1.0661 -5.59304 0.022149 0.400053 0.00295129 0.91622
-2.63475 1.03674 -5.59861 0.0196146 0.411259 0.0082076 0.91127
-2.63932 1.06198 -5.64037 0.0232751 0.417891 0.0123643 0.908115
-2.68831 1.11073 -5.62871 0.0306054 0.433593 0.0206256 0.900353
-2.69751 1.16221 -5.68542 0.0328848 0.442315 0.0314236 0.895706
-2.71088 1.16994 -5.69392 0.0349222 0.456095 0.0432128 0.888195
-2.71148 1.15866 -5.70456 0.0370755 0.469666 0.0560436 0.880283
-2.70473 1.15402 -5.71165 0.0426327 0.484543 0.0723077 0.870731
-2.72209 1.18805 -5.71161 0.0501702 0.500973 0.0868145 0.859635
-2.69766 1.18923 -5.72069 0.0543015 0.517429 0.113613 0.84641
-2.7047 1.19561 -5.73349 0.0569992 0.5334 0.124584 0.834694
-2.70209 1.19104 -5.7306 0.0598581 0.549616 0.133487 0.822508
-2.72721 1.2051 -5.75118 0.0742638 0.565859 0.151595 0.807036
-2.75059 1.19339 -5.80053 0.0725964 0.578968 0.16444 0.795289
-2.77098 1.19253 -5.83418 0.0741011 0.594049 0.173651 0.781959
-2.792 1.19553 -5.86787 0.0767144 0.607222 0.181789 0.769642
-2.81117 1.20428 -5.8968 0.0805782 0.619724 0.187661 0.757781
-2.82563 1.20431 -5.92468 0.0821673 0.631172 0.193968 0.74649
-2.82973 1.19027 -5.94805 0.0805366 0.642228 0.201756 0.735086
-2.84197 1.20274 -5.97766 0.0822703 0.650109 0.20132 0.728053
-2.85126 1.2094 -6.00807 0.082919 0.656437 0.201516 0.722223
-2.85457 1.21084 -6.03561 0.0825516 0.662012 0.202239 0.716955
-2.85686 1.20915 -6.06419 0.0823084 0.666125 0.203529 0.712796
-2.85676 1.20507 -6.09751 0.0810965 0.668145 0.204244 0.710838
-2.86152 1.21191 -6.13292 0.0823488 0.668566 0.202773 0.710719
-2.86869 1.22665 -6.1637 0.084121 0.668573 0.198869 0.711607
-2.87463 1.23274 -6.19373 0.0830091 0.668208 0.194263 0.713351
-2.88063 1.23223 -6.22351 0.0795523 0.667488 0.188296 0.716014
-2.88981 1.24527 -6.25719 0.0791262 0.664628 0.180656 0.720675
-2.9037 1.27071 -6.29071 0.0813074 0.660927 0.172029 0.725927
-2.9106 1.28201 -6.31913 0.0805284 0.657407 0.166126 0.730571
-2.91201 1.27984 -6.34087 0.0762269 0.654809 0.162783 0.734109
-2.91602 1.27298 -6.36145 0.0708927 0.651829 0.157653 0.738402
-2.92474 1.28052 -6.39749 0.0685474 0.645248 0.151044 0.74575
-2.9355 1.29565 -6.43737 0.0676803 0.637393 0.144424 0.753851
-2.94096 1.30843 -6.4667 0.0663729 0.630973 0.139157 0.760331
-2.93688 1.32484 -6.50014 0.0607489 0.624607 0.133041 0.767122
-2.93405 1.31267 -6.52086 0.0545169 0.619097 0.131044 0.772382
-2.93573 1.31765 -6.55657 0.0517117 0.610575 0.128419 0.779765
-2.93641 1.3221 -6.58007 0.0492521 0.603399 0.12725 0.785679
-2.93335 1.32335 -6.60244 0.0461747 0.595913 0.126571 0.791666
-2.93192 1.32441 -6.63906 0.0430846 0.586894 0.127641 0.798377
-2.92871 1.32532 -6.66757 0.0397647 0.580137 0.129728 0.803138
-2.92532 1.30249 -6.69302 0.0317612 0.57532 0.135033 0.80608
-2.92889 1.28305 -6.72371 0.0289132 0.569994 0.140597 0.809014
-2.92876 1.29175 -6.76592 0.0264273 0.564214 0.144979 0.81237
-2.92611 1.27689 -6.80276 0.0192924 0.560474 0.152496 0.813782
-2.92368 1.24435 -6.83927 0.00931665 0.558111 0.162392 0.813667
-2.92642 1.2345 -6.88382 0.00390134 0.555762 0.169937 0.813778
-2.92684 1.22445 -6.93151 -0.00108508 0.553561 0.178518 0.81345
-2.92889 1.20298 -6.98002 -0.00797999 0.552776 0.188814 0.811618
-2.92546 1.15935 -7.0202 -0.0192359 0.554541 0.202623 0.806882
-2.9271 1.11768 -7.05426 -0.0291196 0.558489 0.217494 0.799961
-2.92867 1.08528 -7.09904 -0.0372647 0.561943 0.231035 0.793381
-2.93457 1.06663 -7.1501 -0.0429746 0.565569 0.244571 0.786429
-2.94014 1.04779 -7.20553 -0.0477801 0.569514 0.257394 0.779179
-2.93935 1.01546 -7.2516 -0.0557302 0.576316 0.273326 0.768145
-2.94002 0.968752 -7.27759 -0.0638064 0.586308 0.294623 0.75191
-2.95141 0.958165 -7.33681 -0.0650038 0.592726 0.309275 0.74081
-2.95766 0.93416 -7.40982 -0.0724071 0.597088 0.317896 0.73293
-2.94135 0.892601 -7.47586 -0.0858171 0.603734 0.326039 0.722385
-2.92702 0.865432 -7.53415 -0.0967669 0.611774 0.336439 0.70935
-2.9216 0.843978 -7.59458 -0.105102 0.620265 0.346996 0.69557
-2.89168 0.792246 -7.66809 -0.116795 0.626456 0.358268 0.682317
-2.87771 0.772096 -7.73979 -0.124342 0.633731 0.369047 0.668377
-2.87066 0.755165 -7.81452 -0.130646 0.640715 0.379115 0.654743
-2.85927 0.726262 -7.88739 -0.138189 0.647145 0.38806 0.641495
-2.82542 0.695775 -7.96095 -0.145898 0.653488 0.398512 0.626782
-2.82484 0.674155 -8.01119 -0.151804 0.661736 0.405563 0.612029
-2.82708 0.639031 -8.06398 -0.157072 0.670432 0.41373 0.595547
-2.80438 0.605814 -8.09334 -0.163682 0.67911 0.42106 0.578556
-2.80765 0.592644 -8.10261 -0.167362 0.690004 0.425243 0.561296
-2.80598 0.568303 -8.13507 -0.172381 0.697597 0.430841 0.545911
-2.82664 0.536723 -8.15045 -0.175489 0.706934 0.435028 0.529338
-2.85194 0.517662 -8.17171 -0.17777 0.713784 0.43904 0.515902
-2.93285 0.487806 -8.14217 -0.178663 0.720156 0.44145 0.504556
-2.98857 0.445074 -8.09756 -0.182685 0.723409 0.443706 0.496418
-3.07275 0.412688 -8.00169 -0.191543 0.72631 0.437003 0.494787
-3.17407 0.384411 -7.93522 -0.19929 0.726351 0.430893 0.49702
-3.2423 0.359482 -7.823 -0.209844 0.726561 0.421035 0.500803
-3.33824 0.341318 -7.74997 -0.218544 0.72395 0.410586 0.509464
-3.40927 0.312029 -7.68062 -0.229535 0.719569 0.399783 0.519334
-3.51113 0.297971 -7.60752 -0.237746 0.715275 0.386469 0.531508
-3.60576 0.27626 -7.53313 -0.247087 0.70963 0.372507 0.54462
-3.66233 0.246264 -7.48358 -0.258381 0.700813 0.360015 0.559007
-3.75157 0.216999 -7.45292 -0.267074 0.690158 0.346277 0.576582
-3.82374 0.186095 -7.40237 -0.276607 0.679381 0.331932 0.593087
-3.89124 0.148399 -7.34952 -0.286103 0.668104 0.317697 0.608976
-3.97299 0.114286 -7.30053 -0.293585 0.656512 0.302771 0.625404
-4.04629 0.0771625 -7.25282 -0.301401 0.643062 0.286929 0.642885
-4.12131 0.0394178 -7.21153 -0.306941 0.630121 0.2729 0.658985
-4.19381 -0.00226325 -7.14399 -0.312723 0.619048 0.258927 0.672265
-4.25328 -0.055791 -7.08976 -0.318684 0.605541 0.246301 0.686365
-4.32586 -0.100296 -7.03021 -0.321674 0.594559 0.235289 0.69833
-4.40183 -0.143523 -6.95569 -0.324348 0.584516 0.223782 0.709268
-4.4683 -0.192859 -6.88786 -0.32628 0.574344 0.215096 0.719308
-4.53936 -0.243037 -6.80732 -0.327317 0.566389 0.208259 0.727114
-4.6283 -0.28038 -6.7234 -0.324812 0.562207 0.204339 0.732575
-4.71535 -0.324628 -6.63364 -0.322037 0.559386 0.202868 0.736359
-4.8077 -0.375636 -6.52596 -0.318802 0.559904 0.204228 0.736996
-4.89814 -0.429617 -6.43732 -0.313575 0.560725 0.20944 0.737152
-4.99382 -0.486337 -6.33666 -0.307797 0.563861 0.216948 0.73502
-5.09073 -0.544436 -6.2154 -0.301561 0.569671 0.22696 0.730086
-5.15249 -0.614884 -6.11892 -0.29692 0.573273 0.239844 0.725032
-5.24233 -0.675426 -5.97848 -0.291114 0.581589 0.252409 0.716448
-5.35268 -0.740394 -5.83126 -0.283134 0.591686 0.266815 0.706083
-5.44444 -0.799553 -5.71564 -0.274934 0.599729 0.282957 0.696184
-5.52555 -0.865315 -5.59521 -0.267824 0.607908 0.300604 0.684365
-5.5681 -0.914274 -5.51292 -0.262143 0.613381 0.318011 0.673731
-5.60554 -0.967853 -5.45243 -0.25623 0.617698 0.337316 0.662581
-5.63341 -1.01355 -5.40071 -0.251084 0.621582 0.356626 0.6507
-5.70572 -1.08143 -5.31576 -0.245518 0.627907 0.375656 0.635874
-5.7822 -1.15501 -5.23455 -0.240706 0.633729 0.395338 0.619804
-5.84283 -1.21707 -5.17299 -0.236361 0.63784 0.413236 0.605417
-5.91905 -1.29592 -5.10572 -0.233543 0.642488 0.430649 0.589244
-5.97796 -1.36875 -5.05669 -0.231692 0.645426 0.448752 0.573032
-6.01012 -1.42355 -5.04128 -0.231285 0.645852 0.46531 0.559347
-6.04609 -1.47664 -5.02486 -0.231534 0.646349 0.480245 0.545884
-6.07877 -1.53854 -4.98888 -0.235498 0.648324 0.491149 0.531968
-6.14254 -1.59547 -4.95274 -0.234266 0.652833 0.495325 0.52305
-6.23699 -1.66573 -4.89772 -0.233875 0.658756 0.496508 0.51461
-6.28605 -1.71977 -4.87894 -0.23653 0.661547 0.498161 0.508178
-6.34447 -1.76605 -4.8549 -0.239649 0.665344 0.496982 0.502887
-6.3808 -1.80651 -4.85201 -0.24426 0.667713 0.497159 0.497323
-6.43444 -1.8538 -4.83535 -0.250423 0.671181 0.494492 0.492222
-6.47347 -1.88771 -4.82791 -0.257061 0.674323 0.491518 0.487461
-6.53186 -1.93488 -4.80421 -0.265098 0.678204 0.486114 0.483172
-6.58872 -1.97814 -4.7867 -0.27264 0.681354 0.481196 0.479452
-6.62504 -2.02725 -4.75689 -0.283313 0.684086 0.4774 0.473127
-6.66326 -2.05778 -4.74922 -0.290734 0.686289 0.4732 0.469642
-6.69439 -2.09084 -4.73351 -0.300398 0.68787 0.467531 0.466916
-6.73275 -2.13007 -4.71844 -0.308528 0.689225 0.463433 0.463691
-6.7751 -2.16808 -4.70221 -0.316025 0.690277 0.458926 0.461555
-6.82018 -2.21022 -4.69036 -0.321644 0.690982 0.456948 0.458572
-6.91382 -2.28019 -4.67148 -0.325043 0.691307 0.45523 0.457392
-6.99817 -2.34187 -4.65512 -0.32769 0.69164 0.453377 0.456841
-7.08248 -2.4173 -4.63466 -0.330294 0.691017 0.452915 0.456366
-7.19512 -2.51137 -4.61089 -0.330327 0.690112 0.453881 0.456751
-7.29914 -2.5898 -4.5931 -0.328466 0.689814 0.454758 0.457671
-7.42975 -2.67892 -4.57067 -0.322683 0.691884 0.45264 0.46075
-7.56188 -2.76617 -4.55328 -0.314767 0.694161 0.451214 0.464186
-7.70044 -2.85448 -4.53703 -0.30472 0.696388 0.450088 0.468627
-7.82648 -2.94155 -4.52255 -0.295027 0.697581 0.450114 0.473009
-7.95184 -3.02592 -4.50774 -0.285548 0.697931 0.450379 0.478032
-8.07807 -3.11501 -4.49602 -0.274524 0.698289 0.451224 0.483143
-8.15147 -3.19374 -4.509 -0.266655 0.696039 0.455651 0.486629
-8.21285 -3.25917 -4.52196 -0.258754 0.693913 0.459169 0.490608
-8.252 -3.30289 -4.55502 -0.247954 0.69161 0.464768 0.49415
-8.2704 -3.33041 -4.57205 -0.236567 0.689466 0.469804 0.497953
-8.32037 -3.3836 -4.59769 -0.224796 0.686419 0.475016 0.502649
-8.36213 -3.44351 -4.604 -0.213471 0.68301 0.480455 0.507041
-8.40147 -3.48972 -4.60955 -0.202361 0.679943 0.484402 0.51194
-8.45744 -3.55595 -4.60664 -0.19165 0.677301 0.487258 0.51683
-8.53646 -3.62568 -4.61149 -0.180472 0.673851 0.489436 0.523265
-8.61858 -3.69918 -4.63176 -0.169598 0.668802 0.492309 0.530634
-8.70867 -3.76589 -4.64297 -0.158669 0.664961 0.492889 0.538249
-8.78836 -3.82898 -4.65994 -0.149049 0.660913 0.49391 0.545006
-8.86527 -3.89285 -4.67801 -0.140589 0.657073 0.494356 0.551454
-8.94343 -3.95057 -4.69922 -0.133228 0.651581 0.494083 0.559977
-9.01899 -4.00942 -4.73124 -0.129017 0.642638 0.493315 0.571849
-9.08894 -4.06326 -4.74893 -0.12585 0.635502 0.49165 0.581875
-9.13895 -4.12115 -4.7821 -0.122561 0.626573 0.494252 0.59
-9.18598 -4.17984 -4.81414 -0.120529 0.616679 0.49685 0.598598
-9.21377 -4.23414 -4.84519 -0.119113 0.608946 0.501208 0.603148
-9.24406 -4.29392 -4.89387 -0.117239 0.598471 0.506159 0.609828
-9.28609 -4.3464 -4.93522 -0.117072 0.587955 0.50712 0.61922
-9.323 -4.39514 -4.96505 -0.117955 0.578688 0.507462 0.627447
-9.36418 -4.44112 -4.99858 -0.119701 0.567785 0.506762 0.637561
-9.40755 -4.47868 -5.03324 -0.122165 0.555621 0.505091 0.649033
-9.43045 -4.52333 -5.05424 -0.125282 0.546767 0.505432 0.655659
-9.45903 -4.57188 -5.07633 -0.12838 0.537818 0.504714 0.662974
-9.48323 -4.61663 -5.12819 -0.13225 0.524262 0.504626 0.673062
-9.52211 -4.65696 -5.17587 -0.134716 0.512041 0.502818 0.683257
-9.54763 -4.70072 -5.20274 -0.139605 0.501857 0.500949 0.691158
-9.58574 -4.74145 -5.24952 -0.141581 0.491084 0.499185 0.699718
-9.61433 -4.78048 -5.28886 -0.144711 0.480864 0.497716 0.707182
-9.61886 -4.82538 -5.32763 -0.148889 0.471096 0.49899 0.711975
-9.64174 -4.86429 -5.36594 -0.151178 0.462978 0.49857 0.717094
-9.66924 -4.89788 -5.4046 -0.152789 0.455285 0.497636 0.722308
-9.68885 -4.92951 -5.44348 -0.154176 0.448537 0.497856 0.726075
-9.715 -4.96276 -5.4696 -0.155578 0.443735 0.497001 0.729304
-9.74162 -4.99098 -5.50157 -0.156486 0.439569 0.496384 0.732048
-9.75302 -5.02427 -5.52388 -0.158222 0.436554 0.497339 0.73283
-9.76704 -5.05505 -5.5493 -0.159478 0.434002 0.498024 0.733608
-9.78901 -5.08099 -5.56673 -0.159855 0.432753 0.497919 0.734335
-9.80651 -5.10692 -5.57726 -0.160481 0.432413 0.498312 0.734132
-9.81494 -5.12532 -5.59684 -0.160941 0.431538 0.499588 0.733679
-9.81337 -5.14513 -5.59511 -0.162193 0.432126 0.500897 0.732163
-9.82264 -5.16287 -5.60445 -0.162521 0.433187 0.50196 0.730734
-9.82518 -5.18078 -5.60104 -0.163568 0.43486 0.502914 0.728849
-9.82961 -5.18572 -5.60374 -0.163208 0.436551 0.504413 0.72688
-9.82781 -5.20206 -5.59425 -0.164296 0.439313 0.505589 0.724148
-9.82977 -5.21154 -5.59341 -0.164343 0.441809 0.506972 0.721648
-9.83126 -5.22269 -5.58859 -0.164713 0.444517 0.508809 0.718602
-9.84677 -5.23885 -5.5847 -0.164656 0.447992 0.509575 0.715908
-9.8519 -5.25043 -5.58477 -0.164864 0.450561 0.511175 0.713103
-9.86234 -5.2617 -5.58553 -0.164675 0.453256 0.512409 0.710548
-9.87258 -5.26768 -5.59045 -0.164193 0.45558 0.514485 0.707667
-9.86828 -5.2966 -5.58136 -0.166261 0.458001 0.516155 0.704398
-9.88161 -5.32051 -5.58601 -0.166918 0.4602 0.517074 0.702132
-9.89752 -5.33614 -5.58219 -0.167219 0.46255 0.517983 0.699842
-9.90819 -5.34741 -5.5888 -0.167342 0.463919 0.518913 0.698215
-9.91021 -5.3605 -5.58799 -0.168229 0.465247 0.519873 0.696402
-9.90688 -5.37483 -5.58813 -0.16957 0.465822 0.521773 0.694269
-9.91436 -5.38952 -5.59543 -0.169978 0.466491 0.522621 0.693081
-9.91397 -5.41163 -5.60324 -0.171442 0.466341 0.523967 0.691804
-9.92716 -5.43835 -5.60256 -0.17244 0.466985 0.523886 0.691182
-9.94568 -5.45037 -5.62167 -0.171821 0.466303 0.524455 0.691366
-9.95201 -5.47744 -5.63887 -0.172891 0.465038 0.525585 0.691092
-9.9735 -5.508 -5.65689 -0.173043 0.464189 0.525406 0.691761
-9.99791 -5.53944 -5.68066 -0.172766 0.462818 0.524957 0.693088
-10.0343 -5.57304 -5.70877 -0.171807 0.461341 0.523705 0.695256
-10.0667 -5.61617 -5.73984 -0.171665 0.459502 0.523047 0.697002
-10.1054 -5.65748 -5.78219 -0.170456 0.45671 0.521455 0.700318
-10.1502 -5.71277 -5.80467 -0.170192 0.455667 0.520474 0.70179
-10.1848 -5.76125 -5.85703 -0.168941 0.451782 0.519056 0.705643
-10.239 -5.80413 -5.89804 -0.167103 0.448975 0.515627 0.710371
-10.2972 -5.8381 -5.97435 -0.163104 0.444014 0.512686 0.71652
-10.3245 -5.89575 -6.05812 -0.16167 0.435743 0.510522 0.723435
-10.3631 -5.95992 -6.11358 -0.160177 0.429896 0.50676 0.729882
-10.4322 -5.99903 -6.18988 -0.154008 0.423556 0.503406 0.7372
-10.5027 -6.01511 -6.277 -0.146172 0.415005 0.499302 0.746393
-10.5281 -6.06939 -6.36438 -0.142302 0.404894 0.496723 0.754372
-10.5534 -6.13589 -6.45398 -0.138824 0.395335 0.493241 0.762333
-10.6302 -6.12263 -6.5744 -0.126342 0.385012 0.488563 0.772729
-10.6943 -6.13129 -6.68256 -0.117552 0.374952 0.484039 0.781856
-10.7121 -6.1454 -6.80085 -0.111052 0.361829 0.47932 0.791833
-10.6741 -6.15527 -6.94841 -0.106091 0.344548 0.476642 0.801775
-10.7296 -6.16063 -7.07573 -0.0976706 0.334277 0.473827 0.808831
-10.7673 -6.16466 -7.19977 -0.0899484 0.32345 0.470133 0.81625
-10.7767 -6.17885 -7.32994 -0.0845677 0.31101 0.46783 0.822956
-10.8089 -6.18894 -7.46631 -0.0780019 0.299333 0.466105 0.828892
-10.7897 -6.24505 -7.55707 -0.0783237 0.287576 0.464989 0.833637
-10.8028 -6.3076 -7.64843 -0.0787306 0.27898 0.465724 0.836106
-10.8525 -6.31942 -7.72371 -0.07514 0.272518 0.466661 0.838042
-10.8331 -6.3818 -7.79107 -0.0787524 0.263623 0.468904 0.839303
-10.857 -6.43074 -7.83594 -0.0809731 0.257727 0.472368 0.83898
-10.8895 -6.51141 -7.89127 -0.0857492 0.251851 0.47794 0.837133
-10.9253 -6.56261 -7.93805 -0.0891164 0.243961 0.483673 0.835824
-10.954 -6.64178 -7.97022 -0.0950876 0.23548 0.488614 0.834724
-10.9868 -6.74012 -7.99146 -0.102766 0.22697 0.493942 0.833034
-11.0379 -6.88735 -7.97352 -0.114911 0.2216 0.501468 0.828383
-11.0537 -7.00896 -7.96926 -0.127214 0.213329 0.50974 0.823694
-11.0807 -7.14213 -7.92183 -0.141358 0.206589 0.51868 0.817502
-11.1123 -7.2909 -7.88021 -0.156235 0.200862 0.527983 0.810234
-11.1291 -7.44553 -7.81328 -0.173164 0.194307 0.536947 0.802463
-11.1306 -7.59222 -7.7553 -0.190619 0.18594 0.545705 0.794541
-11.1439 -7.71539 -7.69234 -0.205873 0.177658 0.553086 0.787496
-11.1901 -7.82537 -7.62699 -0.219039 0.170525 0.558841 0.781434
-11.2297 -7.91956 -7.56014 -0.231508 0.162036 0.563904 0.77599
-11.2702 -7.99836 -7.5008 -0.241482 0.152464 0.568052 0.771853
-11.3292 -8.09435 -7.43726 -0.25132 0.144747 0.572098 0.767197
-11.3876 -8.20132 -7.37646 -0.262551 0.136574 0.574791 0.762909
-11.4502 -8.29038 -7.33339 -0.270361 0.128002 0.577826 0.759367
-11.492 -8.38541 -7.27708 -0.281405 0.116814 0.577851 0.757136
-11.5504 -8.4718 -7.21597 -0.290514 0.106891 0.576676 0.756056
-11.6063 -8.54873 -7.17357 -0.297445 0.0956591 0.574036 0.756874
-11.6771 -8.6332 -7.1332 -0.302716 0.0861006 0.571882 0.757562
-11.7351 -8.70838 -7.10372 -0.307139 0.0742794 0.569178 0.759069
-11.7906 -8.77855 -7.07683 -0.310348 0.0617597 0.564618 0.762284
-11.8421 -8.84593 -7.05559 -0.31303 0.0487651 0.558269 0.766792
-11.9099 -8.91804 -7.05 -0.3129 0.0371536 0.550203 0.773298
-11.9601 -8.97405 -7.04797 -0.312345 0.0217591 0.540678 0.78079
-12.0296 -9.04223 -7.05386 -0.310044 0.00773458 0.530601 0.788844
-12.0995 -9.10256 -7.05459 -0.306414 -0.00569183 0.519173 0.797833
-12.1733 -9.16851 -7.05829 -0.301676 -0.0193791 0.507016 0.807187
-12.2509 -9.23516 -7.0623 -0.295518 -0.0324443 0.494724 0.816618
-12.3158 -9.2952 -7.07079 -0.2885 -0.0479226 0.481826 0.826023
-12.409 -9.36993 -7.08051 -0.28047 -0.059646 0.467875 0.835986
-12.509 -9.44653 -7.10249 -0.27033 -0.0705626 0.45277 0.846724
-12.6109 -9.51552 -7.11596 -0.259406 -0.0804993 0.438637 0.856636
-12.7292 -9.59955 -7.12159 -0.249739 -0.0879174 0.424405 0.865899
-12.8481 -9.69056 -7.13379 -0.239668 -0.0949614 0.409806 0.874986
-12.9459 -9.78016 -7.13794 -0.23057 -0.104214 0.396929 0.882283
-13.0566 -9.87274 -7.14627 -0.221333 -0.111333 0.385011 0.889035
-13.151 -9.96459 -7.15919 -0.212304 -0.120605 0.37522 0.894199
-13.258 -10.0499 -7.18265 -0.20142 -0.127535 0.366164 0.899494
-13.3699 -10.1583 -7.19827 -0.19514 -0.132189 0.360269 0.902581
-13.4848 -10.254 -7.2189 -0.187843 -0.136471 0.356256 0.905081
-13.6075 -10.3551 -7.23654 -0.181821 -0.138362 0.354666 0.906647
-13.7135 -10.4541 -7.24654 -0.177721 -0.140202 0.355376 0.9069
-13.8146 -10.5463 -7.26713 -0.173557 -0.141022 0.358291 0.906432
-13.8959 -10.6334 -7.29366 -0.16988 -0.142936 0.361549 0.905534
-13.9227 -10.6714 -7.34258 -0.16513 -0.149985 0.366837 0.903143
-13.9784 -10.7464 -7.39076 -0.164701 -0.149501 0.375321 0.899809
-13.9914 -10.7958 -7.43911 -0.16416 -0.151079 0.384817 0.895624
-14.0066 -10.8104 -7.52118 -0.160238 -0.152706 0.398801 0.889923
-14.035 -10.8539 -7.5339 -0.161682 -0.150641 0.415658 0.882267
-14.0741 -10.8912 -7.54656 -0.162004 -0.146629 0.435428 0.873303
-14.1065 -10.9456 -7.50997 -0.170338 -0.141749 0.444222 0.868078
-14.1264 -10.9985 -7.49103 -0.18019 -0.138172 0.452604 0.862317
-14.14 -11.0149 -7.53663 -0.181365 -0.135233 0.466509 0.855096
-14.1476 -11.0369 -7.57954 -0.183909 -0.133395 0.481848 0.846289
-14.1741 -11.0963 -7.63526 -0.189633 -0.129104 0.490829 0.840511
-14.198 -11.151 -7.68969 -0.196986 -0.126864 0.505601 0.830343
-14.2134 -11.2033 -7.73045 -0.205844 -0.12599 0.521509 0.818403
-14.2225 -11.248 -7.77174 -0.214166 -0.126394 0.535543 0.807063
-14.2377 -11.312 -7.83115 -0.220893 -0.123187 0.545053 0.799343
-14.2479 -11.3742 -7.87234 -0.226765 -0.120476 0.549024 0.795384
-14.2675 -11.4412 -7.92685 -0.231224 -0.116515 0.552771 0.792088
-14.2796 -11.5069 -7.98546 -0.2359 -0.113542 0.555826 0.788998
-14.3012 -11.5764 -8.03113 -0.240125 -0.11004 0.554988 0.788809
-14.3304 -11.6447 -8.09021 -0.242658 -0.105639 0.553627 0.789591
-14.3484 -11.7059 -8.1346 -0.245006 -0.103728 0.550466 0.791328
-14.3778 -11.7686 -8.19018 -0.246055 -0.100752 0.545851 0.794577
-14.404 -11.829 -8.23798 -0.247286 -0.097366 0.541747 0.797421
-14.4277 -11.8847 -8.28458 -0.247066 -0.0952951 0.535728 0.801793
-14.4626 -11.9388 -8.32374 -0.245467 -0.0916303 0.527682 0.808023
-14.4795 -11.9862 -8.3614 -0.244295 -0.0911412 0.520414 0.813131
-14.5021 -12.0272 -8.40363 -0.241837 -0.0895155 0.513234 0.818592
-14.5351 -12.0699 -8.44566 -0.238531 -0.0865681 0.504514 0.825272
-14.5571 -12.1055 -8.4763 -0.235388 -0.0856875 0.495358 0.831788
-14.5744 -12.1332 -8.5021 -0.231051 -0.0848961 0.486989 0.838003
-14.589 -12.1601 -8.51848 -0.227101 -0.0835187 0.479746 0.843382
-14.6098 -12.1822 -8.54525 -0.220983 -0.0817513 0.471755 0.849665
-14.6227 -12.199 -8.55906 -0.214659 -0.0805997 0.46456 0.855342
-14.6564 -12.2112 -8.58244 -0.205406 -0.0772071 0.455508 0.862763
-14.6616 -12.2173 -8.58383 -0.197894 -0.0762454 0.449492 0.867745
-14.6853 -12.2234 -8.58696 -0.18791 -0.0730126 0.441819 0.87416
-14.7004 -12.2132 -8.59765 -0.175017 -0.0700637 0.436936 0.879515
-14.7325 -12.2187 -8.59062 -0.163599 -0.0656026 0.428183 0.886336
-14.7485 -12.2256 -8.59151 -0.150921 -0.0616512 0.420446 0.892551
-14.7701 -12.2394 -8.60048 -0.1377 -0.056478 0.411272 0.89928
-14.7913 -12.2551 -8.59561 -0.124064 -0.0523756 0.401283 0.906001
-14.8079 -12.2717 -8.60816 -0.11116 -0.0479152 0.393909 0.911144
-14.8101 -12.2732 -8.60941 -0.0979213 -0.044614 0.387631 0.915513
-14.838 -12.2908 -8.61986 -0.0846115 -0.0386838 0.37963 0.920448
-14.8473 -12.3042 -8.62949 -0.0719247 -0.034174 0.375522 0.923386
-14.8571 -12.3152 -8.62547 -0.0593018 -0.0295866 0.371632 0.926012
-14.8674 -12.3417 -8.6162 -0.0483768 -0.0253274 0.368936 0.927849
-14.9123 -12.3832 -8.62276 -0.0374669 -0.0177908 0.369771 0.928197
-14.9258 -12.438 -8.62456 -0.0298087 -0.0122239 0.371851 0.927733
-14.9828 -12.4979 -8.64259 -0.0214853 -0.00406074 0.372255 0.927873
-15.0389 -12.5699 -8.65686 -0.0149889 0.00483633 0.371673 0.92823
-15.0929 -12.6364 -8.67515 -0.00904307 0.0136291 0.369541 0.92907
-15.1282 -12.7109 -8.69979 -0.0067577 0.0211139 0.367336 0.929824
-15.168 -12.8055 -8.70809 -0.00695433 0.0296918 0.363783 0.930984
-15.2138 -12.885 -8.6967 -0.00781702 0.037281 0.362062 0.931375
-15.2568 -12.9921 -8.6941 -0.0134028 0.0463533 0.358622 0.932235
-15.2923 -13.0775 -8.69722 -0.0198479 0.0548347 0.358781 0.931598
-15.334 -13.1777 -8.68774 -0.0295463 0.0627785 0.362064 0.929568
-15.3558 -13.2989 -8.69083 -0.044098 0.0696771 0.365302 0.92723
-15.3904 -13.4137 -8.6811 -0.0584055 0.0773032 0.36833 0.924633
-15.4299 -13.5428 -8.67605 -0.0755745 0.0854277 0.372012 0.921194
-15.4488 -13.6726 -8.65806 -0.0941238 0.0911587 0.375306 0.917593
-15.4568 -13.8297 -8.65001 -0.116455 0.096616 0.377889 0.913402
-15.4826 -13.9701 -8.63274 -0.137006 0.1028 0.38038 0.90883
-15.5084 -14.1445 -8.61391 -0.161023 0.109435 0.382369 0.903266
-15.5755 -14.2929 -8.58145 -0.181234 0.117041 0.386233 0.896817
-15.6237 -14.4366 -8.56679 -0.20266 0.123518 0.382598 0.892912
-15.6155 -14.4954 -8.5535 -0.220335 0.12545 0.381708 0.888827
-15.6583 -14.6043 -8.544 -0.238 0.128133 0.377752 0.885574
-15.665 -14.6631 -8.56262 -0.25321 0.126533 0.372248 0.883915
-15.6768 -14.7008 -8.56423 -0.265351 0.126997 0.37135 0.880659
-15.7033 -14.7475 -8.56759 -0.278734 0.128733 0.369941 0.876857
-15.6814 -14.7424 -8.63854 -0.293726 0.131743 0.37025 0.871369
-15.6592 -14.7587 -8.68433 -0.307302 0.132512 0.37063 0.866394
-15.6497 -14.797 -8.68305 -0.320812 0.132914 0.366439 0.863213
-15.6421 -14.7673 -8.69331 -0.326153 0.132076 0.364146 0.86231
-15.6225 -14.7581 -8.66984 -0.333456 0.128879 0.358481 0.862374
-15.5734 -14.7199 -8.6463 -0.337533 0.122882 0.353294 0.863803
-15.5104 -14.6987 -8.60898 -0.341465 0.114483 0.349287 0.86504
-15.4774 -14.6568 -8.58756 -0.340754 0.107001 0.344216 0.868304
-15.4315 -14.6259 -8.55857 -0.339966 0.0979872 0.341465 0.87076
-15.4153 -14.6036 -8.52948 -0.33915 0.0904271 0.334485 0.874597
-15.3721 -14.5636 -8.52232 -0.335533 0.0804423 0.329783 0.878743
-15.3033 -14.4798 -8.53469 -0.328639 0.0683084 0.325392 0.883997
-15.2354 -14.3932 -8.57224 -0.320952 0.0566389 0.322296 0.888767
-15.1946 -14.3126 -8.59679 -0.311809 0.0460738 0.318458 0.894001
-15.1513 -14.2217 -8.61467 -0.301625 0.0358725 0.314521 0.89934
-15.0922 -14.1455 -8.64438 -0.293077 0.0243867 0.309812 0.904172
-15.0546 -14.087 -8.65446 -0.285431 0.0146909 0.305112 0.908416
-14.9994 -14.0226 -8.66984 -0.278006 0.00500597 0.300877 0.912228
-14.9304 -13.9397 -8.66815 -0.272919 -0.00506598 0.297895 0.914739
-14.8951 -13.8687 -8.69654 -0.26526 -0.0110069 0.293083 0.918487
-14.8267 -13.7991 -8.71141 -0.261789 -0.0186408 0.290402 0.92021
-14.7638 -13.7313 -8.73645 -0.259525 -0.0257412 0.285478 0.922218
-14.7126 -13.6544 -8.75757 -0.258619 -0.0302924 0.28147 0.923565
-14.663 -13.5894 -8.78396 -0.258911 -0.0330321 0.278653 0.924244
-14.6099 -13.5324 -8.79716 -0.263193 -0.0332247 0.284624 0.921203
-14.5684 -13.4783 -8.8147 -0.267575 -0.0305642 0.288811 0.918726
-14.5116 -13.4214 -8.82009 -0.275547 -0.0275282 0.294244 0.914733
-14.4644 -13.3881 -8.82756 -0.286355 -0.0219492 0.300988 0.909354
-14.4096 -13.3456 -8.83337 -0.298331 -0.0153644 0.308824 0.90299
-14.3615 -13.3115 -8.84819 -0.31115 -0.00852426 0.314428 0.896799
-14.3155 -13.2779 -8.84135 -0.325984 -0.00015662 0.32137 0.889076
-14.2662 -13.2503 -8.83244 -0.342841 0.00871183 0.329695 0.879594
-14.2265 -13.2264 -8.82347 -0.360064 0.0184311 0.3379 0.869389
-14.1944 -13.2135 -8.81147 -0.378993 0.0295359 0.343362 0.858833
-14.1509 -13.1952 -8.79813 -0.397254 0.0392618 0.351645 0.846755
-14.1192 -13.1721 -8.77111 -0.415261 0.0511125 0.359392 0.834136
-14.0864 -13.1543 -8.75151 -0.432316 0.0635138 0.36841 0.820575
-14.0385 -13.1405 -8.72814 -0.449716 0.0736039 0.37828 0.805755
-14.0155 -13.1357 -8.69196 -0.467356 0.0861824 0.384782 0.791261
-13.983 -13.1191 -8.67403 -0.481561 0.0961586 0.393231 0.777318
-13.9583 -13.1089 -8.64023 -0.496753 0.105557 0.399296 0.76332
-13.9242 -13.1059 -8.62069 -0.50982 0.114698 0.407623 0.748847
-13.8894 -13.0893 -8.6042 -0.521161 0.121102 0.416862 0.734814
-13.852 -13.081 -8.58504 -0.532145 0.126198 0.425134 0.721219
-13.8327 -13.0545 -8.59786 -0.529646 0.133201 0.4338 0.716624
-13.8031 -13.0274 -8.60905 -0.527298 0.137111 0.443713 0.71153
-13.7796 -13.0125 -8.62115 -0.524555 0.139614 0.452741 0.707372
-13.7509 -12.9886 -8.64311 -0.520511 0.13912 0.46348 0.703492
-13.723 -12.9699 -8.66718 -0.516063 0.136689 0.474054 0.700192
-13.7004 -12.9524 -8.69065 -0.511502 0.132406 0.483961 0.697579
-13.6698 -12.9378 -8.7133 -0.507776 0.126349 0.493773 0.694541
-13.6473 -12.9185 -8.74675 -0.50205 0.1193 0.504592 0.692171
-13.6098 -12.896 -8.78317 -0.496276 0.108567 0.515432 0.690111
-13.5856 -12.8754 -8.8255 -0.489667 0.0982962 0.525481 0.688792
-13.55 -12.8443 -8.864 -0.483464 0.0854951 0.535006 0.687548
-13.5174 -12.8154 -8.89205 -0.479673 0.0702605 0.537042 0.690336
-13.478 -12.7831 -8.9242 -0.476314 0.052536 0.537804 0.693636
-13.4415 -12.7509 -8.95524 -0.472686 0.0364028 0.537843 0.697114
-13.4063 -12.7173 -8.99035 -0.468564 0.0217781 0.537763 0.700561
-13.3673 -12.6847 -9.01532 -0.466077 0.00791927 0.536732 0.703298
-13.3293 -12.6433 -9.05077 -0.462059 -0.00447057 0.537185 0.70563
-13.276 -12.5997 -9.06578 -0.461161 -0.0174311 0.5367 0.706385
-13.2407 -12.5575 -9.09734 -0.458219 -0.0265067 0.536739 0.707986
-13.1965 -12.5185 -9.11849 -0.457228 -0.0348756 0.536214 0.708662
-13.1672 -12.4745 -9.15673 -0.447711 -0.0434059 0.529187 0.719466
-13.1375 -12.4221 -9.20084 -0.436908 -0.0520523 0.521105 0.731335
-13.1224 -12.3847 -9.24098 -0.427384 -0.057826 0.511238 0.743394
-13.0891 -12.341 -9.29029 -0.417224 -0.0642319 0.500822 0.755629
-13.0635 -12.3047 -9.33797 -0.407676 -0.0692587 0.489014 0.768029
-13.039 -12.2782 -9.39811 -0.397473 -0.0733771 0.475893 0.781125
-13.0277 -12.2687 -9.45712 -0.388384 -0.0754643 0.461292 0.794149
-12.998 -12.2684 -9.51952 -0.379291 -0.0785383 0.448026 0.805756
-12.9723 -12.2728 -9.56988 -0.369819 -0.0804153 0.436011 0.816494
-12.9265 -12.2903 -9.61286 -0.361849 -0.0843124 0.423443 0.826228
-12.8794 -12.3263 -9.64429 -0.354345 -0.0882799 0.411282 0.835161
-12.8471 -12.3965 -9.67094 -0.348772 -0.0897782 0.400115 0.842737
-12.8034 -12.4551 -9.70502 -0.342191 -0.0928342 0.389211 0.850178
-12.7533 -12.532 -9.72706 -0.336927 -0.0962596 0.379982 0.856054
-12.6723 -12.6161 -9.77273 -0.332449 -0.101078 0.371288 0.861049
-12.6225 -12.7158 -9.78714 -0.328881 -0.103899 0.36383 0.865257
-12.5687 -12.8112 -9.76153 -0.326926 -0.105778 0.358531 0.867978
-12.5166 -12.8527 -9.7477 -0.322212 -0.107206 0.355292 0.870893
-12.4613 -12.8838 -9.70551 -0.319998 -0.108991 0.351669 0.872955
-12.399 -12.8944 -9.65179 -0.319396 -0.110036 0.35097 0.873326
-12.3329 -12.8685 -9.60129 -0.319128 -0.112125 0.352531 0.872529
-12.2857 -12.8535 -9.53058 -0.321648 -0.11282 0.354639 0.870658
-12.2546 -12.8447 -9.46054 -0.324991 -0.111024 0.358928 0.867885
-12.1918 -12.8192 -9.38783 -0.329471 -0.110697 0.364836 0.863765
-12.1366 -12.7791 -9.33338 -0.334254 -0.10884 0.372998 0.858662
-12.063 -12.7127 -9.28573 -0.339219 -0.108275 0.380666 0.853405
-12.0006 -12.6576 -9.23024 -0.345255 -0.105364 0.388283 0.8479
-11.9557 -12.6314 -9.20617 -0.352571 -0.0992466 0.397904 0.84114
-11.9129 -12.5775 -9.1849 -0.358603 -0.0937736 0.40739 0.834652
-11.8643 -12.5144 -9.17369 -0.363926 -0.0883182 0.417606 0.827866
-11.8187 -12.4767 -9.15217 -0.37217 -0.0821175 0.427219 0.819896
-11.7738 -12.4407 -9.14107 -0.380292 -0.0742038 0.438117 0.811126
-11.7199 -12.3786 -9.12687 -0.387911 -0.0670524 0.448779 0.802263
-11.6988 -12.3361 -9.12086 -0.397376 -0.0588356 0.461982 0.790698
-11.6613 -12.2986 -9.06781 -0.410168 -0.0547056 0.474785 0.776755
-11.6975 -12.2294 -9.04517 -0.417579 -0.0492338 0.490695 0.763166
-11.6905 -12.2003 -8.99736 -0.426956 -0.0476148 0.503309 0.749748
-11.6839 -12.2174 -8.92285 -0.43986 -0.0447396 0.510796 0.737299
-11.6886 -12.2017 -8.87514 -0.448774 -0.0424491 0.516454 0.728062
-11.6986 -12.1692 -8.81901 -0.457528 -0.0391856 0.520653 0.719759
-11.7405 -12.065 -8.79081 -0.459396 -0.0390065 0.520506 0.718685
-11.7865 -12.0226 -8.71655 -0.465264 -0.0346357 0.515775 0.718545
-11.8375 -11.9215 -8.69616 -0.463578 -0.028221 0.514777 0.720627
-11.879 -11.8517 -8.68255 -0.461737 -0.0203955 0.514034 0.722601
-11.9161 -11.7942 -8.6675 -0.459818 -0.00927858 0.510592 0.726482
-11.9264 -11.7173 -8.64967 -0.45694 0.00194384 0.508446 0.729852
-11.9093 -11.6462 -8.63395 -0.453877 0.0125783 0.507024 0.732642
-11.8896 -11.5941 -8.62127 -0.45187 0.0258839 0.50594 0.734281
-11.8555 -11.5433 -8.61926 -0.449506 0.037967 0.504513 0.736186
-11.8089 -11.4893 -8.62219 -0.447234 0.0491846 0.502841 0.738047
-11.7719 -11.4521 -8.6397 -0.445011 0.0617734 0.500345 0.740137
-11.7211 -11.404 -8.65897 -0.442724 0.0727822 0.497434 0.742467
-11.6676 -11.3598 -8.67872 -0.441 0.0831599 0.494189 0.744567
-11.607 -11.3151 -8.7189 -0.437572 0.0922615 0.492355 0.746729
-11.54 -11.2825 -8.76441 -0.435239 0.0997465 0.490229 0.748527
-11.4836 -11.263 -8.82016 -0.431872 0.107864 0.487563 0.751088
-11.416 -11.2356 -8.88591 -0.427255 0.113711 0.487807 0.752707
-11.3577 -11.2225 -8.9521 -0.423222 0.120264 0.487276 0.754309
-11.2929 -11.2078 -9.02465 -0.418601 0.124693 0.487753 0.755859
-11.2167 -11.2127 -9.09629 -0.415821 0.127849 0.48766 0.756925
-11.1551 -11.206 -9.1734 -0.411255 0.129445 0.487323 0.759361
-11.0865 -11.2038 -9.24569 -0.408595 0.130426 0.485544 0.761765
-11.02 -11.2071 -9.32331 -0.405439 0.130165 0.483705 0.76466
-10.9443 -11.218 -9.40824 -0.403068 0.129109 0.483007 0.766532
-10.8666 -11.2258 -9.49621 -0.400435 0.127156 0.483414 0.76798
-10.8002 -11.238 -9.57205 -0.398202 0.12567 0.483294 0.76946
-10.7409 -11.2805 -9.61244 -0.39949 0.1244 0.481504 0.770121
-10.676 -11.2992 -9.69381 -0.397407 0.121995 0.482021 0.77126
-10.6067 -11.3277 -9.75324 -0.397575 0.119018 0.482437 0.771378
-10.5325 -11.3535 -9.8163 -0.397689 0.11471 0.483429 0.77135
-10.4701 -11.3963 -9.85889 -0.399696 0.111768 0.483171 0.770907
-10.3999 -11.4208 -9.90545 -0.400858 0.106775 0.484005 0.770488
-10.3613 -11.469 -9.9264 -0.403671 0.104921 0.48308 0.769854
-10.2981 -11.5009 -9.97626 -0.405012 0.10043 0.48452 0.768843
-10.2436 -11.5341 -10.0155 -0.407203 0.0963829 0.485635 0.767499
-10.1908 -11.5591 -10.0468 -0.409231 0.091935 0.486959 0.766126
-10.1425 -11.5921 -10.0802 -0.411976 0.0872618 0.488758 0.764053
-10.0758 -11.5976 -10.0917 -0.415479 0.0813349 0.491166 0.761261
-10.0433 -11.6336 -10.0871 -0.419994 0.0773929 0.491924 0.7587
-9.9943 -11.6599 -10.1252 -0.422602 0.0723649 0.494607 0.755999
-9.94853 -11.6811 -10.1548 -0.425243 0.066793 0.497171 0.753344
-9.93147 -11.6922 -10.1496 -0.42843 0.0619449 0.498405 0.751135
-9.89403 -11.7158 -10.1718 -0.431708 0.0561402 0.50131 0.747773
-9.86716 -11.7286 -10.1663 -0.435998 0.049163 0.501711 0.745503
-9.84695 -11.751 -10.1693 -0.440336 0.0422202 0.500334 0.744304
-9.81731 -11.7576 -10.1855 -0.443402 0.0343821 0.49966 0.743339
-9.80615 -11.7687 -10.1707 -0.447754 0.026861 0.498032 0.742131
-9.78677 -11.7944 -10.1839 -0.451058 0.0192744 0.495904 0.741791
-9.76385 -11.8054 -10.1757 -0.455192 0.0114586 0.495575 0.739645
-9.7428 -11.7963 -10.187 -0.457611 0.00192705 0.494139 0.739199
-9.712 -11.801 -10.1969 -0.460713 -0.00627434 0.494229 0.737186
-9.70962 -11.8106 -10.1859 -0.464311 -0.0133563 0.491358 0.736753
-9.69359 -11.8066 -10.185 -0.46718 -0.0213236 0.489977 0.73567
-9.68183 -11.8031 -10.1858 -0.46994 -0.0289574 0.488276 0.734782
-9.67017 -11.8061 -10.184 -0.473039 -0.0353983 0.486719 0.733543
-9.66122 -11.7993 -10.1633 -0.477033 -0.0423636 0.484935 0.731768
-9.65323 -11.8099 -10.158 -0.480694 -0.0477701 0.482698 0.730516
-9.63743 -11.8087 -10.1547 -0.483519 -0.0532884 0.482249 0.728564
-9.63215 -11.8171 -10.1476 -0.486958 -0.0582561 0.479725 0.727559
-9.62271 -11.8205 -10.1445 -0.489738 -0.0614338 0.479171 0.725795
-9.61662 -11.8291 -10.148 -0.492098 -0.069639 0.470091 0.729386
-9.6108 -11.8441 -10.1507 -0.494573 -0.0781656 0.459185 0.733782
-9.59413 -11.8588 -10.1648 -0.495209 -0.0873231 0.448672 0.738807
-9.58272 -11.88 -10.1737 -0.497443 -0.0963793 0.435655 0.743953
-9.5745 -11.9062 -10.18 -0.499331 -0.105105 0.421616 0.749575
-9.56147 -11.9285 -10.1954 -0.500143 -0.114056 0.407427 0.755547
-9.53906 -11.956 -10.2008 -0.502195 -0.123523 0.392687 0.760486
-9.52761 -11.9981 -10.2191 -0.503057 -0.132048 0.375925 0.766927
-9.51797 -12.0284 -10.2288 -0.504465 -0.141309 0.359039 0.772423
-9.49824 -12.0669 -10.2365 -0.50613 -0.150293 0.342563 0.777107
-9.47881 -12.1143 -10.2497 -0.507086 -0.158839 0.32539 0.782148
-9.45845 -12.1572 -10.2723 -0.506932 -0.167698 0.308491 0.78723
-9.44459 -12.2087 -10.2846 -0.508027 -0.1761 0.290817 0.791405
-9.42337 -12.2592 -10.3122 -0.507536 -0.183728 0.274661 0.795747
-9.39232 -12.2982 -10.3296 -0.507351 -0.192168 0.260175 0.798734
-9.36651 -12.3557 -10.3517 -0.507015 -0.200054 0.244673 0.801903
-9.34705 -12.4127 -10.3712 -0.506652 -0.20774 0.229515 0.804656
-9.33755 -12.4733 -10.3846 -0.507311 -0.214557 0.214302 0.806645
-9.3274 -12.5324 -10.408 -0.507205 -0.22054 0.201603 0.80837
-9.29968 -12.5866 -10.4269 -0.506809 -0.227858 0.190921 0.809182
-9.30492 -12.645 -10.4487 -0.508235 -0.230006 0.185002 0.809054
-9.31998 -12.7072 -10.4683 -0.510522 -0.230363 0.183107 0.807943
-9.33765 -12.754 -10.4863 -0.511434 -0.231552 0.183174 0.807011
-9.37035 -12.7927 -10.5112 -0.511552 -0.230994 0.183652 0.806987
-9.41069 -12.8223 -10.5202 -0.512254 -0.232361 0.183384 0.80621
-9.44448 -12.8608 -10.5372 -0.512588 -0.232782 0.183504 0.805849
-9.48033 -12.8973 -10.5418 -0.51311 -0.234569 0.182834 0.80515
-9.52466 -12.9313 -10.5482 -0.513154 -0.235802 0.182151 0.804917
-9.55743 -12.9666 -10.5522 -0.512728 -0.237982 0.181526 0.804688
-9.59276 -13.0052 -10.563 -0.512149 -0.238657 0.181616 0.804837
-9.60698 -13.0343 -10.5596 -0.511611 -0.241861 0.182525 0.804016
-9.65932 -13.0707 -10.5758 -0.509976 -0.242138 0.181249 0.805259
-9.68743 -13.103 -10.5732 -0.508853 -0.24556 0.180715 0.805053
-9.7143 -13.1455 -10.5784 -0.507529 -0.248053 0.179876 0.805313
-9.73158 -13.1752 -10.5722 -0.506321 -0.252263 0.179674 0.80481
-9.76564 -13.2075 -10.5732 -0.504403 -0.255533 0.178629 0.805216
-9.77899 -13.2343 -10.5783 -0.502492 -0.259008 0.179791 0.805041
-9.80884 -13.2718 -10.5726 -0.502112 -0.262079 0.179222 0.804412
-9.828 -13.3045 -10.5821 -0.499869 -0.264902 0.179619 0.804795
-9.8615 -13.34 -10.592 -0.497717 -0.26716 0.178478 0.805635
-9.88628 -13.3692 -10.5998 -0.497254 -0.266725 0.183554 0.804925
-9.89898 -13.3969 -10.5999 -0.497028 -0.26726 0.189373 0.803538
-9.91449 -13.4161 -10.6023 -0.496042 -0.268375 0.194984 0.802433
-9.92424 -13.4356 -10.6206 -0.493832 -0.268412 0.201851 0.802085
-9.93794 -13.4518 -10.6226 -0.492458 -0.270309 0.207602 0.800824
-9.9571 -13.4749 -10.6269 -0.49126 -0.271363 0.212426 0.799938
-9.98809 -13.5036 -10.6293 -0.490703 -0.271927 0.215676 0.799218
-10.005 -13.523 -10.6399 -0.489776 -0.272072 0.221983 0.79801
-10.0332 -13.5524 -10.6505 -0.489026 -0.271515 0.225901 0.79756
-10.0491 -13.5666 -10.6682 -0.48678 -0.271424 0.23239 0.7971
-10.0714 -13.5925 -10.67 -0.487074 -0.271565 0.237062 0.795495
-10.0966 -13.6082 -10.6795 -0.486163 -0.271694 0.241991 0.794524
-10.1268 -13.6364 -10.6712 -0.487457 -0.271773 0.244865 0.792822
-10.1478 -13.6577 -10.6774 -0.486815 -0.271864 0.249368 0.791781
-10.1779 -13.6813 -10.6871 -0.486821 -0.270284 0.253298 0.79107
-10.2142 -13.7045 -10.697 -0.487099 -0.26854 0.256945 0.790316
-10.2367 -13.7165 -10.7049 -0.486335 -0.268568 0.261644 0.789235
-10.2591 -13.7382 -10.706 -0.486526 -0.268681 0.265301 0.787857
-10.2865 -13.7602 -10.712 -0.487444 -0.267353 0.269778 0.786219
-10.321 -13.7861 -10.7208 -0.488394 -0.266696 0.271324 0.78532
-10.3498 -13.8177 -10.7214 -0.489725 -0.270286 0.27004 0.783705
-10.3765 -13.8412 -10.7238 -0.490952 -0.268408 0.273551 0.782364
-10.4029 -13.8588 -10.7376 -0.491103 -0.270549 0.275016 0.781017
-10.4333 -13.8862 -10.7307 -0.494642 -0.270766 0.275975 0.778366
-10.4696 -13.9109 -10.7234 -0.498819 -0.267923 0.279134 0.775552
-10.4875 -13.9337 -10.7139 -0.501789 -0.267308 0.280981 0.773178
-10.5145 -13.959 -10.7171 -0.504484 -0.265524 0.283152 0.771244
-10.5439 -13.9762 -10.7132 -0.50813 -0.265084 0.286084 0.767913
-10.5613 -13.9956 -10.7085 -0.510969 -0.263242 0.289195 0.765494
-10.5892 -14.0225 -10.717 -0.51419 -0.259437 0.292878 0.763232
-10.6164 -14.0388 -10.7172 -0.517024 -0.256626 0.296226 0.760973
-10.6373 -14.055 -10.7349 -0.517919 -0.253512 0.299666 0.760061
-10.6709 -14.0765 -10.7472 -0.51935 -0.250391 0.302664 0.758929
-10.6967 -14.0955 -10.7594 -0.520889 -0.247954 0.306171 0.757267
-10.7178 -14.107 -10.7773 -0.522233 -0.244849 0.31107 0.755352
-10.7385 -14.1159 -10.795 -0.522433 -0.242476 0.315099 0.754309
-10.7623 -14.1311 -10.8093 -0.522746 -0.240181 0.318033 0.753595
-10.7814 -14.1351 -10.8227 -0.522845 -0.238611 0.321915 0.752375
-10.7892 -14.1341 -10.8342 -0.522413 -0.23792 0.326577 0.750884
-10.799 -14.1404 -10.8407 -0.522426 -0.237059 0.330358 0.749491
-10.8013 -14.1367 -10.848 -0.52119 -0.237455 0.33445 0.748411
-10.7995 -14.1407 -10.8494 -0.520732 -0.237721 0.338126 0.746992
-10.8077 -14.139 -10.8625 -0.518816 -0.237459 0.342521 0.746407
-10.8165 -14.1293 -10.8675 -0.516592 -0.238597 0.34757 0.745251
-10.8271 -14.1252 -10.875 -0.51443 -0.240145 0.351904 0.744214
-10.8387 -14.119 -10.8827 -0.512504 -0.241395 0.357419 0.742509
-10.8519 -14.1133 -10.8926 -0.510334 -0.242207 0.363246 0.74091
-10.875 -14.1133 -10.9011 -0.508261 -0.242792 0.368752 0.739422
-10.8999 -14.1147 -10.9126 -0.505537 -0.243566 0.374019 0.738389
-10.9216 -14.1137 -10.9242 -0.502999 -0.245135 0.379451 0.73683
-10.9376 -14.1136 -10.9191 -0.501687 -0.247196 0.383886 0.734735
-10.9733 -14.1065 -10.9364 -0.498263 -0.248927 0.389403 0.733577
-11.0051 -14.1242 -10.9441 -0.497247 -0.2484 0.39442 0.731762
-11.0391 -14.1237 -10.9623 -0.493773 -0.249179 0.3994 0.731148
-11.0815 -14.1312 -10.978 -0.491688 -0.24849 0.404415 0.73003
-11.1243 -14.153 -11.0012 -0.489661 -0.246091 0.408828 0.729747
-11.1634 -14.1669 -11.0234 -0.487964 -0.243338 0.414581 0.728561
-11.2117 -14.1879 -11.0498 -0.486864 -0.238514 0.420647 0.727413
-11.2584 -14.2227 -11.0796 -0.486354 -0.231974 0.425805 0.726869
-11.3149 -14.2516 -11.1176 -0.484826 -0.223735 0.432178 0.726711
-11.3785 -14.2845 -11.1409 -0.483593 -0.216987 0.434435 0.728231
-11.4465 -14.3161 -11.1733 -0.48099 -0.20968 0.437945 0.729992
-11.5152 -14.355 -11.1964 -0.480001 -0.201063 0.441176 0.73112
-11.5799 -14.3921 -11.2154 -0.478484 -0.192736 0.444931 0.732081
-11.6307 -14.4389 -11.223 -0.478637 -0.184097 0.44771 0.73251
-11.6687 -14.4606 -11.2249 -0.477275 -0.176967 0.451843 0.732618
-11.7402 -14.5219 -11.233 -0.477255 -0.165741 0.456258 0.732521
-11.8232 -14.6023 -11.2436 -0.476216 -0.153017 0.45808 0.734824
-11.8999 -14.676 -11.2357 -0.476062 -0.14195 0.460446 0.735666
-11.9983 -14.7782 -11.2351 -0.476205 -0.126864 0.46244 0.737077
-12.0613 -14.8326 -11.2134 -0.477113 -0.115379 0.46747 0.735203
-12.1078 -14.8637 -11.1728 -0.479735 -0.104265 0.473051 0.731577
-12.1457 -14.9091 -11.15 -0.480855 -0.0945434 0.476628 0.72984
-12.1759 -14.9319 -11.114 -0.482433 -0.0868045 0.47963 0.72779
-12.2043 -14.9444 -11.0799 -0.485411 -0.0777156 0.485138 0.723172
-12.2272 -15.0066 -11.07 -0.487518 -0.0704815 0.485091 0.722527
-12.2321 -15.0214 -11.0603 -0.489404 -0.0668481 0.486136 0.720893
-12.2272 -15.0415 -11.0576 -0.49077 -0.0655623 0.486395 0.719907
-12.2371 -15.107 -11.0659 -0.493292 -0.0634468 0.486614 0.718223
-12.2672 -15.1796 -11.0874 -0.496361 -0.0623934 0.487216 0.715788
-12.2841 -15.2322 -11.0695 -0.499277 -0.0674238 0.482787 0.716305
-12.2794 -15.2773 -11.0419 -0.500774 -0.075822 0.477611 0.717889
-12.3376 -15.3746 -11.0465 -0.500295 -0.0837031 0.471133 0.721618
-12.3657 -15.4261 -11.0214 -0.500964 -0.0937517 0.463856 0.724626
-12.3998 -15.5145 -11.0066 -0.502211 -0.105463 0.456233 0.726989
-12.4234 -15.5919 -10.9973 -0.502892 -0.11848 0.448417 0.729372
-12.4783 -15.6924 -10.9908 -0.503466 -0.129922 0.437204 0.733822
-12.5079 -15.7736 -10.9848 -0.503316 -0.14382 0.426078 0.737866
-12.5709 -15.8765 -10.9886 -0.503362 -0.155758 0.414219 0.742152
-12.6267 -15.9906 -10.9759 -0.505359 -0.16659 0.402337 0.744973
-12.6758 -16.0747 -10.9743 -0.505704 -0.178669 0.392481 0.747194
-12.7206 -16.1659 -10.9665 -0.50675 -0.190148 0.382565 0.748794
-12.7645 -16.2207 -10.9612 -0.506726 -0.201815 0.374635 0.749766
-12.7993 -16.2761 -10.9566 -0.506577 -0.213297 0.367796 0.750073
-12.8492 -16.31 -10.9386 -0.506472 -0.223164 0.362253 0.749971
-12.911 -16.362 -10.9237 -0.505593 -0.230523 0.356104 0.751282
-12.96 -16.3407 -10.8831 -0.503546 -0.236634 0.352473 0.752468
-13.002 -16.3128 -10.8344 -0.502832 -0.239371 0.346603 0.754803
-13.0098 -16.2461 -10.8007 -0.501169 -0.24172 0.343498 0.756578
-13.0209 -16.1799 -10.7609 -0.500004 -0.243027 0.342062 0.75758
-12.9991 -16.1349 -10.7222 -0.500835 -0.242661 0.342415 0.756989
-12.9966 -16.0655 -10.6825 -0.500761 -0.241682 0.345529 0.755936
-12.9958 -16.0008 -10.6431 -0.500838 -0.238367 0.350143 0.754813
-12.9755 -15.9303 -10.6109 -0.500175 -0.235571 0.356864 0.75298
-12.9681 -15.8639 -10.5664 -0.500335 -0.230766 0.363392 0.751238
-12.96 -15.8103 -10.5252 -0.499979 -0.22495 0.36942 0.750298
-12.9472 -15.74 -10.4847 -0.499248 -0.219023 0.377792 0.748367
-12.9407 -15.6775 -10.4516 -0.497732 -0.211384 0.386096 0.747335
-12.9363 -15.6002 -10.4216 -0.495183 -0.203614 0.395881 0.746065
-12.9427 -15.5361 -10.3884 -0.493299 -0.194561 0.405402 0.744615
-12.9495 -15.4694 -10.3604 -0.491218 -0.185813 0.415617 0.742591
-12.9465 -15.4102 -10.3286 -0.489414 -0.177504 0.425329 0.740311
-12.9619 -15.3666 -10.3007 -0.487578 -0.16751 0.434639 0.738442
-12.9604 -15.3094 -10.2847 -0.484678 -0.160142 0.443933 0.736454
-12.9649 -15.2596 -10.2496 -0.483001 -0.152756 0.452424 0.733954
-12.948 -15.2118 -10.2218 -0.475908 -0.144015 0.451888 0.740654
-12.9412 -15.1704 -10.1948 -0.477245 -0.140307 0.466115 0.731634
-12.9939 -15.177 -10.2026 -0.473757 -0.130581 0.471007 0.732568
-13.0134 -15.1387 -10.1821 -0.470972 -0.125917 0.475372 0.73236
-13.0194 -15.1123 -10.145 -0.469533 -0.123149 0.478045 0.732015
-13.0302 -15.0739 -10.126 -0.465992 -0.122979 0.477933 0.734376
-13.0269 -15.0415 -10.109 -0.463356 -0.124305 0.478563 0.735409
-13.0442 -15.0244 -10.0861 -0.462074 -0.124131 0.476947 0.737293
-13.0237 -14.9908 -10.0588 -0.461059 -0.128027 0.47555 0.738164
-13.0293 -14.9675 -10.0489 -0.458615 -0.132498 0.471096 0.741744
-13.0272 -14.9361 -10.0183 -0.457345 -0.137542 0.466948 0.744229
-13.0204 -14.8959 -9.9832 -0.456077 -0.143547 0.461601 0.747203
-13.0205 -14.8724 -9.96485 -0.455025 -0.149077 0.456046 0.750167
-13.0255 -14.8513 -9.94725 -0.45372 -0.154383 0.448955 0.754151
-13.0299 -14.8238 -9.9365 -0.452421 -0.15967 0.442583 0.757589
-13.0335 -14.79 -9.9013 -0.451569 -0.164885 0.436582 0.760457
-13.0293 -14.7595 -9.88777 -0.450341 -0.170899 0.429696 0.763772
-13.0113 -14.7221 -9.84835 -0.451054 -0.177548 0.423911 0.765066
-13.0115 -14.6888 -9.82421 -0.450862 -0.182461 0.417647 0.767465
-12.9901 -14.6601 -9.79677 -0.452212 -0.187571 0.412727 0.7681
-12.9823 -14.621 -9.76794 -0.452548 -0.191179 0.407833 0.769625
-12.9741 -14.5929 -9.74364 -0.454185 -0.193255 0.404057 0.770134
-12.9618 -14.5643 -9.72024 -0.455558 -0.194425 0.400534 0.770869
-12.9582 -14.5429 -9.71468 -0.457054 -0.192953 0.399018 0.771139
-12.9412 -14.5287 -9.68983 -0.460805 -0.190301 0.398019 0.770081
-12.9369 -14.5125 -9.68039 -0.46385 -0.185277 0.398515 0.769221
-12.9302 -14.4931 -9.67098 -0.466701 -0.178697 0.399471 0.768557
-12.9291 -14.4693 -9.66032 -0.469845 -0.169721 0.40116 0.767797
-12.9294 -14.4594 -9.63872 -0.47453 -0.160546 0.405073 0.764829
-12.9401 -14.4627 -9.63766 -0.478505 -0.147792 0.408097 0.763313
-12.9334 -14.4446 -9.62172 -0.482533 -0.135954 0.412361 0.760682
-12.9399 -14.43 -9.62039 -0.485093 -0.123243 0.416204 0.759124
-12.9497 -14.4213 -9.6087 -0.488347 -0.109135 0.419763 0.757235
-12.966 -14.4201 -9.59714 -0.491428 -0.0937056 0.423105 0.755447
-12.9857 -14.418 -9.58512 -0.494312 -0.077457 0.427451 0.752955
-13.004 -14.4103 -9.56302 -0.497514 -0.0611671 0.431467 0.75005
-13.0383 -14.4169 -9.54849 -0.49997 -0.04432 0.43512 0.747486
-13.0564 -14.4185 -9.5188 -0.503091 -0.0294781 0.439047 0.74382
-13.0783 -14.4269 -9.51076 -0.504285 -0.0153112 0.442229 0.741549
-13.1112 -14.4425 -9.48314 -0.50659 -0.000555152 0.444055 0.739041
-13.141 -14.4526 -9.47312 -0.506982 0.0118505 0.446357 0.737288
-13.1667 -14.4612 -9.46176 -0.507287 0.0236753 0.448789 0.735315
-13.1869 -14.4719 -9.45385 -0.507158 0.0325101 0.449572 0.734587
-13.1989 -14.4708 -9.44882 -0.505913 0.0393194 0.449949 0.734882
-13.2177 -14.4746 -9.4416 -0.504352 0.0448458 0.44899 0.736224
-13.2277 -14.4602 -9.43074 -0.502132 0.0486101 0.448306 0.737917
-13.252 -14.4546 -9.41151 -0.500168 0.050807 0.444358 0.741482
-13.2596 -14.4375 -9.41535 -0.495749 0.0501757 0.441202 0.746362
-13.2607 -14.4128 -9.4093 -0.491902 0.0488896 0.43765 0.751069
-13.2618 -14.3891 -9.40715 -0.487762 0.0460622 0.43258 0.756862
-13.2617 -14.3476 -9.4173 -0.482081 0.0416169 0.427339 0.763706
-13.2592 -14.3098 -9.40706 -0.477603 0.0364622 0.421669 0.76991
-13.2925 -14.2904 -9.38373 -0.473505 0.0339203 0.414879 0.77622
-13.2776 -14.248 -9.36128 -0.47002 0.0272953 0.409063 0.781667
-13.2738 -14.1954 -9.35146 -0.464621 0.0210298 0.403026 0.788197
-13.2624 -14.142 -9.33993 -0.459763 0.013641 0.39619 0.794648
-13.2362 -14.0832 -9.33417 -0.454817 0.00629016 0.389869 0.80069
-13.2239 -14.0263 -9.32133 -0.449519 2.58374e-05 0.382256 0.80735
-13.182 -13.9412 -9.29228 -0.445163 -0.0076856 0.37683 0.812262
-13.1457 -13.862 -9.26572 -0.441071 -0.0147537 0.370978 0.817076
-13.1035 -13.7878 -9.23525 -0.438038 -0.0214985 0.365702 0.820928
-13.0575 -13.6984 -9.21324 -0.43472 -0.0273032 0.363901 0.823316
-13.0206 -13.6335 -9.16907 -0.433252 -0.0306464 0.361182 0.825167
-12.9763 -13.5644 -9.13851 -0.431403 -0.0333327 0.359039 0.826965
-12.9318 -13.4933 -9.10436 -0.430431 -0.0348718 0.357414 0.828111
-12.89 -13.4142 -9.06817 -0.429801 -0.0342724 0.357271 0.828525
-12.8557 -13.3241 -9.03038 -0.429401 -0.0310937 0.357708 0.82867
-12.8072 -13.2346 -8.98489 -0.429932 -0.0276222 0.358169 0.828318
-12.749 -13.1365 -8.94468 -0.430704 -0.0232622 0.361229 0.82672
-12.6966 -13.0416 -8.91293 -0.43081 -0.0168135 0.363202 0.825957
-12.6376 -12.9653 -8.86214 -0.433562 -0.00816619 0.366463 0.823203
-12.5644 -12.8638 -8.80868 -0.435532 0.00043455 0.371824 0.819792
-12.4992 -12.7711 -8.73955 -0.439443 0.0107446 0.374767 0.816287
-12.4403 -12.6623 -8.68048 -0.441686 0.0225559 0.378114 0.813286
-12.3778 -12.555 -8.63609 -0.44292 0.0351879 0.382154 0.810273
-12.324 -12.4435 -8.57429 -0.445696 0.0492645 0.386022 0.806173
-12.2723 -12.3423 -8.51115 -0.449293 0.0639094 0.390981 0.80074
-12.2099 -12.2463 -8.44774 -0.453426 0.0793313 0.398423 0.793329
-12.15 -12.1351 -8.39038 -0.456109 0.0944767 0.403734 0.787424
-12.0946 -12.0176 -8.32754 -0.458776 0.110179 0.408654 0.781273
-12.0278 -11.9046 -8.25649 -0.462674 0.125248 0.413514 0.774114
-11.9613 -11.7883 -8.19286 -0.465678 0.140799 0.418587 0.76688
-11.888 -11.6621 -8.13505 -0.467976 0.154964 0.422895 0.760359
-11.8164 -11.5365 -8.07253 -0.470911 0.168476 0.4256 0.754137
-11.7685 -11.4186 -8.02772 -0.471411 0.179492 0.426032 0.751033
-11.7307 -11.311 -7.99098 -0.471303 0.190737 0.424783 0.749034
-11.6818 -11.2037 -7.9495 -0.472433 0.200963 0.424665 0.745708
-11.6066 -11.0962 -7.90664 -0.474568 0.2088 0.423702 0.742741
-11.5532 -10.983 -7.88396 -0.474443 0.216168 0.420088 0.742766
-11.508 -10.881 -7.8597 -0.474507 0.22353 0.415232 0.743277
-11.4331 -10.7548 -7.84592 -0.474807 0.230626 0.404609 0.746767
-11.4331 -10.7262 -7.81788 -0.474479 0.23719 0.40621 0.744045
-11.3698 -10.631 -7.80592 -0.474657 0.243764 0.402507 0.74382
-11.3123 -10.5452 -7.79599 -0.474809 0.250952 0.398494 0.743493
-11.2546 -10.4638 -7.79599 -0.474311 0.258321 0.39521 0.74304
-11.1912 -10.3834 -7.80022 -0.474214 0.265245 0.391858 0.742437
-11.1175 -10.3154 -7.80806 -0.47511 0.27102 0.389397 0.741073
-11.0349 -10.2472 -7.82246 -0.476006 0.275717 0.387906 0.739545
-10.9436 -10.1914 -7.82689 -0.478814 0.280372 0.387086 0.736406
-10.8638 -10.1296 -7.84042 -0.480884 0.284115 0.384591 0.734927
-10.7328 -10.0897 -7.83746 -0.485692 0.287143 0.388419 0.728548
-10.6688 -10.0187 -7.85767 -0.48894 0.289694 0.384645 0.727367
-10.5884 -9.95754 -7.87161 -0.492401 0.293152 0.382067 0.725002
-10.4922 -9.9012 -7.88533 -0.497077 0.295509 0.380353 0.721748
-10.3892 -9.84724 -7.8941 -0.502868 0.297647 0.37908 0.717516
-10.3084 -9.79805 -7.90587 -0.508252 0.300469 0.375761 0.714284
-10.2043 -9.75254 -7.90682 -0.514836 0.302918 0.374421 0.709221
-10.1493 -9.69545 -7.91643 -0.520615 0.306054 0.367369 0.707341
-10.0797 -9.64505 -7.9171 -0.526759 0.309453 0.362186 0.703978
-10.0129 -9.58458 -7.91659 -0.532626 0.31272 0.356148 0.701195
-9.99098 -9.50262 -7.91834 -0.537091 0.317849 0.345525 0.700798
-9.98349 -9.39868 -7.91728 -0.539989 0.324383 0.333072 0.701606
-9.96666 -9.2849 -7.90785 -0.543689 0.330287 0.322053 0.701138
-9.92765 -9.15997 -7.8881 -0.548292 0.33656 0.312167 0.699039
-9.90773 -9.0378 -7.8706 -0.551762 0.344559 0.299457 0.697971
-9.89033 -8.91844 -7.85082 -0.554567 0.354233 0.286597 0.696302
-9.79521 -8.83048 -7.81661 -0.559119 0.360924 0.284256 0.690159
-9.69601 -8.73917 -7.78348 -0.563912 0.367285 0.280615 0.684369
-9.60847 -8.65004 -7.74778 -0.568499 0.37592 0.275475 0.677943
-9.48631 -8.58323 -7.70889 -0.571595 0.384561 0.277794 0.669494
-9.368 -8.51931 -7.68914 -0.574683 0.389982 0.277777 0.663697
-9.22197 -8.48731 -7.64909 -0.576239 0.399119 0.28521 0.653688
-9.09024 -8.44782 -7.62533 -0.578776 0.40488 0.287555 0.64684
-8.96274 -8.4199 -7.59331 -0.578532 0.416161 0.292998 0.637388
-8.82382 -8.41355 -7.57443 -0.575207 0.428474 0.303361 0.627311
-8.74349 -8.36629 -7.55948 -0.571289 0.446197 0.299973 0.620124
-8.64982 -8.32641 -7.55795 -0.564372 0.460896 0.301181 0.615101
-8.60666 -8.27246 -7.56803 -0.558761 0.473298 0.293553 0.614492
-8.5825 -8.25646 -7.57012 -0.55228 0.484261 0.289827 0.613579
-8.55919 -8.23455 -7.56908 -0.552114 0.486446 0.283903 0.614768
-8.52891 -8.22976 -7.56536 -0.550518 0.489396 0.281246 0.61508
-8.43517 -8.20694 -7.58971 -0.546332 0.493693 0.283261 0.614452
-8.3557 -8.17665 -7.6149 -0.545597 0.49378 0.280199 0.616436
-8.32283 -8.16719 -7.62484 -0.541344 0.498756 0.278224 0.617075
-8.29899 -8.16917 -7.60777 -0.536637 0.507131 0.277458 0.6147
-8.20535 -8.13551 -7.63995 -0.535864 0.507088 0.276073 0.616032
-8.11888 -8.10789 -7.66954 -0.53475 0.507518 0.274259 0.617455
-8.03358 -8.07176 -7.6922 -0.533812 0.508615 0.272049 0.61834
-7.96339 -8.04065 -7.7126 -0.531668 0.51092 0.269214 0.619526
-7.8808 -7.99971 -7.74108 -0.529269 0.512325 0.267338 0.621231
-7.80982 -7.96595 -7.77883 -0.524774 0.513899 0.265408 0.624563
-7.71421 -7.91718 -7.81027 -0.521873 0.514712 0.264968 0.626507
-7.61446 -7.86151 -7.8356 -0.519066 0.515457 0.264953 0.628231
-7.51802 -7.80399 -7.86089 -0.51534 0.516673 0.265473 0.630078
-7.41635 -7.74004 -7.87649 -0.512204 0.518057 0.266252 0.631168
-7.31588 -7.67051 -7.88426 -0.510331 0.518428 0.265364 0.632753
-7.21229 -7.5996 -7.88637 -0.509186 0.518348 0.264598 0.634061
-7.11256 -7.52785 -7.88551 -0.507658 0.518735 0.263982 0.635225
-7.00829 -7.45496 -7.87608 -0.507195 0.518551 0.263335 0.636014
-6.91133 -7.38176 -7.86623 -0.505916 0.519147 0.262677 0.636817
-6.81277 -7.30919 -7.84971 -0.505158 0.519889 0.262383 0.636936
-6.71984 -7.23689 -7.83015 -0.503907 0.521231 0.26198 0.636995
-6.61782 -7.16448 -7.80732 -0.503959 0.521871 0.261851 0.636483
-6.51609 -7.09346 -7.77983 -0.504215 0.522419 0.262334 0.635631
-6.41954 -7.0224 -7.75516 -0.503641 0.523495 0.262476 0.635141
-6.32531 -6.95231 -7.73418 -0.502848 0.524382 0.262262 0.635127
-6.2365 -6.88439 -7.70965 -0.501455 0.526085 0.262603 0.634679
-6.1915 -6.83075 -7.69024 -0.497432 0.530832 0.262746 0.633832
-6.14253 -6.78348 -7.67024 -0.49505 0.53392 0.263202 0.632913
-6.11977 -6.74666 -7.65463 -0.489827 0.539748 0.26277 0.632213
-6.11018 -6.71132 -7.64822 -0.482878 0.545332 0.261634 0.633237
-6.10083 -6.67691 -7.63956 -0.475975 0.55117 0.2606 0.633835
-6.09039 -6.65576 -7.62572 -0.469988 0.558325 0.261039 0.631857
-6.07392 -6.62792 -7.608 -0.463758 0.565763 0.261136 0.629801
-6.07278 -6.59587 -7.59369 -0.453063 0.577818 0.259905 0.627144
-6.07144 -6.55931 -7.57287 -0.447793 0.586331 0.249802 0.627134
-6.02962 -6.52799 -7.55047 -0.44986 0.58943 0.237885 0.627382
-5.9827 -6.51063 -7.53769 -0.453902 0.590358 0.227254 0.627539
-5.9208 -6.48305 -7.49327 -0.463346 0.594238 0.210434 0.622824
-5.87108 -6.46528 -7.47013 -0.468981 0.59805 0.195674 0.619762
-5.77469 -6.428 -7.45601 -0.4776 0.598208 0.180805 0.617539
-5.69871 -6.40608 -7.46204 -0.482339 0.596532 0.169918 0.618568
-5.66618 -6.44188 -7.53567 -0.48075 0.59721 0.162232 0.621208
-5.62416 -6.4399 -7.54574 -0.485807 0.595201 0.152119 0.621761
-5.54446 -6.39696 -7.54757 -0.49035 0.593086 0.139883 0.623088
-5.46117 -6.37455 -7.58266 -0.495041 0.58841 0.129089 0.626134
-5.48068 -6.34134 -7.57817 -0.503339 0.584624 0.112215 0.626317
-5.44145 -6.31734 -7.56452 -0.512627 0.579555 0.0990043 0.625722
-5.40245 -6.28769 -7.5528 -0.520872 0.575597 0.0864501 0.624425
-5.39501 -6.22799 -7.55967 -0.528466 0.572003 0.070938 0.623301
-5.36249 -6.24088 -7.57337 -0.531891 0.570173 0.0640169 0.622814
-5.34918 -6.22342 -7.54778 -0.53549 0.571734 0.0547151 0.619174
-5.36609 -6.18683 -7.54309 -0.539879 0.57164 0.0430056 0.616368
-5.34701 -6.19043 -7.4973 -0.541756 0.575943 0.0383132 0.611001
-5.33299 -6.19308 -7.46636 -0.541679 0.581906 0.0352424 0.60558
-5.33699 -6.1713 -7.44909 -0.53911 0.590295 0.0339579 0.5998
-5.34404 -6.15856 -7.41641 -0.536275 0.599894 0.0336519 0.592792
-5.34985 -6.1592 -7.36604 -0.532382 0.611254 0.0349249 0.584566
-5.3563 -6.16997 -7.32896 -0.527891 0.622472 0.0373261 0.576599
-5.39028 -6.15928 -7.31905 -0.524652 0.631578 0.0369114 0.569638
-5.39888 -6.1648 -7.26258 -0.518983 0.644494 0.0405495 0.560036
-5.38773 -6.16327 -7.21833 -0.5106 0.659247 0.0470021 0.549975
-5.39245 -6.15203 -7.20168 -0.500147 0.673608 0.052651 0.541603
-5.40425 -6.1299 -7.18626 -0.489828 0.687124 0.0575178 0.533499
-5.36894 -6.11975 -7.12218 -0.477964 0.703702 0.0659553 0.521539
-5.34453 -6.12062 -7.07826 -0.465084 0.718656 0.0748445 0.511496
-5.30534 -6.11356 -7.0325 -0.451678 0.733716 0.0840659 0.50058
-5.29953 -6.10774 -7.02085 -0.437007 0.746513 0.0921172 0.493211
-5.27244 -6.0936 -6.99181 -0.423123 0.759266 0.10015 0.484202
-5.19023 -6.08097 -6.92386 -0.410643 0.773061 0.11044 0.470693
-5.15409 -6.08187 -6.90574 -0.395565 0.784456 0.120011 0.462337
-5.10077 -6.06588 -6.88099 -0.382427 0.794882 0.128572 0.45319
-5.0441 -6.08066 -6.85705 -0.367648 0.804451 0.139073 0.445367
-5.03191 -6.11638 -6.88939 -0.352837 0.810313 0.149615 0.4433
-4.97949 -6.15586 -6.89438 -0.339754 0.816152 0.161154 0.438741
-4.86112 -6.12995 -6.85464 -0.328606 0.823931 0.165836 0.430877
-4.74093 -6.09347 -6.81251 -0.319679 0.830459 0.16866 0.423908
-4.61154 -6.07724 -6.7776 -0.311894 0.835549 0.172342 0.418184
-4.48912 -6.0488 -6.74769 -0.303904 0.840405 0.17374 0.413735
-4.34106 -6.06683 -6.73605 -0.297705 0.843379 0.17889 0.409978
-4.2158 -6.07402 -6.725 -0.292269 0.845539 0.181347 0.408358
-4.06333 -6.09844 -6.71636 -0.288013 0.847355 0.184759 0.406082
-3.91567 -6.10475 -6.70872 -0.2852 0.848847 0.185648 0.404542
-3.78259 -6.12544 -6.72502 -0.282044 0.849292 0.186708 0.405332
-3.5921 -6.17062 -6.71026 -0.280957 0.850531 0.189808 0.402036
-3.42408 -6.20905 -6.71289 -0.280515 0.850677 0.191174 0.401388
-3.2469 -6.2649 -6.72349 -0.278802 0.851177 0.193577 0.400369
-3.12589 -6.33475 -6.71642 -0.276332 0.851289 0.195456 0.400929
-2.94011 -6.39392 -6.73512 -0.277047 0.851206 0.197128 0.399791
-2.77153 -6.45292 -6.74934 -0.278189 0.85045 0.197389 0.400478
-2.59047 -6.52332 -6.75057 -0.27871 0.850575 0.197549 0.399771
-2.47751 -6.56403 -6.69713 -0.277713 0.852207 0.19849 0.396509
-2.27332 -6.56747 -6.66601 -0.28439 0.853697 0.192385 0.391549
-2.108 -6.61721 -6.63902 -0.291968 0.852274 0.192956 0.388783
-1.92876 -6.67077 -6.62605 -0.297349 0.852269 0.189815 0.386254
-1.79912 -6.76565 -6.65011 -0.300999 0.851633 0.181322 0.388899
