0.000000 0 0 0 -1.402428195275418e-12 -7.197645691264798e-12 -8.631749828791335e-12 1
1.000000 0.2084610611200333 0.02300574444234371 0.1149926409125328 0.008442129008471966 -0.01146301720291376 0.004926708526909351 0.9998865723609924
2.000000 0.4107437133789062 0.04907714203000069 0.2336993515491486 0.01574301719665527 -0.02259675972163677 0.009392514824867249 0.9995766282081604
3.000000 0.6073596477508545 0.07762542366981506 0.3554134368896484 0.01534014474600554 -0.03323045745491982 0.01319543272256851 0.9992427825927734
4.000000 0.7978407144546509 0.109648697078228 0.4790975153446198 0.01511078234761953 -0.04352175816893578 0.01657167822122574 0.9988006949424744
5.000000 0.9863598346710205 0.1398697197437286 0.6017632484436035 0.0147222401574254 -0.05366718024015427 0.01937450654804707 0.998262345790863
6.000000 1.169386029243469 0.1750724911689758 0.7240427732467651 0.01482392195612192 -0.06329754739999771 0.0219923909753561 0.9976421594619751
7.000000 1.349689722061157 0.2101451456546783 0.8453414440155029 0.01496742479503155 -0.07269392907619476 0.0242795217782259 0.996946394443512
8.000000 1.528119206428528 0.2425601184368134 0.9643279314041138 0.01490327622741461 -0.08187498152256012 0.02612497098743916 0.9961886405944824
9.000000 1.7030930519104 0.2769944965839386 1.081578850746155 0.01510683447122574 -0.09061797708272934 0.02788859233260155 0.9953805208206177
10.000000 1.878360629081726 0.3093590438365936 1.196335434913635 0.01517373882234097 -0.09931465238332748 0.02937009930610657 0.9945068955421448
11.000000 2.051641941070557 0.3396684527397156 1.308048129081726 0.01515000592917204 -0.1076652631163597 0.03059152886271477 0.9936010241508484
12.000000 2.221017122268677 0.3711754679679871 1.417643785476685 0.01536883413791656 -0.1155912950634956 0.03176779299974442 0.9926697611808777
13.000000 2.388352394104004 0.4031270146369934 1.522749066352844 0.01580278947949409 -0.1231042221188545 0.03293289244174957 0.9917213320732117
14.000000 2.553632736206055 0.4335384964942932 1.625108003616333 0.01618642359972 -0.1303346902132034 0.03393495455384254 0.9907569289207458
15.000000 2.719350814819336 0.4621159136295319 1.722441554069519 0.01655115187168121 -0.1374157965183258 0.03487548232078552 0.9897608757019043
16.000000 2.88200831413269 0.4899150729179382 1.816717267036438 0.01694808714091778 -0.144170418381691 0.03577660396695137 0.988760769367218
17.000000 3.046215772628784 0.5149048566818237 1.906528234481812 0.01723474636673927 -0.1509695649147034 0.03655392304062843 0.9877120852470398
18.000000 3.205772876739502 0.5407750606536865 1.992892146110535 0.01770830154418945 -0.157319501042366 0.03744467720389366 0.9866787791252136
19.000000 3.365396976470947 0.5650412440299988 2.074558734893799 0.01819803193211555 -0.1636345088481903 0.03831589594483376 0.9856087565422058
20.000000 3.520431995391846 0.5919536352157593 2.153210878372192 0.01904422603547573 -0.1695724427700043 0.03944457694888115 0.9845439195632935
21.000000 3.680626392364502 0.6154665350914001 2.230204820632935 0.01962652616202831 -0.1755979955196381 0.04037932679057121 0.9834375977516174
22.000000 3.843665838241577 0.6403084993362427 2.306433916091919 0.0202784463763237 -0.1814606189727783 0.04150542989373207 0.9823125600814819
23.000000 4.011894702911377 0.661322295665741 2.381044387817383 0.01911868341267109 -0.1877139955759048 0.04206931963562965 0.98113614320755
24.000000 4.183330059051514 0.682461678981781 2.455734014511108 0.0182989090681076 -0.1938755959272385 0.04269035533070564 0.9799259901046753
25.000000 4.358010768890381 0.702121376991272 2.527168273925781 0.01773286610841751 -0.1998101472854614 0.04331618174910545 0.9787161350250244
26.000000 4.535799980163574 0.7230590581893921 2.597897291183472 0.01761749573051929 -0.2055481523275375 0.04401396214962006 0.9774979948997498
27.000000 4.716639518737793 0.7455302476882935 2.665951490402222 0.01788182929158211 -0.210886612534523 0.04487565532326698 0.9763161540031433
28.000000 4.902363300323486 0.7639186382293701 2.731668710708618 0.0180856678634882 -0.2159693092107773 0.04545923694968224 0.9751737117767334
29.000000 5.092392921447754 0.7819966077804565 2.79487156867981 0.01849949173629284 -0.2206480354070663 0.0460127592086792 0.9740920066833496
30.000000 5.284235000610352 0.7986185550689697 2.855276823043823 0.01900400035083294 -0.2247771471738815 0.04644713923335075 0.9731170535087585
31.000000 5.480094432830811 0.813810408115387 2.912618398666382 0.01962296105921268 -0.2283833026885986 0.04669592902064323 0.9722528457641602
32.000000 5.677035331726074 0.8310006856918335 2.964892387390137 0.02054779604077339 -0.2311604171991348 0.046978410333395 0.9715635180473328
33.000000 5.872864246368408 0.8470330834388733 3.012359619140625 0.0214913934469223 -0.2332219481468201 0.04708409681916237 0.971045196056366
34.000000 6.070559978485107 0.8599579930305481 3.057201147079468 0.02231063321232796 -0.2347969859838486 0.04683344811201096 0.9706591963768005
35.000000 6.265788555145264 0.8742714524269104 3.100924015045166 0.02318557351827621 -0.2356108129024506 0.04644403979182243 0.970460057258606
36.000000 6.458266258239746 0.8893973827362061 3.143386125564575 0.02400165423750877 -0.2354443371295929 0.04578699171543121 0.9705120325088501
37.000000 6.64705753326416 0.908536434173584 3.190569162368774 0.02480217628180981 -0.2344604283571243 0.04499417915940285 0.9707671403884888
38.000000 6.834153652191162 0.9326694011688232 3.241421461105347 0.02565204165875912 -0.2325133383274078 0.04401233047246933 0.9712581634521484
39.000000 7.01666784286499 0.9577736854553223 3.29662299156189 0.02622750774025917 -0.2295003682374954 0.04260486364364624 0.9720218777656555
40.000000 7.198585987091064 0.9795309901237488 3.359247922897339 0.02625800855457783 -0.2257699966430664 0.04062247648835182 0.9729790687561035
41.000000 7.373528957366943 1.005581378936768 3.422149181365967 0.02625928819179535 -0.2204955369234085 0.03830797597765923 0.9742815494537354
42.000000 7.54288911819458 1.031256079673767 3.486788988113403 0.02597166784107685 -0.2139434665441513 0.03552643582224846 0.9758542776107788
43.000000 7.712630271911621 1.057315349578857 3.550187349319458 0.02530461922287941 -0.2061864733695984 0.03233354538679123 0.9776509404182434
44.000000 7.876268863677979 1.081568002700806 3.614375829696655 0.02446638979017735 -0.1971994936466217 0.02867091074585915 0.9796386361122131
45.000000 8.044215202331543 1.108392357826233 3.676519393920898 0.02362219803035259 -0.1874196231365204 0.0248890183866024 0.9816804528236389
46.000000 8.20467472076416 1.131952881813049 3.739040374755859 0.02237724885344505 -0.1767775416374207 0.02061915583908558 0.9837804436683655
47.000000 8.362753868103027 1.156717658042908 3.801180839538574 0.02106544747948647 -0.1655297577381134 0.01621207967400551 0.9858465790748596
48.000000 8.518781661987305 1.178452849388123 3.864010334014893 0.01950652338564396 -0.153894454240799 0.01151806395500898 0.9878275990486145
49.000000 8.69075870513916 1.207754611968994 3.92507004737854 0.01828799769282341 -0.1426458060741425 0.007155527826398611 0.9895790219306946
50.000000 8.855090141296387 1.237065553665161 3.989994764328003 0.01698184572160244 -0.1313231140375137 0.002655729418620467 0.9911906719207764
51.000000 9.011494636535645 1.259364247322083 4.049283981323242 0.01550344098359346 -0.1198834702372551 -0.00199442938901484 0.9926648736000061
52.000000 9.166023254394531 1.281841635704041 4.107890129089355 0.01410139072686434 -0.1087851226329803 -0.006556312087923288 0.9939436316490173
53.000000 9.325754165649414 1.306671380996704 4.166328907012939 0.01287361979484558 -0.09846390783786774 -0.01088349521160126 0.9949977993965149
54.000000 9.463626861572266 1.35019838809967 4.236289024353027 0.01158664468675852 -0.08867187052965164 -0.01522302720695734 0.9958770871162415
55.000000 9.601749420166016 1.412317276000977 4.308829307556152 0.01077818870544434 -0.08008386194705963 -0.01918441615998745 0.9965452551841736
56.000000 9.729253768920898 1.473744750022888 4.378572940826416 0.01019174791872501 -0.07230758666992188 -0.02296411991119385 0.9970659017562866
57.000000 9.853358268737793 1.529817223548889 4.452834606170654 0.009555294178426266 -0.06592278927564621 -0.02641607262194157 0.9974291920661926
58.000000 9.974784851074219 1.587421774864197 4.525425434112549 0.009276558645069599 -0.06103779748082161 -0.02952328324317932 0.9976556301116943
59.000000 10.09399604797363 1.652203321456909 4.598926067352295 0.009546788409352303 -0.05789598077535629 -0.0321572907269001 0.9977589845657349
60.000000 10.20713138580322 1.718267202377319 4.670839786529541 0.01020909659564495 -0.05657611042261124 -0.03423230722546577 0.9977591037750244
61.000000 10.31473636627197 1.791542053222656 4.750207901000977 0.01130383741110563 -0.05745941400527954 -0.03575894981622696 0.9976432323455811
62.000000 10.40509510040283 1.870934247970581 4.836141586303711 0.01272303331643343 -0.06060950830578804 -0.03671280667185783 0.9974050521850586
63.000000 10.46625137329102 1.968088269233704 4.925852298736572 0.01471524685621262 -0.06618887931108475 -0.03696952760219574 0.9970133900642395
64.000000 10.4867696762085 2.078696727752686 5.01532506942749 0.01709021627902985 -0.07400888949632645 -0.03659771755337715 0.9964392185211182
65.000000 10.48324489593506 2.189071893692017 5.09728479385376 0.01846316829323769 -0.08391784876585007 -0.03570403158664703 0.9956616759300232
66.000000 10.46707344055176 2.298053979873657 5.172070503234863 0.01929320208728313 -0.09566857665777206 -0.03438014909625053 0.9946323037147522
67.000000 10.43948841094971 2.415657520294189 5.243388175964355 0.02071180008351803 -0.1086383163928986 -0.03261889517307281 0.993330180644989
68.000000 10.40586376190186 2.533999919891357 5.305995464324951 0.02253108099102974 -0.1226935312151909 -0.03044487163424492 0.9917215704917908
69.000000 10.33919525146484 2.635529756546021 5.347658157348633 0.02408411167562008 -0.1363400965929031 -0.02831153757870197 0.989964485168457
70.000000 10.28709602355957 2.740486860275269 5.387997150421143 0.02601290680468082 -0.1510972082614899 -0.02551962807774544 0.9878470301628113
71.000000 10.25097942352295 2.855504989624023 5.456767559051514 0.02811040356755257 -0.1672188192605972 -0.02198019810020924 0.9852738976478577
72.000000 10.21546649932861 2.971548557281494 5.524879455566406 0.03041172213852406 -0.1834078729152679 -0.01802199333906174 0.9824011325836182
73.000000 10.18038845062256 3.09192419052124 5.592905044555664 0.03299848735332489 -0.1994182914495468 -0.01359910052269697 0.9792642593383789
74.000000 10.14909648895264 3.211564540863037 5.664754867553711 0.03548961877822876 -0.2151262313127518 -0.008760390803217888 0.9759018421173096
75.000000 10.11492824554443 3.330460786819458 5.735426902770996 0.03787519037723541 -0.2300166189670563 -0.003602665150538087 0.9724426865577698
76.000000 10.07981204986572 3.446907043457031 5.806044578552246 0.03993085399270058 -0.2438412606716156 0.001856571645475924 0.9689910411834717
77.000000 10.04579544067383 3.567116260528564 5.878661155700684 0.04185642674565315 -0.2565353512763977 0.007696964778006077 0.9655975103378296
78.000000 10.0083532333374 3.681339979171753 5.951185703277588 0.04301081225275993 -0.2675992250442505 0.0137062156572938 0.9624722599983215
79.000000 9.964279174804688 3.794070482254028 6.019283294677734 0.04368937388062477 -0.2766792476177216 0.01985668204724789 0.9597633481025696
80.000000 9.922388076782227 3.906355142593384 6.090029239654541 0.04367486387491226 -0.2839123606681824 0.02628989890217781 0.9574941992759705
81.000000 9.876944541931152 4.016876697540283 6.159341335296631 0.04295863583683968 -0.2888414263725281 0.03275219723582268 0.9558517932891846
82.000000 9.832090377807617 4.127048492431641 6.230777740478516 0.04146751388907433 -0.2914724051952362 0.03932419791817665 0.9548706412315369
83.000000 9.788183212280273 4.238913536071777 6.303945064544678 0.03687842562794685 -0.2922825515270233 0.04529504105448723 0.9545466303825378
84.000000 9.739550590515137 4.348646640777588 6.376477718353271 0.03119982220232487 -0.2905277013778687 0.05117586255073547 0.9549875259399414
85.000000 9.691978454589844 4.460015296936035 6.453316211700439 0.02471844106912613 -0.2866983115673065 0.05710840225219727 0.9559977650642395
86.000000 9.639026641845703 4.56942892074585 6.529858589172363 0.01732372120022774 -0.280619740486145 0.06293170154094696 0.9575970768928528
87.000000 9.583909034729004 4.67699146270752 6.609872341156006 0.009206418879330158 -0.2726511359214783 0.0687253549695015 0.9596110582351685
88.000000 9.527799606323242 4.785997867584229 6.694843292236328 0.0005433761398307979 -0.2630620002746582 0.07449806481599808 0.9618982076644897
89.000000 9.472748756408691 4.894432544708252 6.784795761108398 -0.008665909059345722 -0.2520457804203033 0.08030683547258377 0.9643383622169495
90.000000 9.412196159362793 4.99531364440918 6.879018783569336 -0.01852327212691307 -0.2394803613424301 0.08596920967102051 0.9669101238250732
91.000000 9.3499755859375 5.093332767486572 6.978805541992188 -0.0287963729351759 -0.2256797850131989 0.09152586758136749 0.9694650769233704
92.000000 9.29041576385498 5.189562320709229 7.086430549621582 -0.03937284648418427 -0.211049810051918 0.09701808542013168 0.9718514680862427
93.000000 9.231122970581055 5.275771141052246 7.189047336578369 -0.0502534843981266 -0.1953826099634171 0.1023649647831917 0.9740747809410095
94.000000 9.175832748413086 5.353959083557129 7.289476871490479 -0.06127478182315826 -0.179045170545578 0.1075904741883278 0.9760187268257141
95.000000 9.12598991394043 5.426008224487305 7.386238098144531 -0.07239913195371628 -0.1622970849275589 0.1127200499176979 0.977605402469635
96.000000 9.080999374389648 5.493051528930664 7.479794502258301 -0.08347906172275543 -0.1453176140785217 0.1177147626876831 0.9788039922714233
97.000000 9.038117408752441 5.553057193756104 7.565176963806152 -0.09455475956201553 -0.12808458507061 0.1225499212741852 0.9796097874641418
98.000000 8.998106956481934 5.60631799697876 7.644065380096436 -0.1055649146437645 -0.1108371689915657 0.127204641699791 0.9799950122833252
99.000000 8.963123321533203 5.656312465667725 7.718030452728271 -0.1162804737687111 -0.09397600591182709 0.1317526251077652 0.9799430966377258
100.000000 8.930877685546875 5.700980663299561 7.785548686981201 -0.1266782581806183 -0.07754135876893997 0.136028379201889 0.9795081615447998
101.000000 8.901968002319336 5.741273880004883 7.846727848052979 -0.1366140097379684 -0.06179520487785339 0.1401384472846985 0.9787130951881409
102.000000 8.87761402130127 5.777583599090576 7.901937484741211 -0.146072581410408 -0.04698321223258972 0.1441491097211838 0.977587103843689
103.000000 8.855587005615234 5.808656215667725 7.949698448181152 -0.1550281941890717 -0.03312216699123383 0.1479359865188599 0.9762091040611267
104.000000 8.837373733520508 5.835255146026611 7.990656852722168 -0.1633924692869186 -0.02039243839681149 0.1515587270259857 0.9746368527412415
105.000000 8.821897506713867 5.856582164764404 8.024730682373047 -0.17120461165905 -0.008663061074912548 0.1549216955900192 0.9729405045509338
106.000000 8.811243057250977 5.874238967895508 8.053117752075195 -0.17836694419384 0.001874008565209806 0.1580863296985626 0.9711799025535583
107.000000 8.80280876159668 5.886616706848145 8.073524475097656 -0.1849457323551178 0.01122424472123384 0.160106360912323 0.96955406665802
108.000000 8.797657012939453 5.895741939544678 8.086673736572266 -0.1909017115831375 0.01866342313587666 0.1578162312507629 0.9686601161956787
109.000000 8.795516967773438 5.899635314941406 8.092805862426758 -0.1962699145078659 0.02510340139269829 0.1559095680713654 0.9677500128746033
110.000000 8.792272567749023 5.905272006988525 8.100913047790527 -0.2009176313877106 0.03058277070522308 0.1542761921882629 0.9668999314308167
111.000000 8.787142753601074 5.911751270294189 8.110346794128418 -0.2048350721597672 0.03515128791332245 0.1530253142118454 0.9661212563514709
112.000000 8.781611442565918 5.919650554656982 8.122124671936035 -0.2079879343509674 0.03875430300831795 0.1520337760448456 0.9654661417007446
113.000000 8.775425910949707 5.929483890533447 8.136235237121582 -0.2102730572223663 0.04136993363499641 0.1513636708259583 0.9649678468704224
114.000000 8.767948150634766 5.9409499168396 8.15239143371582 -0.2116790562868118 0.04309480637311935 0.1508922129869461 0.9646587371826172
115.000000 8.759001731872559 5.95348072052002 8.170248031616211 -0.2121996432542801 0.04394914954900742 0.1506249457597733 0.9645475149154663
116.000000 8.74931812286377 5.967944145202637 8.190560340881348 -0.2117408812046051 0.04387992992997169 0.1506066471338272 0.9646543860435486
117.000000 8.739225387573242 5.98383092880249 8.213222503662109 -0.2103257477283478 0.04287626966834068 0.1509005576372147 0.9649631381034851
118.000000 8.727809906005859 6.000954627990723 8.237798690795898 -0.2079264223575592 0.04099652916193008 0.1514646112918854 0.9654762744903564
119.000000 8.714746475219727 6.019404411315918 8.264445304870605 -0.2044804692268372 0.03825897350907326 0.1521606743335724 0.9662148356437683
120.000000 8.699915885925293 6.038722991943359 8.292652130126953 -0.2000372111797333 0.03466566652059555 0.1531012207269669 0.9671315550804138
121.000000 8.684714317321777 6.061409473419189 8.323541641235352 -0.1946048140525818 0.02929005585610867 0.1502780467271805 0.9688589572906494
122.000000 8.667798042297363 6.08575439453125 8.355888366699219 -0.188181459903717 0.0223464872688055 0.1442611664533615 0.9712246060371399
123.000000 8.650391578674316 6.112661361694336 8.390935897827148 -0.1805841624736786 0.01427286025136709 0.1372946500778198 0.9738253355026245
124.000000 8.631417274475098 6.140948295593262 8.427353858947754 -0.1719413697719574 0.005226689856499434 0.1294716596603394 0.9765479564666748
125.000000 8.612368583679199 6.171223163604736 8.466709136962891 -0.1623283326625824 -0.004776009824126959 0.1209215819835663 0.9792879223823547
126.000000 8.590702056884766 6.202248096466064 8.506962776184082 -0.1519023776054382 -0.015434923581779 0.1115536019206047 0.9819589257240295
127.000000 8.56987190246582 6.236873626708984 8.551494598388672 -0.1405369192361832 -0.02694328874349594 0.1015671119093895 0.9844834208488464
128.000000 8.546595573425293 6.271067142486572 8.596600532531738 -0.1286768615245819 -0.03886907175183296 0.09097915887832642 0.9867392182350159
129.000000 8.523001670837402 6.308074474334717 8.644817352294922 -0.1161681711673737 -0.05130539461970329 0.07988838851451874 0.9886811971664429
130.000000 8.49793815612793 6.346267223358154 8.69449520111084 -0.1032442823052406 -0.06404238194227219 0.06835595518350601 0.9902356863021851
131.000000 8.472343444824219 6.387133598327637 8.747053146362305 -0.08988793194293976 -0.07706392556428909 0.0564652644097805 0.9913591742515564
132.000000 8.445460319519043 6.428845405578613 8.802032470703125 -0.07632631808519363 -0.09014344960451126 0.04431677982211113 0.9920102953910828
133.000000 8.418924331665039 6.473066329956055 8.860113143920898 -0.06255915015935898 -0.1033189743757248 0.03204035386443138 0.9921616911888123
134.000000 8.390092849731445 6.517805099487305 8.919999122619629 -0.04888655990362167 -0.1162752881646156 0.01960502751171589 0.991819441318512
135.000000 8.361525535583496 6.565437316894531 8.983251571655273 -0.03518913686275482 -0.1290817707777023 0.007173106074333191 0.9909834265708923
136.000000 8.330986976623535 6.612426280975342 9.047316551208496 -0.02186713367700577 -0.1414897292852402 -0.005247493740171194 0.9896843433380127
137.000000 8.29876708984375 6.659603118896484 9.113114356994629 -0.008964258246123791 -0.1533849239349365 -0.01737576350569725 0.987973153591156
138.000000 8.26569652557373 6.709369659423828 9.181621551513672 0.003553334390744567 -0.1647342592477798 -0.02934452891349792 0.9858949780464172
139.000000 8.232399940490723 6.761449337005615 9.252809524536133 0.01559926476329565 -0.1754946261644363 -0.0410032793879509 0.9835024476051331
140.000000 8.19760799407959 6.813529491424561 9.328246116638184 0.0268503725528717 -0.185532346367836 -0.05220580101013184 0.9808829426765442
141.000000 8.160343170166016 6.866495609283447 9.405032157897949 0.03727389872074127 -0.1946312785148621 -0.06292650103569031 0.9781460762023926
142.000000 8.12244987487793 6.91981315612793 9.484317779541016 0.04669900983572006 -0.2028401494026184 -0.07303904742002487 0.9753667712211609
143.000000 8.08415412902832 6.972621917724609 9.566775321960449 0.04816443473100662 -0.2120844572782516 -0.0674293264746666 0.9737318754196167
144.000000 8.044052124023438 7.02573299407959 9.652058601379395 0.04939456284046173 -0.220220074057579 -0.06246088445186615 0.9721943736076355
145.000000 8.00374698638916 7.081202507019043 9.740837097167969 0.05053318664431572 -0.2272237539291382 -0.05821411311626434 0.9707866907119751
146.000000 7.961308002471924 7.137715339660645 9.83033561706543 0.05140687525272369 -0.2329117804765701 -0.05469100922346115 0.9695970416069031
147.000000 7.91779088973999 7.195137977600098 9.924481391906738 0.05206793919205666 -0.2373434156179428 -0.05198055133223534 0.9686356782913208
148.000000 7.873156070709229 7.254718780517578 10.02128982543945 0.05260608717799187 -0.2404327541589737 -0.05009043961763382 0.9679440259933472
149.000000 7.826935768127441 7.315508842468262 10.12023067474365 0.05287730693817139 -0.2420997023582458 -0.04904520511627197 0.9675672650337219
150.000000 7.78291130065918 7.370030879974365 10.2107458114624 0.05274416133761406 -0.2422163933515549 -0.04886480793356895 0.9675544500350952
151.000000 7.743674278259277 7.422512531280518 10.29715251922607 0.05268445983529091 -0.2409982234239578 -0.04968702420592308 0.9678199887275696
152.000000 7.707464694976807 7.470016002655029 10.37550163269043 0.05233488604426384 -0.2382629960775375 -0.05142351984977722 0.9684252142906189
153.000000 7.674492359161377 7.513445854187012 10.44724750518799 0.05179107561707497 -0.2339897453784943 -0.05411222949624062 0.9693495035171509
154.000000 7.644067764282227 7.550960540771484 10.51041889190674 0.05080979317426682 -0.2281154692173004 -0.05768075212836266 0.9705950021743774
155.000000 7.618090152740479 7.585644245147705 10.56823921203613 0.04983069747686386 -0.2207795828580856 -0.06225952133536339 0.972058117389679
156.000000 7.594414710998535 7.614937305450439 10.61691951751709 0.04841094091534615 -0.2117878645658493 -0.06772217154502869 0.9737638235092163
157.000000 7.575314044952393 7.640907764434814 10.65947532653809 0.04348604381084442 -0.202302947640419 -0.07488946616649628 0.9754865765571594
158.000000 7.558828830718994 7.661149024963379 10.69305610656738 0.03660622611641884 -0.1916062533855438 -0.08304774761199951 0.9772666692733765
159.000000 7.546468734741211 7.677903652191162 10.72059631347656 0.02857371978461742 -0.1796570420265198 -0.09214026480913162 0.9789878726005554
160.000000 7.53756046295166 7.690736293792725 10.74082660675049 0.01917676627635956 -0.1664998084306717 -0.1020136550068855 0.9805627465248108
161.000000 7.532467365264893 7.698024749755859 10.75317668914795 0.008028703741729259 -0.152278870344162 -0.1124177947640419 0.9818903803825378
162.000000 7.529988765716553 7.69913911819458 10.75801467895508 -0.006317534018307924 -0.1369016319513321 -0.112964004278183 0.9841022491455078
163.000000 7.525002002716064 7.702054023742676 10.77083492279053 -0.0232143048197031 -0.1201990991830826 -0.105093777179718 0.9868985414505005
164.000000 7.517000198364258 7.708866596221924 10.78978824615479 -0.04137657955288887 -0.1022394299507141 -0.09627379477024078 0.9892251491546631
165.000000 7.506056785583496 7.718716621398926 10.81488800048828 -0.06069131940603256 -0.08324778079986572 -0.08643044531345367 0.990916907787323
166.000000 7.49190092086792 7.732100009918213 10.84688377380371 -0.08086457848548889 -0.06343730539083481 -0.07576658576726913 0.9918146133422852
167.000000 7.475613117218018 7.7491455078125 10.88526821136475 -0.1016201972961426 -0.04319584369659424 -0.0643056184053421 0.9918025135993958
168.000000 7.456050395965576 7.769133567810059 10.92921924591064 -0.1228959634900093 -0.02268591336905956 -0.05215937271714211 0.9907882809638977
169.000000 7.434356689453125 7.79362678527832 10.97957706451416 -0.1441688537597656 -0.002288499381393194 -0.03951107710599899 0.988761305809021
170.000000 7.409706115722656 7.821732521057129 11.03584480285645 -0.165372371673584 0.01778782345354557 -0.02637949585914612 0.9857179522514343
171.000000 7.382218837738037 7.852944374084473 11.09857559204102 -0.1862893402576447 0.0373058132827282 -0.01272970717400312 0.9817039370536804
172.000000 7.351463794708252 7.889599323272705 11.16763114929199 -0.2065193355083466 0.05607323721051216 0.0006659821956418455 0.9768342971801758
173.000000 7.319405555725098 7.928943157196045 11.24310111999512 -0.2260235249996185 0.07351046055555344 0.01466922834515572 0.9712334275245667
174.000000 7.28618335723877 7.969703197479248 11.31930637359619 -0.244559183716774 0.08965567499399185 0.02840111963450909 0.96506267786026
175.000000 7.252328395843506 8.010518074035645 11.39763927459717 -0.262357234954834 0.1040368527173996 0.04212517291307449 0.9584208130836487
176.000000 7.216582775115967 8.053146362304688 11.47912788391113 -0.2787932157516479 0.1167386621236801 0.05572248250246048 0.9515994191169739
177.000000 7.179801464080811 8.097307205200195 11.56246471405029 -0.2937856614589691 0.1272073686122894 0.06895817071199417 0.9448561668395996
178.000000 7.141813278198242 8.143783569335938 11.6482458114624 -0.3071695864200592 0.1353475451469421 0.08151073753833771 0.9384475946426392
179.000000 7.101805686950684 8.191164016723633 11.73522758483887 -0.318633109331131 0.1410659700632095 0.09379046410322189 0.9326181411743164
180.000000 7.059816360473633 8.240165710449219 11.82473468780518 -0.3281216621398926 0.1441584825515747 0.1054837182164192 0.927592396736145
181.000000 7.016446590423584 8.289969444274902 11.91577339172363 -0.3357453048229218 0.144103154540062 0.1164488047361374 0.9235524535179138
182.000000 6.971452236175537 8.341233253479004 12.00839996337891 -0.3409937918186188 0.1409409493207932 0.126757875084877 0.9207558035850525
183.000000 6.925984382629395 8.394079208374023 12.10343074798584 -0.3441661298274994 0.1339958906173706 0.1358712911605835 0.9193115830421448
184.000000 6.877755165100098 8.44864559173584 12.19922256469727 -0.3462026119232178 0.1214748248457909 0.1376103013753891 0.9200277328491211
185.000000 6.828011035919189 8.504981994628906 12.29667568206787 -0.3456430733203888 0.1065007001161575 0.1395038515329361 0.9218065142631531
186.000000 6.775026798248291 8.558855056762695 12.39705753326416 -0.3430767953395844 0.08985627442598343 0.1422860771417618 0.9241097569465637
187.000000 6.72407054901123 8.618053436279297 12.50135517120361 -0.3382524847984314 0.07061333209276199 0.1448431462049484 0.9271566867828369
188.000000 6.67103099822998 8.680793762207031 12.60315227508545 -0.3310630619525909 0.04992954432964325 0.1478495299816132 0.9306153655052185
189.000000 6.615063667297363 8.744220733642578 12.7149600982666 -0.3226301968097687 0.02810589410364628 0.1519215106964111 0.9338306188583374
190.000000 6.557755470275879 8.805791854858398 12.82285785675049 -0.3126125931739807 0.005572877824306488 0.1570090055465698 0.9367979764938354
191.000000 6.500250339508057 8.870090484619141 12.93325996398926 -0.3012188971042633 -0.01800449378788471 0.162641704082489 0.9394096732139587
192.000000 6.441396236419678 8.93487548828125 13.04772663116455 -0.2891260087490082 -0.04198490083217621 0.1691769063472748 0.9412878155708313
193.000000 6.385051250457764 9.003920555114746 13.1674633026123 -0.2762248516082764 -0.06693916767835617 0.1764765977859497 0.9423773884773254
194.000000 6.326021671295166 9.07366943359375 13.28644752502441 -0.2626976668834686 -0.09168369323015213 0.1844047755002975 0.9426445960998535
195.000000 6.265145301818848 9.144699096679688 13.40884113311768 -0.2491331100463867 -0.1161392405629158 0.1928805708885193 0.9419350028038025
196.000000 6.203594207763672 9.218342781066895 13.53296852111816 -0.2353113740682602 -0.1410010457038879 0.1994839310646057 0.9407196044921875
197.000000 6.142354965209961 9.296900749206543 13.66354942321777 -0.2206541299819946 -0.1670374870300293 0.2003818154335022 0.9398177266120911
198.000000 6.07807445526123 9.371676445007324 13.79220771789551 -0.2063348591327667 -0.1916858553886414 0.201593428850174 0.9381057620048523
199.000000 6.01184606552124 9.452930450439453 13.92185211181641 -0.1918019205331802 -0.2153111696243286 0.2021014541387558 0.9359531402587891
200.000000 5.945008277893066 9.536749839782715 14.06413078308105 -0.1780588775873184 -0.2379438132047653 0.2021547555923462 0.9331726431846619
201.000000 5.879053115844727 9.620413780212402 14.19978523254395 -0.164842888712883 -0.2586435079574585 0.2024727314710617 0.9300189018249512
202.000000 5.813524723052979 9.707414627075195 14.34394264221191 -0.1526930034160614 -0.2777242362499237 0.2028509676456451 0.9265018105506897
203.000000 5.745209693908691 9.794607162475586 14.48564529418945 -0.1415392458438873 -0.2944087386131287 0.203256219625473 0.9230260848999023
204.000000 5.677652359008789 9.883083343505859 14.63331031799316 -0.131603330373764 -0.309240311384201 0.2036881297826767 0.919544517993927
205.000000 5.612069129943848 9.972372055053711 14.78496646881104 -0.1227404326200485 -0.3222768902778625 0.2041356563568115 0.9161881804466248
206.000000 5.543509960174561 10.06722068786621 14.93917942047119 -0.1147074997425079 -0.3335221707820892 0.2047361880540848 0.9130651950836182
207.000000 5.471215724945068 10.16304111480713 15.09605503082275 -0.1076296642422676 -0.343040943145752 0.2054044604301453 0.9102460741996765
208.000000 5.397358894348145 10.25951671600342 15.25422382354736 -0.101327933371067 -0.3509695827960968 0.2060042917728424 0.9078078269958496
209.000000 5.32103157043457 10.35686588287354 15.414137840271 -0.0958251878619194 -0.3574126958847046 0.2065904438495636 0.9057560563087463
210.000000 5.239415168762207 10.45628452301025 15.57743072509766 -0.09099537879228592 -0.3624603748321533 0.2072176784276962 0.9041035175323486
211.000000 5.166316032409668 10.56430816650391 15.7521448135376 -0.08667421340942383 -0.366737425327301 0.2078184187412262 0.9026642441749573
212.000000 5.089324474334717 10.67388248443604 15.92846584320068 -0.08283174782991409 -0.3698146939277649 0.2083550989627838 0.9016452431678772
213.000000 5.00792932510376 10.78381729125977 16.10659408569336 -0.07941760867834091 -0.3717992305755615 0.2087580561637878 0.9010429382324219
214.000000 4.929089069366455 10.89760875701904 16.2888011932373 -0.07624533772468567 -0.3730362951755524 0.2090068012475967 0.9007478356361389
215.000000 4.846580982208252 11.01188564300537 16.47224807739258 -0.0733112245798111 -0.3733648955821991 0.2090427428483963 0.9008468985557556
216.000000 4.762945175170898 11.12795734405518 16.65940856933594 -0.07053176313638687 -0.3730634152889252 0.2088369578123093 0.9012414813041687
217.000000 4.677663803100586 11.24439334869385 16.84902381896973 -0.06780815124511719 -0.3721223473548889 0.2082982212305069 0.9019637703895569
218.000000 4.593714714050293 11.36296939849854 17.04100036621094 -0.0650075227022171 -0.3707399964332581 0.2074366062879562 0.9029373526573181
219.000000 4.503965854644775 11.48441600799561 17.23779487609863 -0.06213807687163353 -0.3688430786132812 0.2062797695398331 0.9041804671287537
220.000000 4.414588928222656 11.60725593566895 17.4367504119873 -0.05904688686132431 -0.3666686117649078 0.2046960443258286 0.9056307673454285
221.000000 4.316473484039307 11.77966022491455 17.73160362243652 -0.0554528534412384 -0.3648073077201843 0.202437236905098 0.9071162939071655
222.000000 4.214591503143311 11.95116710662842 18.02786064147949 -0.05150585994124413 -0.3627447187900543 0.1996730268001556 0.9087871313095093
223.000000 4.111846446990967 12.12635517120361 18.32882881164551 -0.04706956818699837 -0.3606877326965332 0.1964924484491348 0.9105380177497864
224.000000 4.004892349243164 12.30261325836182 18.62897300720215 -0.04215358570218086 -0.35855433344841 0.1928562670946121 0.912397027015686
225.000000 3.90155029296875 12.47605419158936 18.92718505859375 -0.03689261898398399 -0.3566412627696991 0.1887824386358261 0.9142249822616577
226.000000 3.798848628997803 12.64780807495117 19.22348213195801 -0.03132528811693192 -0.354918509721756 0.1843561828136444 0.9160046577453613
227.000000 3.694807767868042 12.81943607330322 19.51438331604004 -0.02541870623826981 -0.3534588515758514 0.1796567589044571 0.9176841974258423
228.000000 3.586278200149536 12.98994255065918 19.80404281616211 -0.01935268379747868 -0.3522364497184753 0.1746503412723541 0.9192672371864319
229.000000 3.476193904876709 13.15725135803223 20.08679580688477 -0.01311545632779598 -0.3513621389865875 0.1693084239959717 0.9207102060317993
230.000000 3.379615545272827 13.32095050811768 20.37826538085938 -0.006958180572837591 -0.3515440821647644 0.1639391481876373 0.9216790795326233
231.000000 3.24517035484314 13.40388298034668 20.48106575012207 -0.0007298059063032269 -0.3498829901218414 0.1577996015548706 0.9234070777893066
232.000000 3.115000009536743 13.48361301422119 20.58206176757812 0.005373565014451742 -0.3490074574947357 0.1515345424413681 0.9247714281082153
233.000000 2.986361026763916 13.56068325042725 20.67903327941895 0.01133024599403143 -0.3489509224891663 0.1451974958181381 0.9257551431655884
234.000000 2.863401174545288 13.63583278656006 20.7778491973877 0.01707012206315994 -0.3499869704246521 0.1388772875070572 0.9262455701828003
235.000000 2.732500791549683 13.70841693878174 20.86087989807129 0.02261771820485592 -0.3516791462898254 0.1325306296348572 0.9264155626296997
236.000000 2.615643739700317 13.77887725830078 20.95837593078613 0.02766683883965015 -0.3549687564373016 0.1262796074151993 0.925896942615509
237.000000 2.495664119720459 13.85066032409668 21.04632186889648 0.03253917023539543 -0.3592812120914459 0.1201171800494194 0.9248946309089661
238.000000 2.381932258605957 13.91961097717285 21.14647102355957 0.03665702790021896 -0.3651702702045441 0.1141475141048431 0.9231886267662048
239.000000 2.258561134338379 13.99027633666992 21.2432689666748 0.04034912213683128 -0.3721902668476105 0.1082449778914452 0.9209393858909607
240.000000 2.124730587005615 14.06123828887939 21.33680534362793 0.04339908808469772 -0.380402535200119 0.1025616154074669 0.9180912971496582
241.000000 2.094019174575806 14.14194393157959 21.51606941223145 0.04525819793343544 -0.392836719751358 0.09856351464986801 0.9131901860237122
242.000000 2.059819459915161 14.22730350494385 21.70002174377441 0.04648061841726303 -0.4069123268127441 0.09497007727622986 0.9073272347450256
243.000000 2.021561861038208 14.3143253326416 21.89080047607422 0.04696344956755638 -0.4226833879947662 0.09171982854604721 0.9004003405570984
244.000000 1.990116953849792 14.40062808990479 22.08818817138672 0.04671438410878181 -0.4400832951068878 0.08889300376176834 0.8923242092132568
245.000000 1.946838855743408 14.49320030212402 22.28600692749023 0.04590315744280815 -0.4583352506160736 0.08636020869016647 0.8833819031715393
246.000000 1.892921209335327 14.58586978912354 22.48233985900879 0.04449110850691795 -0.4771888554096222 0.08410938829183578 0.873634397983551
247.000000 1.84650993347168 14.68217277526855 22.68984985351562 0.04249972850084305 -0.4968653917312622 0.08242761343717575 0.8628581762313843
248.000000 1.803269267082214 14.78310871124268 22.90132522583008 0.04017850384116173 -0.5168923735618591 0.08114782720804214 0.8512479066848755
249.000000 1.750010132789612 14.88305473327637 23.12579727172852 0.03403655812144279 -0.5372467041015625 0.08508238941431046 0.8384321928024292
250.000000 1.69522500038147 14.99447059631348 23.3585319519043 0.02792255580425262 -0.5572984218597412 0.08880926668643951 0.8250768184661865
251.000000 1.587556600570679 15.12339305877686 23.58675956726074 0.02240702509880066 -0.5758056640625 0.09114181995391846 0.8121817111968994
252.000000 1.479933977127075 15.25174713134766 23.81514549255371 0.01713536866009235 -0.5935885906219482 0.09286946058273315 0.7992085814476013
253.000000 1.372334957122803 15.37971878051758 24.04233169555664 0.01222859416157007 -0.6104462742805481 0.09407001733779907 0.7863564491271973
254.000000 1.264946579933167 15.50784587860107 24.27116966247559 0.007793325465172529 -0.6262563467025757 0.09481988847255707 0.7737903594970703
255.000000 1.159240484237671 15.63380718231201 24.49747467041016 0.003846540581434965 -0.6407275795936584 0.09522048383951187 0.7618310451507568
256.000000 1.049707770347595 15.75997734069824 24.72211265563965 0.0005224784836173058 -0.6537505984306335 0.09534604847431183 0.7506791353225708
257.000000 0.946423351764679 15.88304710388184 24.95188140869141 -0.002309520961716771 -0.6654099822044373 0.09537985920906067 0.7403559684753418
258.000000 0.8399253487586975 16.00651359558105 25.17546844482422 -0.004388269037008286 -0.6751506328582764 0.09534762799739838 0.7314786911010742
259.000000 0.7314077019691467 16.13166809082031 25.39527320861816 -0.005805614870041609 -0.6830070018768311 0.09556028991937637 0.72411048412323
260.000000 0.6283616423606873 16.25679016113281 25.62616920471191 -0.006636618636548519 -0.6891710758209229 0.0960344523191452 0.7181759476661682
261.000000 0.5220161080360413 16.38091278076172 25.85787010192871 -0.006814624182879925 -0.6931599974632263 0.09653307497501373 0.7142578363418579
262.000000 0.4127064645290375 16.50769805908203 26.08305168151855 -0.006258555687963963 -0.6946611404418945 0.09743134677410126 0.7126805782318115
263.000000 0.3059121966362 16.62935638427734 26.31414604187012 -0.008668871596455574 -0.6939241290092468 0.1020542830228806 0.7127265930175781
264.000000 0.1961958408355713 16.75439262390137 26.53788948059082 -0.01063789427280426 -0.6906524896621704 0.1072776168584824 0.7151066660881042
265.000000 0.08730778843164444 16.87666702270508 26.76341438293457 -0.01229853183031082 -0.6854283213615417 0.1128038242459297 0.7192440032958984
266.000000 -0.02365162409842014 17.00078773498535 26.98784446716309 -0.01366880908608437 -0.6781976819038391 0.1187522858381271 0.7250925302505493
267.000000 -0.1307657063007355 17.11971664428711 27.21475028991699 -0.01492050848901272 -0.6693426966667175 0.1248305514454842 0.732239842414856
268.000000 -0.2405776679515839 17.24297523498535 27.43549728393555 -0.0157591700553894 -0.6587734818458557 0.1312749683856964 0.7406322360038757
269.000000 -0.3486702144145966 17.3598461151123 27.6506519317627 -0.01648080907762051 -0.6466225385665894 0.1375118046998978 0.7501322031021118
270.000000 -0.4535682499408722 17.4817066192627 27.87296295166016 -0.01687783002853394 -0.6335486769676208 0.1440462917089462 0.7599881291389465
271.000000 -0.5664516687393188 17.60104179382324 28.09281539916992 -0.0171385183930397 -0.6193454265594482 0.1503531634807587 0.7703969478607178
272.000000 -0.6801509261131287 17.7208423614502 28.31124496459961 -0.0171549916267395 -0.6043680906295776 0.1564810276031494 0.7809984087944031
273.000000 -0.7896826863288879 17.83924102783203 28.53315925598145 -0.01711747609078884 -0.5889958739280701 0.1624325960874557 0.7914585471153259
274.000000 -0.9008947014808655 17.9589729309082 28.75251960754395 -0.01688685268163681 -0.5732393860816956 0.1680950969457626 0.8017827272415161
275.000000 -1.01124119758606 18.07441520690918 28.96932411193848 -0.01669841632246971 -0.5573508739471436 0.1732339113950729 0.8118319511413574
276.000000 -1.121714234352112 18.19615936279297 29.19749069213867 -0.01632215827703476 -0.5419961214065552 0.1780957132577896 0.8211307525634766
277.000000 -1.228677272796631 18.31503295898438 29.41948699951172 -0.01592911221086979 -0.5271384716033936 0.1824270337820053 0.8298143148422241
278.000000 -1.336738348007202 18.44776725769043 29.66196632385254 -0.01516780722886324 -0.5137010812759399 0.186476469039917 0.8373216986656189
279.000000 -1.449861645698547 18.57430458068848 29.87867164611816 -0.01424663700163364 -0.5004945397377014 0.1896268427371979 0.8445968627929688
280.000000 -1.551745891571045 18.74454498291016 30.11294364929199 -0.01122803054749966 -0.4898604452610016 0.1924980580806732 0.8502088785171509
281.000000 -1.659749865531921 18.87001800537109 30.34533309936523 -0.01064423006027937 -0.4803463220596313 0.1943768411874771 0.8552027344703674
282.000000 -1.769153237342834 19.0041446685791 30.58341979980469 -0.009727532975375652 -0.4731039106845856 0.1956410109996796 0.8589543700218201
283.000000 -1.876889228820801 19.13508605957031 30.82052993774414 -0.009053705260157585 -0.4681132435798645 0.196086511015892 0.8615903854370117
284.000000 -1.985152006149292 19.2634449005127 31.05715942382812 -0.00863977987319231 -0.4651838541030884 0.1957685947418213 0.8632519245147705
285.000000 -2.094824552536011 19.40058517456055 31.29942512512207 -0.00783258955925703 -0.4644021689891815 0.1949324607849121 0.8638694882392883
286.000000 -2.204261541366577 19.53075790405273 31.54187393188477 -0.007615402806550264 -0.4651863574981689 0.1934479624032974 0.8637831807136536
287.000000 -2.309099912643433 19.66084480285645 31.77556991577148 -0.007173511199653149 -0.4674468636512756 0.1915160119533539 0.8629968166351318
288.000000 -2.412981510162354 19.78518867492676 32.00335311889648 -0.007023838814347982 -0.4707401990890503 0.1891676336526871 0.8617249727249146
289.000000 -2.510788679122925 19.9057445526123 32.22902679443359 -0.007080651819705963 -0.4753877520561218 0.1866136640310287 0.8597277998924255
290.000000 -2.605300903320312 20.02252960205078 32.44321441650391 -0.007161805871874094 -0.4804817140102386 0.183670699596405 0.8575261235237122
291.000000 -2.698044776916504 20.13919639587402 32.65331268310547 -0.007098842412233353 -0.4860808253288269 0.1806550621986389 0.855008065700531
292.000000 -2.788326740264893 20.25220489501953 32.85755157470703 -0.007127914112061262 -0.4919636249542236 0.177537128329277 0.852292001247406
293.000000 -2.874402046203613 20.36099243164062 33.05583953857422 -0.007336399983614683 -0.4978516697883606 0.1744365245103836 0.8495067358016968
294.000000 -2.95751428604126 20.46539497375488 33.24739456176758 -0.007697239518165588 -0.5034701228141785 0.1713268458843231 0.8468210101127625
295.000000 -3.037123680114746 20.56691741943359 33.43368530273438 -0.008138931356370449 -0.50873863697052 0.1684612482786179 0.8442389965057373
296.000000 -3.114171504974365 20.665771484375 33.6125602722168 -0.008450767956674099 -0.5131956338882446 0.1657128185033798 0.8420796394348145
297.000000 -3.188388347625732 20.76122856140137 33.7870979309082 -0.008928144350647926 -0.5168947577476501 0.1633385270833969 0.8402741551399231
298.000000 -3.259249925613403 20.85294723510742 33.95559310913086 -0.009493141435086727 -0.519481360912323 0.1614078432321548 0.839044988155365
299.000000 -3.328798055648804 20.94123458862305 34.1180305480957 -0.01011341437697411 -0.5206023454666138 0.159888967871666 0.8386337161064148
300.000000 -3.394301176071167 21.02523040771484 34.27447891235352 -0.01094327867031097 -0.5202053785324097 0.1589659303426743 0.839044988155365
301.000000 -3.456128835678101 21.10495376586914 34.42609786987305 -0.01196152158081532 -0.518163800239563 0.1584832370281219 0.8403846025466919
302.000000 -3.516828536987305 21.1818675994873 34.57170867919922 -0.01289749704301357 -0.5140418410301208 0.1586832404136658 0.8428606986999512
303.000000 -3.573086500167847 21.25400924682617 34.71174240112305 -0.01413672510534525 -0.5077455043792725 0.1595315188169479 0.8464894890785217
304.000000 -3.628499031066895 21.32361793518066 34.84567642211914 -0.01529135927557945 -0.4992493689060211 0.1612126976251602 0.8511912822723389
305.000000 -3.680323839187622 21.38969230651855 34.97444915771484 -0.01649136655032635 -0.4888520538806915 0.1633810997009277 0.8567720055580139
306.000000 -3.729760885238647 21.45172500610352 35.09767150878906 -0.01797613315284252 -0.4767089486122131 0.1661063730716705 0.8630377650260925
307.000000 -3.775992393493652 21.51005935668945 35.2148323059082 -0.01959985494613647 -0.4628965854644775 0.1691237837076187 0.8699079155921936
308.000000 -3.821116924285889 21.56653022766113 35.32484817504883 -0.0209986362606287 -0.4473714828491211 0.172953799366951 0.8772141933441162
309.000000 -3.862011671066284 21.61736869812012 35.42948532104492 -0.02262618951499462 -0.4306365847587585 0.1764267235994339 0.8848240971565247
310.000000 -3.900290489196777 21.66934585571289 35.52612686157227 -0.02344192937016487 -0.4125404953956604 0.1811879128217697 0.892430305480957
311.000000 -3.932381153106689 21.71426582336426 35.61838912963867 -0.02529730089008808 -0.3936395347118378 0.1850828230381012 0.9000846743583679
312.000000 -3.969930410385132 21.75804328918457 35.70732116699219 -0.02705583721399307 -0.3731548488140106 0.1903498619794846 0.9076288938522339
313.000000 -3.995376348495483 21.80053329467773 35.78796768188477 -0.028852554038167 -0.3526897132396698 0.1944273710250854 0.9148637056350708
314.000000 -4.029840469360352 21.83600425720215 35.85926818847656 -0.03069902583956718 -0.3302915394306183 0.2001163959503174 0.9219101667404175
315.000000 -4.055238723754883 21.86811828613281 35.92984390258789 -0.03281481564044952 -0.3086229860782623 0.2043487578630447 0.9283947348594666
316.000000 -4.077303409576416 21.89273262023926 35.99518966674805 -0.03537445887923241 -0.286998450756073 0.2075747698545456 0.9345016479492188
317.000000 -4.103350162506104 21.92233848571777 36.04616546630859 -0.03723789751529694 -0.2640324532985687 0.2132068872451782 0.9399165511131287
318.000000 -4.122214794158936 21.94785308837891 36.10083389282227 -0.03949817270040512 -0.2425277233123779 0.2171351313591003 0.9447076916694641
319.000000 -4.130906581878662 21.96219444274902 36.14257431030273 -0.04195320978760719 -0.2220332026481628 0.2192607820034027 0.9491395950317383
320.000000 -4.150824069976807 21.9811897277832 36.17719650268555 -0.04430169984698296 -0.2005292028188705 0.2239172011613846 0.9527258276939392
321.000000 -4.096298694610596 21.92374229431152 36.08375930786133 -0.04809379577636719 -0.181860476732254 0.2263301461935043 0.9557135701179504
322.000000 -4.175217628479004 22.01049613952637 36.23468399047852 -0.04922899231314659 -0.1619462817907333 0.2298102080821991 0.9584033489227295
323.000000 -4.176690101623535 22.02421569824219 36.24538421630859 -0.05000955983996391 -0.1454216688871384 0.2221067696809769 0.9628189206123352
324.000000 -4.186379909515381 22.03066062927246 36.25820159912109 -0.05162287876009941 -0.1297136694192886 0.2147170752286911 0.9666468501091003
325.000000 -4.186686038970947 22.03298377990723 36.25943756103516 -0.05364255607128143 -0.1156944260001183 0.2079068869352341 0.9697999954223633
326.000000 -4.193719387054443 22.03866958618164 36.26484680175781 -0.05580167472362518 -0.1026920080184937 0.2025590538978577 0.9722707867622375
327.000000 -4.1817307472229 22.02054595947266 36.24245071411133 -0.05867261812090874 -0.09137365221977234 0.1964908093214035 0.9744741320610046
328.000000 -4.175126075744629 22.01772880554199 36.22628021240234 -0.06114677712321281 -0.08127359300851822 0.1926510334014893 0.9759821891784668
329.000000 -4.179654598236084 22.01590347290039 36.23322677612305 -0.06412771344184875 -0.07229959964752197 0.1881671994924545 0.9773707985877991
330.000000 -4.190656185150146 22.02622222900391 36.24995803833008 -0.06651058048009872 -0.06450162082910538 0.185232475399971 0.9783173799514771
331.000000 -4.167078971862793 22.02658081054688 36.22928237915039 -0.06845591962337494 -0.05923138186335564 0.18258036673069 0.9790147542953491
332.000000 -4.145112991333008 21.99921226501465 36.18229293823242 -0.07072161138057709 -0.05441898852586746 0.1808894574642181 0.9794467687606812
333.000000 -4.096244335174561 21.90308570861816 36.07583999633789 -0.07711247354745865 -0.05009534955024719 0.1775217056274414 0.9798113703727722
334.000000 -4.090401172637939 21.89547538757324 36.06303787231445 -0.07829774916172028 -0.04724520444869995 0.1772295981645584 0.979911744594574
335.000000 -4.100677967071533 21.88650131225586 36.08056259155273 -0.08146999031305313 -0.04496587067842484 0.1754301935434341 0.980084240436554
336.000000 -4.10273551940918 21.90772819519043 36.08788681030273 -0.0802994892001152 -0.0448969267308712 0.1776939183473587 0.97977614402771
337.000000 -4.094348430633545 21.92702674865723 36.09783935546875 -0.07996569573879242 -0.04614905640482903 0.1775312572717667 0.9797746539115906
338.000000 -4.09835147857666 21.96403312683105 36.07996368408203 -0.07351525127887726 -0.04761503636837006 0.1812699288129807 0.9795252084732056
339.000000 -4.143751621246338 21.99950790405273 36.10667037963867 -0.06818171590566635 -0.04683778434991837 0.1849724948406219 0.9792560935020447
340.000000 -4.058676719665527 21.70170974731445 36.10267639160156 -0.1069528982043266 -0.05468044057488441 0.170493945479393 0.9780097603797913
341.000000 -4.092514038085938 21.71805191040039 36.18343353271484 -0.1058455780148506 -0.05777322128415108 0.1763332635164261 0.9769163131713867
342.000000 -4.09381628036499 21.72200202941895 36.19521331787109 -0.1050396487116814 -0.06367703527212143 0.178791418671608 0.9761891961097717
343.000000 -4.12958812713623 21.80374908447266 36.23671722412109 -0.09813270717859268 -0.07087213546037674 0.1723132580518723 0.9775761961936951
344.000000 -4.149908065795898 21.80073547363281 36.31015777587891 -0.09654419869184494 -0.07928692549467087 0.1670137196779251 0.9780078530311584
345.000000 -4.22083854675293 21.96919250488281 36.38994598388672 -0.08500368148088455 -0.08833977580070496 0.1582923382520676 0.9797520041465759
346.000000 -4.265970230102539 22.13831329345703 36.45699310302734 -0.07271771132946014 -0.09988073259592056 0.1497424095869064 0.9809756875038147
347.000000 -4.229480743408203 21.98438453674316 36.46482467651367 -0.08431648463010788 -0.1138782501220703 0.1372848153114319 0.9803444147109985
348.000000 -4.247951984405518 21.8598575592041 36.51698303222656 -0.09325040876865387 -0.1235534399747849 0.1282532066106796 0.9795867204666138
349.000000 -4.345290660858154 22.23236083984375 36.65102386474609 -0.0492972731590271 -0.1386479586362839 0.1213213577866554 0.9816452860832214
350.000000 -4.426509857177734 22.54374504089355 36.8035774230957 -0.009091819636523724 -0.1559955775737762 0.1081244200468063 0.9817798733711243
351.000000 -4.483503341674805 22.59950828552246 36.91026306152344 -0.001320342300459743 -0.1688531637191772 0.1019861549139023 0.9803497791290283
352.000000 -4.525403022766113 22.64220237731934 36.996337890625 0.007253938354551792 -0.182611271739006 0.09518764913082123 0.9785397052764893
353.000000 -4.53593921661377 22.62709999084473 37.08362579345703 0.008006768301129341 -0.201460063457489 0.08420980721712112 0.9758372902870178
354.000000 -4.576088905334473 22.70051956176758 37.18453216552734 0.01468609366565943 -0.2199991196393967 0.07611382007598877 0.9724152088165283
355.000000 -4.610520362854004 22.74467086791992 37.26209259033203 0.01409528497606516 -0.238440066576004 0.06935382634401321 0.9685751795768738
356.000000 -4.63107967376709 22.7548942565918 37.34957885742188 0.008606393821537495 -0.2606084644794464 0.06030359119176865 0.9635210037231445
357.000000 -4.675445556640625 22.82462310791016 37.43236541748047 0.01257992070168257 -0.2790297865867615 0.05779466778039932 0.9584591388702393
358.000000 -4.707447528839111 22.87912178039551 37.52343368530273 0.01642578467726707 -0.3007813394069672 0.05485465005040169 0.9519725441932678
359.000000 -4.763741016387939 23.00295448303223 37.60889053344727 0.05597056820988655 -0.3141726851463318 0.05353192985057831 0.9462013840675354
360.000000 -4.823884010314941 23.09683036804199 37.70366668701172 0.09033755213022232 -0.3276422023773193 0.05280821025371552 0.9389893412590027
361.000000 -4.877410888671875 23.15999794006348 37.83572006225586 0.09576643258333206 -0.348581463098526 0.05169595405459404 0.9309388995170593
362.000000 -4.887791633605957 23.19443511962891 37.94401168823242 0.09447593241930008 -0.376503974199295 0.04951615631580353 0.9202539920806885
363.000000 -4.935818672180176 23.23405647277832 38.06994247436523 0.107082188129425 -0.3966501355171204 0.05069905519485474 0.9102920293807983
364.000000 -4.968793869018555 23.27196311950684 38.16070938110352 0.111626572906971 -0.4190612435340881 0.0563310869038105 0.8993075489997864
365.000000 -4.979860782623291 23.22410011291504 38.27872467041016 0.08886057883501053 -0.4483391642570496 0.06774210184812546 0.8868521451950073
366.000000 -5.003962993621826 23.24646759033203 38.33747863769531 0.07899396121501923 -0.4717886447906494 0.08124755322933197 0.8743993639945984
367.000000 -5.01835823059082 23.28602981567383 38.40215301513672 0.07419949769973755 -0.4967908263206482 0.09551278501749039 0.8594012856483459
368.000000 -5.036772727966309 23.32813262939453 38.4643669128418 0.06836278736591339 -0.5195841789245605 0.1123156473040581 0.844241738319397
369.000000 -5.056509971618652 23.36377334594727 38.52660751342773 0.06266039609909058 -0.5413714051246643 0.1308867633342743 0.8281662464141846
370.000000 -5.058790683746338 23.22680854797363 38.63335418701172 0.01295135449618101 -0.5628485679626465 0.1645500957965851 0.8099117279052734
371.000000 -5.084042549133301 23.26491928100586 38.704833984375 0.007390740793198347 -0.5799127817153931 0.1841030269861221 0.7935695648193359
372.000000 -5.104781627655029 23.33754920959473 38.78349685668945 0.003241661703214049 -0.5989370942115784 0.1983862072229385 0.7758264541625977
373.000000 -5.152132987976074 23.39301681518555 38.93282318115234 0.01375886052846909 -0.6166514754295349 0.2100452035665512 0.7585727572441101
374.000000 -5.160286426544189 23.48235511779785 38.92356872558594 -0.006459742784500122 -0.6289979219436646 0.2343606054782867 0.7412117123603821
375.000000 -5.186562538146973 23.56483459472656 38.93173599243164 -0.02457469888031483 -0.6357041001319885 0.2599958777427673 0.7264149188995361
376.000000 -5.257653713226318 23.6334056854248 39.17655181884766 0.02392882108688354 -0.6579088568687439 0.2539293467998505 0.7085924744606018
377.000000 -5.319216728210449 23.67541313171387 39.4025993347168 0.0666196197271347 -0.6773684024810791 0.2456813305616379 0.6901989579200745
378.000000 -5.317188262939453 23.76396942138672 39.38191986083984 0.02399526163935661 -0.6826863884925842 0.2733741104602814 0.6772223711013794
379.000000 -5.328373432159424 23.87004852294922 39.34492111206055 -0.01186014339327812 -0.6822662353515625 0.3041553199291229 0.6647267937660217
380.000000 -5.370558738708496 23.99114990234375 39.42325973510742 -0.01594899035990238 -0.6896682977676392 0.3192278444766998 0.6497666239738464
381.000000 -5.401955604553223 24.07424354553223 39.50464630126953 -0.01438368577510118 -0.6971954703330994 0.3270540833473206 0.6377673745155334
382.000000 -5.444919109344482 24.18622207641602 39.57553482055664 -0.00612166989594698 -0.7015126943588257 0.3339795470237732 0.629523754119873
383.000000 -5.473044872283936 24.25920677185059 39.64682388305664 -0.01378623396158218 -0.7042352557182312 0.3428672850131989 0.621533989906311
384.000000 -5.508427143096924 24.36293983459473 39.73783493041992 -0.01581399329006672 -0.7083960771560669 0.348781406879425 0.6134138703346252
385.000000 -5.542749404907227 24.44952964782715 39.81129837036133 -0.02070817723870277 -0.7083631157875061 0.3539882898330688 0.6103156805038452
386.000000 -5.581618309020996 24.54365730285645 39.89732360839844 -0.02423377707600594 -0.7094995975494385 0.3569155335426331 0.6071525812149048
387.000000 -5.636530876159668 24.65612030029297 40.03305816650391 -0.02027388848364353 -0.7125213742256165 0.3548746705055237 0.6049515008926392
388.000000 -5.694338321685791 24.77628707885742 40.17595291137695 -0.01648800075054169 -0.7147365212440491 0.3503710925579071 0.6050785183906555
389.000000 -5.737965106964111 24.91550445556641 40.26020050048828 -0.02452349849045277 -0.713981032371521 0.3542976677417755 0.603409469127655
390.000000 -5.828109741210938 25.06160545349121 40.45352172851562 -0.007868548855185509 -0.7154809832572937 0.3446017205715179 0.6076797842979431
391.000000 -5.895782947540283 25.19426345825195 40.614013671875 -0.0084753492847085 -0.7161191701889038 0.3407648205757141 0.6090821027755737
392.000000 -5.941978931427002 25.29117965698242 40.70807266235352 -0.01467340160161257 -0.7126362919807434 0.3402468264102936 0.6133240461349487
393.000000 -6.010408401489258 25.4207763671875 40.85011672973633 -0.01597302407026291 -0.7116909623146057 0.3382689654827118 0.6154794692993164
394.000000 -6.081377983093262 25.54500389099121 40.98162078857422 -0.01891352795064449 -0.7081456780433655 0.3368170857429504 0.6202629208564758
395.000000 -6.155260562896729 25.66766357421875 41.12842178344727 -0.02093841880559921 -0.7049462795257568 0.3328458368778229 0.6259600520133972
396.000000 -6.228446006774902 25.79096221923828 41.27009582519531 -0.02463593147695065 -0.7004249095916748 0.32973513007164 0.6325131058692932
397.000000 -6.2980637550354 25.90716743469238 41.41017150878906 -0.02973764017224312 -0.696236252784729 0.3260419070720673 0.638801634311676
398.000000 -6.364622116088867 26.01099586486816 41.53268432617188 -0.03393992036581039 -0.6918966770172119 0.3241950869560242 0.6442241668701172
399.000000 -6.448122024536133 26.13241577148438 41.70773315429688 -0.030821293592453 -0.6917717456817627 0.3170985579490662 0.6480358839035034
400.000000 -6.491944313049316 26.19208335876465 41.78932952880859 -0.03615279123187065 -0.6899552345275879 0.314929872751236 0.6507485508918762
401.000000 -6.578425407409668 26.32429313659668 41.94900512695312 -0.03921792656183243 -0.6866043210029602 0.3134879767894745 0.6547991037368774
402.000000 -6.678147315979004 26.46736717224121 42.12939453125 -0.04246336594223976 -0.6787543892860413 0.3095894753932953 0.6645627021789551
403.000000 -6.776225566864014 26.61758041381836 42.31914138793945 -0.04443173110485077 -0.6749233603477478 0.3054341971874237 0.6702343225479126
404.000000 -6.863419532775879 26.76008796691895 42.48724365234375 -0.05028963461518288 -0.6680066585540771 0.3038893640041351 0.6774137020111084
405.000000 -6.940894603729248 26.91787528991699 42.67119979858398 -0.05413524433970451 -0.6637237668037415 0.3012285232543945 0.6824966073036194
406.000000 -7.014097213745117 27.08580780029297 42.84073257446289 -0.05643819272518158 -0.6577874422073364 0.300426572561264 0.6883853077888489
407.000000 -7.08689546585083 27.27201271057129 43.02433776855469 -0.06302091479301453 -0.6560992002487183 0.3013388812541962 0.6890262961387634
408.000000 -7.186437606811523 27.50491333007812 43.20852661132812 -0.06222887337207794 -0.6526831984519958 0.3028900623321533 0.6916574239730835
409.000000 -7.261797428131104 27.71037483215332 43.33763122558594 -0.07306953519582748 -0.6490147113800049 0.305377185344696 0.6929543018341064
410.000000 -7.354297637939453 27.81840705871582 43.30619812011719 -0.07696549594402313 -0.6539394855499268 0.2984974086284637 0.6908971071243286
411.000000 -7.456189632415771 27.93591117858887 43.24607467651367 -0.07468830794095993 -0.6537526845932007 0.2961645126342773 0.6923263669013977
412.000000 -7.323750495910645 27.49840354919434 42.8110466003418 -0.07924126088619232 -0.6484453082084656 0.2988963425159454 0.6956296563148499
413.000000 -7.247932910919189 27.07464790344238 42.35731506347656 -0.08079607784748077 -0.6347331404685974 0.3080864250659943 0.7040373682975769
414.000000 -7.230228900909424 26.68055725097656 41.91182708740234 -0.07692506909370422 -0.6173767447471619 0.328116238117218 0.7108223438262939
415.000000 -7.695985317230225 27.42339515686035 40.87198257446289 0.2874003648757935 -0.5339410305023193 0.1331855803728104 0.783944845199585
416.000000 -8.090270042419434 28.38067436218262 41.91198348999023 0.490098774433136 -0.4738242030143738 -0.06565546989440918 0.7286859154701233
417.000000 -8.408051490783691 28.49399375915527 43.9664306640625 0.7155672907829285 -0.5639271140098572 -0.1052311956882477 0.3985925912857056
418.000000 -8.782610893249512 27.84613227844238 45.0842170715332 0.8496396541595459 -0.4030392467975616 -0.2194656729698181 0.2598201632499695
419.000000 -8.70689582824707 27.22231483459473 45.34378051757812 0.9128746390342712 -0.1914321780204773 -0.3280074298381805 0.149748831987381
420.000000 -8.638275146484375 26.48574638366699 45.1446533203125 0.9243931174278259 -0.07262557744979858 -0.3740299344062805 -0.01800757646560669
421.000000 -8.628473281860352 26.16145706176758 44.8751335144043 0.8831048011779785 -0.02692783251404762 -0.4318712949752808 -0.1813506484031677
422.000000 -8.224574089050293 25.21564102172852 44.35026168823242 0.819531261920929 0.1644639372825623 -0.4636609554290771 -0.2938342690467834
423.000000 -7.488049983978271 26.11028671264648 42.22659683227539 0.3682955503463745 0.5736859440803528 -0.4182611107826233 -0.6002504825592041
424.000000 -8.121964454650879 28.4544506072998 42.52213287353516 -0.2704571485519409 0.7080826759338379 -0.1931954622268677 -0.6230148077011108
425.000000 -8.710755348205566 28.54585647583008 43.97971343994141 -0.4916760921478271 0.727513313293457 -0.01618625596165657 -0.4782436192035675
426.000000 -7.804750919342041 26.41094207763672 44.41463088989258 -0.7808086276054382 -0.07648005336523056 0.5997864603996277 -0.1573052257299423
427.000000 -9.788357734680176 26.25738143920898 45.58559799194336 -0.7667247653007507 0.5504676103591919 0.3244217038154602 -0.06220223382115364
428.000000 -9.154117584228516 27.72931098937988 44.50116348266602 0.6829504370689392 -0.5438717603683472 -0.2157723009586334 0.4372924566268921
429.000000 -9.107812881469727 28.99909782409668 43.49272918701172 0.17830590903759 0.8403298258781433 -0.4871246218681335 0.1573606133460999
430.000000 -8.496546745300293 27.80739402770996 45.16382598876953 -0.7986192107200623 0.4113158881664276 0.3516683280467987 -0.2633552849292755
431.000000 -9.075283050537109 29.71621322631836 44.29867935180664 0.0606662705540657 -0.92824786901474 0.3669804036617279 0.000957141222897917
432.000000 -7.918800830841064 28.59734916687012 46.01644515991211 0.8018515706062317 -0.3944562971591949 -0.3612240552902222 0.2663744688034058
433.000000 -8.906248092651367 29.10457992553711 45.65010070800781 -0.652093231678009 0.5585217475891113 0.2437406331300735 -0.451019287109375
