1.0 4.0611548954516323e-13 1.5714217036984366e-12 0.0 4.0611548954419913e-13 -1.0 6.135225790949021e-13 0.0 1.5714217036986858e-12 -6.135225790942639e-13 -1.0 0.0
0.9999989457950252 0.00039882435429030796 -0.0013961905216981181 0.1284375190734863 0.0003941478403230373 -0.9999943172347744 -0.003348155557615044 -0.05265304446220398 -0.001397517913453502 0.0033476017224939917 -0.999993420231548 -0.05247015878558159
0.9999936419620232 0.0006436830063761119 -0.003507379038018901 0.2569119036197662 0.0006183462972580367 -0.9999737433262061 -0.0072201319954556835 -0.1048426330089569 -0.003511934422180895 0.00721791731474102 -0.9999677834741738 -0.1036299988627434
0.9999852250387838 0.001369105531552212 -0.005260727533000583 0.3809149563312531 0.0013105793841286892 -0.9999373954785126 -0.011112493209295974 -0.1542570739984512 -0.005275612363592887 0.011105434421589521 -0.9999244157637602 -0.1538687944412231
0.9999664670021273 0.0013810155887168597 -0.008072029932224197 0.5089344382286072 0.0012547638713981684 -0.9998771375356517 -0.015624832835528846 -0.2047400027513504 -0.008092616320451393 0.015614180396514816 -0.9998453415061923 -0.2004944235086441
0.999939455385414 0.0017104531044930466 -0.010870138623724362 0.6350334882736206 0.0014895150707265015 -0.9997928055221599 -0.02030092044667587 -0.2525944113731384 -0.010902610163430256 0.020283500099970764 -0.9997348211977606 -0.2454007267951965
0.9999041208830262 0.002025116779964744 -0.013698464993200469 0.7607828378677368 0.0016832284159918592 -0.9996879368048279 -0.024923798847797402 -0.2988640666007996 -0.013744663809712883 0.024898351530440222 -0.9995954963423075 -0.2863834202289581
0.9998557168440729 0.002115584487541417 -0.016854370249310496 0.8880824446678162 0.0016129895850361265 -0.9995552404151757 -0.029777837785145925 -0.3446186482906342 -0.016909871638286722 0.029746355421059124 -0.99941443384631 -0.3248686194419861
0.9998027039150678 0.0026209569140344426 -0.01968968839200567 1.013303995132446 0.0019393634275154227 -0.9994008656991095 -0.03455645394664703 -0.3862887918949127 -0.019768462601212154 0.03451145063200759 -0.9992087708090133 -0.3594311773777008
0.9997437325886522 0.00293777397404742 -0.022446350121726508 1.139422535896301 0.0020572271562706314 -0.9992311560719962 -0.039151814152727414 -0.4276697933673859 -0.022544111562384193 0.03909560357763534 -0.9989811293586899 -0.3913565576076508
0.9996799574689859 0.0034758714356450055 -0.025057951882973353 1.264508366584778 0.0023788940059336766 -0.9990429489404293 -0.04367524511343764 -0.4657514691352844 -0.02518577968050768 0.0436016569659135 -0.9987314814361823 -0.419242799282074
0.9996116320218053 0.00372552634737234 -0.027617124762328256 1.391835570335388 0.002396598887717468 -0.9988445793932169 -0.04799752629624651 -0.5038681030273438 -0.027764031416103126 0.047912698423513145 -0.9984655887356876 -0.4437628090381622
0.9995490624605338 0.004083999034503737 -0.02974882663491343 1.517708659172058 0.0025354857211830843 -0.9986487639660776 -0.051905852667915885 -0.5398097038269043 -0.02992061240057828 0.05180701864527514 -0.9982087906709011 -0.4657087624073029
0.9995003936267586 0.004640410881125526 -0.0312638725497737 1.641675114631653 0.0029045250300290992 -0.9984632316730715 -0.05534201596721725 -0.5732704401016235 -0.03147263691373978 0.05522356004297555 -0.9979778712686345 -0.4846824109554291
0.9994596450502561 0.005043478322001776 -0.03248047478766168 1.766789317131042 0.0031401556751213663 -0.9982891690769825 -0.058385566075221246 -0.6055275797843933 -0.03271937252381883 0.05825202339836377 -0.9977655758902712 -0.4993858933448792
0.9994370524546153 0.0056075785275832325 -0.033077684983795576 1.890514254570007 0.0035842822031380474 -0.9981366360590608 -0.06091312401929538 -0.6365001797676086 -0.03335762434464564 0.06076027336803858 -0.9975948366337523 -0.513643205165863
0.9994392060939522 0.006155303236671486 -0.03291482286683456 2.013320684432983 0.004082802183359807 -0.9980262016522886 -0.06266603180222029 -0.6648651957511902 -0.03323558407222635 0.06249650436280379 -0.9974916455258199 -0.5219705104827881
0.9994667058365909 0.006883020235247936 -0.03192065094252824 2.134500503540039 0.004837338191342898 -0.9979556784521528 -0.06372647804739967 -0.6921175718307495 -0.03229402550590645 0.06353808210470555 -0.9974567700101491 -0.5301319360733032
0.9995197032680752 0.007603178377630331 -0.03004254412424324 2.254066944122314 0.0056712178162043785 -0.9979416501414431 -0.06387722756550232 -0.7188921570777893 -0.030466376013243413 0.06367616973037668 -0.9975054613089034 -0.5368232727050781
0.9995916370786839 0.008411382365807239 -0.02730948057090389 2.37351131439209 0.006668981184802775 -0.9979736774256982 -0.06327767264513653 -0.7433102130889893 -0.027786395453767238 0.063069705977787 -0.997622237330124 -0.5397195816040039
0.9996792070283396 0.009329261391975279 -0.02354671775578828 2.491158962249756 0.007862115200982086 -0.9980669190723161 -0.06164910541168755 -0.7669392824172974 -0.024076340663752083 0.0614442018043613 -0.9978200939472346 -0.5421375036239624
0.9997698247378819 0.010388539444475268 -0.0187716752527854 2.608226299285889 0.009263179862071588 -0.9982106734155984 -0.05907321709557255 -0.7898272275924683 -0.01935177104113124 0.05888573449816445 -0.9980771409215741 -0.5441113114356995
0.9998487290314674 0.01145799237114145 -0.013085620542492097 2.724448919296265 0.010714883932921809 -0.9984005515180746 -0.055511530250105676 -0.8111715912818909 -0.013700741456696456 0.05536292206185696 -0.998372293558024 -0.5430150628089905
0.9998976383734407 0.012817952354387294 -0.0063571119745374025 2.838220596313477 0.012477198333720439 -0.9986196973708535 -0.05101979561588025 -0.8311547040939331 -0.0070023065455001 0.05093525419967831 -0.9986774091680742 -0.5418238639831543
0.9999009792893083 0.01402908421651541 0.0011029108432165872 2.951306104660034 0.014064830698312453 -0.9988564552599106 -0.04569422636432347 -0.8520615100860596 0.00046060146544942666 0.04570521394383955 -0.9989548644781896 -0.5396620035171509
0.9998310429126387 0.015769407126370857 0.00944518009927078 3.053754568099976 0.016131060956833504 -0.9990884398287752 -0.03952313591949192 -0.8677644729614258 0.00881331382805688 0.039668818981493194 -0.9991740140235741 -0.535812258720398
0.9996838473723116 0.01729545184474692 0.018250278035667245 3.147837162017822 0.017886162385718773 -0.9993046206852921 -0.032716360924409285 -0.8833877444267273 0.01767174292493009 0.03303244499746509 -0.9992980371638308 -0.5311341881752014
0.9994362843198151 0.019120319057691054 0.027595778375206895 3.232324123382568 0.019820858262534085 -0.9994823881066387 -0.025339483861889875 -0.8965532183647156 0.027096995455916775 0.02587217160932842 -0.9992979453463714 -0.5267845392227173
0.9990709207368634 0.021188167352255014 0.03752808151568933 3.306081056594849 0.02184730362493902 -0.9996126354376446 -0.017241647187150724 -0.9076753258705139 0.037148225560787076 0.01804551572162156 -0.9991468203922912 -0.5228096842765808
0.998583467386826 0.023544847295289138 0.04771476529907367 3.371084690093994 0.02399169341424884 -0.999673303550732 -0.008813898971671976 -0.9163593649864197 0.04749165514930868 0.009946171816717597 -0.9988221144715267 -0.5191616415977478
0.9979769577094415 0.025841340698531685 0.058088010741548686 3.426764965057373 0.02588141465598841 -0.9996650181299176 6.247172614219849e-05 -0.9240566492080688 0.05807016666424037 0.0014410545493452817 -0.998311463975734 -0.5146182775497437
0.9972314628794747 0.028384987841027297 0.06872919254965833 3.472526073455811 0.02781306125803093 -0.9995702107369255 0.009264309515320514 -0.9298310279846191 0.06896262079358857 -0.007327091687932662 -0.9975923369095598 -0.5107837319374084
0.9963715736375897 0.031100456448334275 0.07922404215677378 3.509291887283325 0.029704091947949946 -0.9993829794122501 0.018743729155149217 -0.9341367483139038 0.07975809782398738 -0.016322440681439728 -0.9966806026815712 -0.5071237087249756
0.995391067494123 0.033933907508151895 0.08969455208728487 3.536508560180664 0.03150568055911823 -0.999101399157491 0.02835112509320847 -0.9370553493499756 0.09057601694387575 -0.025394568765233005 -0.9955657190923212 -0.5043936967849731
0.9942961857953138 0.03695952092389708 0.1000454333089026 3.554059505462646 0.033296883116418735 -0.998721482137288 0.03803575544444608 -0.9382213950157166 0.10132330673453967 -0.0344876054630381 -0.9942555972091903 -0.5020426511764526
0.9931149122571831 0.03993857748803792 0.11012575121486907 3.561967134475708 0.03484828471497514 -0.9982504359920467 0.04776676767495112 -0.9389083385467529 0.11184081591633387 -0.043600195755532055 -0.9927691850703505 -0.5001115202903748
0.9918500911680157 0.04325369966009405 0.11984370703426082 3.576797962188721 0.03656861868827129 -0.997679516604449 0.05743098706399937 -0.9392181038856506 0.12204971436767549 -0.05258041093057212 -0.9911302475503114 -0.4983076751232147
0.9905437643103729 0.04640695902005489 0.12911020540742427 3.5986487865448 0.03798868318899324 -0.997034967422624 0.06691885897214367 -0.9418451189994812 0.13183289018830865 -0.061381331779933684 -0.9893697090438534 -0.4955872893333435
0.9891960901385062 0.049760662865672954 0.1378947848392437 3.627041101455688 0.03949708564510005 -0.9963104483056167 0.07619364030288163 -0.9445368051528931 0.14117746094981345 -0.06992400895422195 -0.9875118011910207 -0.4926383495330811
0.9878576765334963 0.0531491036404174 0.14598761487216172 3.662664890289307 0.04097703372695889 -0.9955246296012357 0.08515629491859385 -0.948208212852478 0.1498602469662389 -0.07814016022214844 -0.985614540142177 -0.4894881248474121
0.9865485800218685 0.05641467744879186 0.1534251720715466 3.704722166061401 0.04230174467252165 -0.994697188030006 0.09374468797142406 -0.9535485506057739 0.15790016356703274 -0.08599353634749328 -0.9837035376839696 -0.4857136011123657
0.9852878907734324 0.059655211032575206 0.16015313950060506 3.75352668762207 0.04361431754968126 -0.9938409682775633 0.10187208193509774 -0.9601714611053467 0.165243951780139 -0.09338835885577292 -0.9818212927158938 -0.482159286737442
0.984123144040276 0.06290577552829077 0.1659653601492383 3.809452772140503 0.04500542235090136 -0.9929678488151426 0.10949595051162839 -0.9664014577865601 0.17168619432936089 -0.10028815794804627 -0.9800337423028294 -0.4771601259708405
0.9830432264846025 0.06599181389493476 0.1710879755026606 3.872058629989624 0.04630507623827746 -0.9920978367157407 0.11660927192344099 -0.9736275672912598 0.17743126775546078 -0.10670971316053655 -0.9783308143669431 -0.4716132879257202
0.9820758391322887 0.06883769439159236 0.1754662874271305 3.941129922866821 0.04746723414680557 -0.9912451715948395 0.12320662105734806 -0.9821973443031311 0.18241136991718188 -0.11266934641137474 -0.9767454686376437 -0.4653418064117432
0.9812251953708644 0.07152502633996682 0.179112496985766 4.017523765563965 0.048616154842581416 -0.9904291850036084 0.12917623226201527 -0.9913066625595093 0.18663757782861182 -0.11804321285086669 -0.9753113423118354 -0.4586613774299622
0.9805010883296108 0.07396621301030903 0.18206211884233928 4.100491523742676 0.049699540325653956 -0.9896777261984033 0.13441708953171427 -1.00136399269104 0.19012514687927837 -0.12274769895876575 -0.974056174419351 -0.4516920149326324
0.9799234089160447 0.07604422495936185 0.1843024376091871 4.189815521240234 0.05058261954653519 -0.9889834115206173 0.13911581627137837 -1.01230776309967 0.19285100792624552 -0.1270003448317027 -0.9729745120785334 -0.4434915781021118
0.979521584379442 0.07768623984445597 0.18574798484402805 4.287008285522461 0.05127349258559626 -0.98839429807618 0.14299559604606907 -1.023876309394836 0.19470103927011384 -0.13054332487463852 -0.9721367936858538 -0.4340577721595764
0.9792460682881 0.07917845024468541 0.18656878291704496 4.391129016876221 0.05202680042507764 -0.9878890807767483 0.14617926022387762 -1.03434681892395 0.19588351073999746 -0.13343888900512046 -0.9715058996842233 -0.4232566058635712
0.979126278714338 0.07994467117672009 0.18687048959495647 4.488051891326904 0.05227317721880499 -0.9875182021702515 0.14857764073334068 -1.047015309333801 0.19641600055612587 -0.13570795825182969 -0.9710839844177515 -0.4135173559188843
0.9791711950856209 0.08050091150762859 0.18639574555509061 4.581646919250488 0.05257770308271204 -0.9872597603733232 0.1501790620764247 -1.057115435600281 0.1961105704778386 -0.13725075152453411 -0.9709288724478263 -0.4043948650360107
0.9794149548004638 0.08046053935514763 0.18512819320644933 4.670141220092773 0.052547879522882895 -0.9871322707621659 0.1510251647162779 -1.066546678543091 0.19489757995125098 -0.13818821088142438 -0.9710401390789862 -0.3956376314163208
0.9797825766756322 0.07991303988386131 0.18341212745993496 4.752923965454102 0.05225924943451671 -0.9871605583407405 0.15094039520598476 -1.074733853340149 0.19311932397199405 -0.1383037892211139 -0.9713789109280074 -0.3862756788730621
0.9803493385810764 0.0786919845731277 0.18089429484532926 4.830813407897949 0.05156400708457459 -0.9873318603308678 0.15005649185879985 -1.083374977111816 0.19041094379532975 -0.13778014784260742 -0.9719878102854178 -0.377572625875473
0.9810400101631923 0.07700467374577884 0.17785043907820397 4.903535842895508 0.05065981291859119 -0.9876609054112683 0.1481874464225882 -1.091046094894409 0.187067051652762 -0.13636794397328228 -0.9728359070482765 -0.3699605166912079
0.981866984111205 0.07477248293036162 0.17420189812053136 4.970768928527832 0.04946110706796531 -0.9881420475080515 0.1453578096773876 -1.097872376441956 0.18300498463150802 -0.13410581547056466 -0.9739223818441575 -0.36338210105896
0.9828353283182744 0.07182951630448306 0.16992715497228109 5.032921314239502 0.04778830070911919 -0.9887752502067487 0.14156194013193085 -1.104714632034302 0.17818809086143897 -0.13101154592647768 -0.9752358581948829 -0.356919527053833
0.9839455807300053 0.0681152428221435 0.16495880654628073 5.09027624130249 0.04558507182504504 -0.9895621154797978 0.13670706212135814 -1.111310243606567 0.17254882030485844 -0.1269926505843067 -0.9767803086206099 -0.3508570194244385
0.9851233666840742 0.06375972537515275 0.1595827366387731 5.141438484191895 0.04291543032460901 -0.9904776964587809 0.1308136027244885 -1.117063641548157 0.16640378076560802 -0.1220189749087894 -0.9784789990128144 -0.344799131155014
0.986381187330636 0.0588845807096369 0.15357330313194362 5.187395572662354 0.03990387107108129 -0.991495588559122 0.12387162282517762 -1.121333956718445 0.15956138114765772 -0.11605646911073421 -0.9803423185927463 -0.3402453064918518
0.987695160726505 0.053169285733853426 0.14707581899141586 5.227877616882324 0.036178921208213664 -0.9926047457292144 0.11587452013299389 -1.125978469848633 0.1521491213831146 -0.10912765831994008 -0.9823145112701701 -0.3354963660240173
0.9890224620652469 0.04703127751650847 0.14008079263611617 5.263243675231934 0.03211448171082794 -0.9937504081533307 0.10690550200777096 -1.129514813423157 0.14423324718955166 -0.101233320750896 -0.9843518604517919 -0.3321431577205658
0.9903398757989595 0.040281753122068845 0.13268123743737884 5.293221950531006 0.027422258883444756 -0.9948714013550167 0.09735971694512296 -1.133532643318176 0.13592258870486076 -0.09278079074527132 -0.9863654367162565 -0.3288787603378296
0.9915904739254664 0.0332286235671808 0.12507673882900805 5.330957889556885 0.022360373305424088 -0.9959297916086023 0.08731474040554708 -1.138059616088867 0.12746899907785958 -0.08378370224737385 -0.9882974984850523 -0.3248005211353302
0.9927512573280738 0.026006405369285716 0.11733971174882636 5.37657642364502 0.0170105084388949 -0.9968839924799785 0.07702563300505108 -1.143058300018311 0.11897724016037504 -0.0744712858553343 -0.990100219122728 -0.3193168640136719
0.993804780104024 0.018869048333411253 0.1095263349947589 5.430735111236572 0.01159443955491024 -0.9977070704183126 0.06667961164191051 -1.148092865943909 0.1105333796361999 -0.06499662031444299 -0.9917448317656614 -0.3140133917331696
0.9947243044745104 0.011583546598310034 0.10192830586204396 5.492262363433838 0.005836366433529583 -0.9983853633033153 0.05650312529905576 -1.154775857925415 0.10241823526381996 -0.055610141070779585 -0.9931857919319691 -0.306959867477417
0.9954899464754399 0.0044356493639439165 0.09476334460668742 5.561100482940674 6.927958062741876e-06 -0.9989097152983435 0.0466838369736819 -1.161137223243713 0.09486709871356375 -0.04647263385372143 -0.9944046097461376 -0.2972888350486755
0.9961345207851681 -0.002225686246654232 0.08781265752062756 5.639540195465088 -0.005535693510296588 -0.9992824774169721 0.03746847241026102 -1.166815757751465 0.08766625689205415 -0.03780974276730649 -0.9954320924876826 -0.2883326411247253
0.9965961845954875 -0.0088503119835702 0.08196167901837155 5.722660064697266 -0.011267306300822535 -0.9995137597864517 0.02907390249476176 -1.174286603927612 0.08166451284640434 -0.02989842764001049 -0.996211318629845 -0.2752482295036316
0.9969401985680524 -0.014716099600840879 0.07677028651522898 5.815195083618164 -0.01641972750902158 -0.999631688404623 0.021607408124353755 -1.180440425872803 0.07642403435845098 -0.022801840931403753 -0.9968146482784637 -0.2627880275249481
0.9971710922711629 -0.020069216550207575 0.07243644998063248 5.91602087020874 -0.021233805659922424 -0.9996567966400963 0.015343220928395787 -1.187329769134521 0.07210366312422997 -0.016837917873709637 -0.9972550056458708 -0.248814269900322
0.9972853919142551 -0.024807847973749516 0.06932833297679819 6.024110317230225 -0.025591976080913226 -0.9996179032962299 0.010445006937423583 -1.193428158760071 0.06904272470510153 -0.012190901876407399 -0.9975392143052498 -0.2328549027442932
0.9973085541114819 -0.028832963340539218 0.0674114835993779 6.1404709815979 -0.029379100276172097 -0.9995429537547538 0.007124048440683723 -1.199398159980774 0.06717526600638585 -0.009085363186230093 -0.9976998245027138 -0.2156548947095871
0.9972397235315474 -0.03215587319409928 0.06692483567292529 6.265565395355225 -0.03259337123259787 -0.9994538067970261 0.0054552938167274755 -1.206388711929321 0.06671286204636334 -0.00762154171134493 -0.9977431062851426 -0.1973101943731308
0.9970781623434043 -0.03446830922406814 0.06816944944132787 6.397569179534912 -0.034943287390655484 -0.9993725409130295 0.005787152613265295 -1.21251916885376 0.06792720253502123 -0.008152308155926468 -0.9976569726251087 -0.1767447739839554
0.9968157407804333 -0.03568579477330133 0.07130850569009295 6.537334442138672 -0.03636547517646961 -0.9993044556095737 0.008255738249440538 -1.216899394989014 0.07096429487809888 -0.010822617532349645 -0.9974201420676257 -0.1557443588972092
0.9964440102455036 -0.035793303195636735 0.07627695518441051 6.685122489929199 -0.03689641345977753 -0.9992332068920059 0.013101637993897804 -1.221010327339172 0.07574951563980127 -0.01586939477936131 -0.9970005883597425 -0.1320502609014511
0.9959176036612722 -0.03464427464359571 0.08335406979870966 6.841326713562012 -0.036470349772771735 -0.9991247554668619 0.02048503357906016 -1.225767374038696 0.08257142547540727 -0.02344135763352126 -0.9963094210370875 -0.1085721775889397
0.9951963076450513 -0.032104442118433996 0.09248575050201327 7.006396293640137 -0.03508007962056359 -0.998911946313645 0.0307296522222498 -1.228314518928528 0.09139856269915542 -0.033826443918177754 -0.9952397070195597 -0.0841466635465622
0.9941923698377279 -0.027718768303937106 0.1039865454765911 7.180257320404053 -0.03241428899800067 -0.9985169604778655 0.043740067521655504 -1.229353070259094 0.10261990852264773 -0.046856691323198876 -0.9936164274271263 -0.05956251919269562
0.9928429240800192 -0.0218135166749025 0.11741847637621074 7.362138748168945 -0.028944382136680234 -0.9978162226796403 0.05937178201856594 -1.229380130767822 0.11586695321342853 -0.062345458917294316 -0.9913061549821169 -0.03456106036901474
0.9911066238126282 -0.01438632954075518 0.13229018768252873 7.552366733551025 -0.02479098780237305 -0.9966962815764463 0.07734293255022123 -1.2280033826828 0.13074045723691066 -0.07993469718482879 -0.9881889379199978 -0.009885367006063461
0.9889176848197209 -0.005447229071862726 0.14836488919634158 7.750085830688477 -0.02005801061624304 -0.9950664824529082 0.09716157526983304 -1.225122213363647 0.14710366705464126 -0.09906070459185823 -0.9841481026475855 0.01512154750525951
0.986262969670402 0.0048791022858220975 0.16511071745287884 7.956460952758789 -0.014918614354498143 -0.992847566494863 0.11845313271910693 -1.219081163406372 0.16450771897592423 -0.11928916156178265 -0.9791359999158571 0.03799719363451004
0.9831387988845934 0.01650032958643186 0.18211491221560752 8.170413970947266 -0.009494043454450237 -0.9899714106029109 0.1409484633749799 -1.212509036064148 0.18261425263829853 -0.1403009098773852 -0.973122648704126 0.05928418785333633
0.9795741867388631 0.029213704879658478 0.19894967233473795 8.393659591674805 -0.0039038181153901053 -0.9864409722538531 0.16407001085815653 -1.20235538482666 0.2010452010842769 -0.1614954107895264 -0.9661780681711344 0.07600891590118408
0.9755391734219756 0.042931204357237754 0.21559274758582522 8.620903968811035 0.00173710568463872 -0.9822191272895127 0.1877300414171063 -1.189822316169739 0.21981879715576794 -0.18276350204311897 -0.9582678115944028 0.08925946056842804
0.9712774268774742 0.057302165792457616 0.23094722737839174 8.862391471862793 0.007526469897366151 -0.9774834683414269 0.21087774033809023 -1.176345348358154 0.23783084806045857 -0.20308257166657276 -0.9498389109718208 0.0920892283320427
0.9666396525971175 0.07261670212605464 0.24563101717669975 9.106901168823242 0.01365907372851103 -0.9722205563256849 0.233667754648893 -1.157386660575867 0.25577570590617754 -0.22251742500332866 -0.9407788177026974 0.08500508219003677
0.9618924404691243 0.08766451174870984 0.2589939504085237 9.3592529296875 0.019299514482550288 -0.9666155229465971 0.25550334545640396 -1.138727784156799 0.2727461488437377 -0.2407682790122839 -0.931472046876541 0.07973035424947739
0.9573387814535506 0.1023175054447177 0.2702472675247639 9.623892784118652 0.02478534718501836 -0.9608434493087221 0.2759810726941891 -1.118925929069519 0.28790301160277787 -0.25750921148589495 -0.9223886718243905 0.07227981090545654
0.9526687550908075 0.11736318677639263 0.28044273116524293 9.878096580505371 0.030728958279522538 -0.954927796489357 0.29524334813004116 -1.09328556060791 0.3024532595241561 -0.2726513999261161 -0.9133363235531271 0.05605906248092651
0.9485513814530455 0.13143202081224448 0.2880553777465862 10.13999652862549 0.0368062973917696 -0.9493772966044736 0.31197443030525723 -1.069145917892456 0.3144766656142032 -0.2853215249454392 -0.9053706722591479 0.04052859917283058
0.9450486678434118 0.14455613728202793 0.29323461354603414 10.4020414352417 0.04311471070974228 -0.9442080869791276 0.32651525263551073 -1.043845534324646 0.3240742771770196 -0.2959300790006242 -0.8985550908068334 0.02714298851788044
0.9421102181399366 0.15667093499753137 0.2964499198908997 10.65809726715088 0.04975743461837469 -0.939659559578903 0.3384732039500034 -1.020489811897278 0.331590914496341 -0.304128476501267 -0.893058416456896 0.01002764888107777
0.9402208201358392 0.16810617730740313 0.2961842712471107 10.91992473602295 0.05785619330707563 -0.9358852724124999 0.34752182345486643 -0.9915174245834351 0.33561506265229574 -0.3096111594120487 -0.8896648018711445 -0.006703307386487722
0.9393689776414905 0.177431387409695 0.2934348762615854 11.17978382110596 0.06584641717424689 -0.9331346998962292 0.3534457259536311 -0.9651728868484497 0.33652663072942124 -0.312694314965023 -0.888241010198504 -0.006169888656586409
0.9396862137985731 0.1847777757526817 0.2878315361192969 11.44338703155518 0.07451849038067507 -0.9319036723743082 0.3549683647970106 -0.9441121220588684 0.33382153044446916 -0.3121101071788129 -0.8894663944233883 0.001985633047297597
0.9414393751625567 0.1906770224017883 0.27809023000012617 11.71154499053955 0.08461616728449624 -0.9319578539672004 0.3525544818364004 -0.9205890893936157 0.3263924127911329 -0.308377741668945 -0.8935161785415777 0.01445595733821392
0.9443037659265732 0.1941439024536632 0.26570386296957443 11.97385501861572 0.09477886020697962 -0.9336685020881885 0.34536950627735546 -0.9041269421577454 0.3151307114750285 -0.3009506161290602 -0.9000674204395922 0.04421518370509148
0.9482579822262105 0.19577354826372548 0.24995903053201862 12.2353572845459 0.10546273985586344 -0.9367882623482806 0.33362458247045246 -0.8904192447662354 0.2994735541685949 -0.2900008091828711 -0.908963762218775 0.08465847373008728
0.9530490983802152 0.19546328977016214 0.23128233488289615 12.49689292907715 0.116072042385996 -0.9412394110103587 0.3171681764257199 -0.8814694881439209 0.27968678383685214 -0.2754314315997698 -0.9197351952784557 0.1356592774391174
0.958210451101662 0.19443701326323828 0.2098260690972906 12.75607299804688 0.12698377896859317 -0.946374415420526 0.29707000137394124 -0.8728537559509277 0.25633542727919045 -0.2580110728451964 -0.9315162022267063 0.1938140094280243
0.9635892858278642 0.19230335474053484 0.18578242110943435 13.01512908935547 0.13738037480630966 -0.9521475535458938 0.273023202117783 -0.8675035238265991 0.22939555544043363 -0.23755937369867336 -0.9438978880748011 0.2611275613307953
0.9688297212494033 0.1893387892694633 0.1597491599407564 13.27196884155273 0.1468184117053895 -0.9582550689952944 0.24533971698265722 -0.8644418716430664 0.1995327672541789 -0.2142382916819432 -0.9561844116953029 0.3363388776779175
0.9736625143567327 0.186467512370458 0.13119136773011636 13.52818775177002 0.15560328260720396 -0.9640488452764752 0.21540065543762377 -0.8641161322593689 0.16664011095287995 -0.18931373629895004 -0.96767317967904 0.4176331162452698
0.9777892977790178 0.18384126159177958 0.10065028407887498 13.7838020324707 0.1635909626476367 -0.9696285223038866 0.181820036505334 -0.8652504086494446 0.13101941111466997 -0.1613162089534846 -0.9781671608881791 0.5044611096382141
0.9807857898918388 0.1817541068447278 0.07088497013695341 14.03031921386719 0.1698777786470507 -0.974324908414961 0.14775829304685958 -0.8724514245986938 0.09592066861831791 -0.13287745289270583 -0.9864800088418222 0.602045476436615
0.9830264956897071 0.17971161461940574 0.036914012825755974 14.27851867675781 0.17457336001675458 -0.9781359119813072 0.11302335893503095 -0.8938269019126892 0.05641853192413354 -0.10466075321428965 -0.9929063782613862 0.7258313894271851
0.9840044844182795 0.1780907432264228 0.004343019891358499 14.47451782226562 0.17727017506296197 -0.9812997641960634 0.07500705181446164 -0.948790967464447 0.017619866000149184 -0.07303738745198145 -0.9971735457563674 0.8979058861732483
0.9836518961564247 0.1777856393020212 -0.02865682546692596 14.57063388824463 0.1787572512986023 -0.983237168400273 0.0359237495868897 -1.013172507286072 -0.021789729141010204 -0.0404590797496041 -0.9989435772703963 1.139030575752258
0.9821404046125104 0.17792944673369637 -0.06116647458056802 14.62320327758789 0.17808445833535502 -0.9840107786759968 -0.002951804339986111 -1.058035135269165 -0.060713683193970164 -0.007993712185152794 -0.9981232134553946 1.401840567588806
0.9794010636562619 0.18000779333310177 -0.0914918075476136 14.66672611236572 0.17674255694223098 -0.9833310660197673 -0.04268586611455919 -1.089860200881958 -0.0976505252136643 0.02563608667045634 -0.9948905296492273 1.671884655952454
0.9756231196444112 0.18282503482210308 -0.12138589315733557 14.71284103393555 0.17380602585546504 -0.9814243271228515 -0.0812265689770769 -1.109607100486755 -0.13398131881585842 0.05814891893883513 -0.9892763564518301 1.938598871231079
0.9709776700886511 0.18654941801907524 -0.14967190392975954 14.75698184967041 0.16970197561224917 -0.978347313769904 -0.11848110867354615 -1.117905259132385 -0.16853368702581223 0.08964289305883315 -0.9816112000489442 2.206840038299561
0.9656249269533409 0.19096629067070656 -0.17635298770881636 14.80191135406494 0.1646335211807248 -0.9743213099552334 -0.15360269747225708 -1.114422678947449 -0.20115741137226478 0.11928898018924088 -0.9722683966145461 2.468199014663696
0.9596692451487099 0.1980915542528215 -0.19948602970986873 14.83577823638916 0.16091460740275448 -0.9688957280439776 -0.18800946067298824 -1.079889178276062 -0.2305242482692928 0.14832668105176494 -0.9616952566421679 2.726212978363037
0.9537712269872626 0.20284940745578497 -0.22174887703447055 14.9068717956543 0.15391399522407742 -0.9634363657567065 -0.2193190625816013 -1.061068892478943 -0.25812967408915716 0.17504995581932206 -0.9501192474222796 3.016661643981934
0.9481614286084563 0.20919438597773968 -0.23922293822827118 14.94128894805908 0.148698849186595 -0.9573329858585655 -0.24779468605623023 -1.010874390602112 -0.2808532669380099 0.19937718791907938 -0.938813175976843 3.292325735092163
0.9428516851669559 0.21564038886959658 -0.2540274049507274 14.98307514190674 0.14388893152526705 -0.9511014152692685 -0.2733168001739222 -0.9407050013542175 -0.3005439654399148 0.22114547375192617 -0.9277758372994458 3.563618659973145
0.938103089133282 0.22214663258733236 -0.26573194724891946 15.02448749542236 0.13990852432009954 -0.9448879202082441 -0.2959939578219646 -0.8507220149040222 -0.31684096796526473 0.24049468159326848 -0.9174824843800489 3.829578161239624
0.9339278540948877 0.22881352675759184 -0.2746327244129348 15.06723976135254 0.13705421537355703 -0.9387798383306538 -0.31608314917472263 -0.7435337901115417 -0.3301437647359962 0.25755928466398587 -0.9081124982563114 4.092174530029297
0.9304907096778015 0.23520342607239295 -0.2808316000152218 15.11122131347656 0.13507160161256873 -0.9329158261507995 -0.33380192293512395 -0.6287985444068909 -0.3405036000413456 0.272667214166242 -0.8998388126090715 4.354135513305664
0.9276609862986094 0.24129049196131278 -0.2849982333077857 15.16373443603516 0.13398615395881083 -0.9274572243923651 -0.34909999637601846 -0.5120072960853577 -0.34855818028962854 0.2856606297890522 -0.8926954685343178 4.613273620605469
0.9255590557522964 0.24694308681589788 -0.2869835294729536 15.22255325317383 0.13374952158615838 -0.9223979596180498 -0.3623438554300767 -0.3980030715465546 -0.3541913321785154 0.2969867269193936 -0.8867623042525625 4.875622749328613
0.9237955137450252 0.2532021857506318 -0.28721159780842326 15.29655170440674 0.13522089083409067 -0.9175347442414551 -0.3739589600367965 -0.2824029326438904 -0.35821384600068135 0.30662460149321025 -0.8818527055537847 5.145083904266357
0.9228116664237399 0.2580303626283602 -0.28607509551535026 15.38154220581055 0.13655655625654922 -0.9134357358652531 -0.38338944089222826 -0.1976216435432434 -0.3602373318460925 0.31473081896468347 -0.8781648913149668 5.405372619628906
0.9230697277543517 0.2618263772907026 -0.2817609374245006 15.45917320251465 0.1392092991316246 -0.910300897684608 -0.38983720539460903 -0.1398488879203796 -0.3585568974915816 0.32062318043058485 -0.8767198682770841 5.689576148986816
0.9231020044111478 0.2659478590198108 -0.277766854996957 15.56259727478027 0.14226013736011175 -0.907228055950541 -0.3958526339617867 -0.10299052298069 -0.3572740443558751 0.32589720891560425 -0.8752978158607592 5.943409442901611
0.9234467333121541 0.2696786902188411 -0.27298266387622827 15.67252731323242 0.14578584441990106 -0.9046214811708031 -0.4005077569425075 -0.08940265327692032 -0.35495438904440646 0.33005057164954676 -0.8746850872467871 6.17912483215332
0.9240690659746622 0.2728950713810604 -0.26762780372121353 15.78743839263916 0.15059340082965852 -0.9034843155666779 -0.40129505248827657 -0.09116043150424957 -0.3513089650653286 0.33052136321414505 -0.8759781044773838 6.400850296020508
0.9248755034869445 0.2758450202997232 -0.2617533721380053 15.90139484405518 0.15571697875245993 -0.9027046378956634 -0.4010942024635434 -0.1020497307181358 -0.34692582143446415 0.33020275816156547 -0.877843159638735 6.61052417755127
0.9257732501027988 0.27836929768904667 -0.25584062128248425 16.01733016967773 0.1604719019744265 -0.9020160700716527 -0.40076898334227534 -0.1201533228158951 -0.34233413220245895 0.32996597314965354 -0.8797327994866345 6.810204029083252
0.9267754177286017 0.28058386960293463 -0.24971987748799468 16.12799263000488 0.164970178819985 -0.9013311547171684 -0.4004834448966872 -0.1420872509479523 -0.3374495002131102 0.32996187909341756 -0.8816195285672063 7.001755237579346
0.9277243052243506 0.28249517052761264 -0.24397559739566388 16.23517036437988 0.1691372847738809 -0.9008200722579035 -0.39989470653733905 -0.1639916598796844 -0.33274643859148234 0.32972666869066025 -0.8834931417723876 7.175590038299561
0.9285975760076663 0.2842214550170532 -0.23858899040122336 16.33890724182129 0.17291525662476154 -0.9002859612378362 -0.39948154153159265 -0.1841555535793304 -0.32833954355069495 0.3297019146229726 -0.8851495871517236 7.343671798706055
0.928914818686726 0.28634567980601605 -0.23478375429453666 16.45075988769531 0.17635787461904473 -0.8996320449594721 -0.39944972617576235 -0.191975861787796 -0.3255996923893819 0.3296488060625562 -0.8861808534252311 7.499205112457275
0.9299206509802252 0.2868477268777927 -0.23014335633590888 16.52278518676758 0.17886953413343928 -0.8995705249015596 -0.39847027553786074 -0.2104469239711761 -0.3213304726281033 0.32938010309272714 -0.8878375273929481 7.635288715362549
0.9308120854431445 0.2862930393884371 -0.22721170126275309 16.60543441772461 0.1794865609178282 -0.8995724340267581 -0.39818841066643845 -0.242794081568718 -0.3183919534832413 0.32985713807177836 -0.8887186463781556 7.77216911315918
0.9311608927279493 0.2866065400782249 -0.22537986387092598 16.68426322937012 0.18154408144756556 -0.9005197873908326 -0.3951023399183168 -0.2529009878635406 -0.31619794171602056 0.32698746719401695 -0.890560530201397 7.916919231414795
0.93134729043379 0.2866317024791296 -0.22457624926860217 16.75509262084961 0.18299520460779278 -0.9016362897513246 -0.39187339293962964 -0.2587896585464478 -0.31480943393137006 0.3238738460224614 -0.8921887424589201 8.054645538330078
0.931389477012303 0.28647877429848656 -0.22459642469813662 16.81824493408203 0.18409630878687305 -0.9029548152002842 -0.38830548643776475 -0.2611430883407593 -0.3140417029660189 0.32031627118062167 -0.8937422979892724 8.185181617736816
0.9313443308195929 0.2861694132975965 -0.22517727314965413 16.87319374084473 0.18493722761138395 -0.9044180583258438 -0.3844817259864576 -0.2604956924915314 -0.31368130211031026 0.31644121518383106 -0.8952480092350724 8.309211730957031
0.9313850335695624 0.2853683583684288 -0.2260239352031846 16.91647148132324 0.1853708139903959 -0.9061412201354058 -0.38019172859500316 -0.2614105045795441 -0.3133042938792308 0.3122066450504001 -0.8968653356124376 8.423038482666016
0.9311278552497367 0.2850005321161131 -0.227542553979597 16.96183776855469 0.1860980712161725 -0.9078964642599733 -0.37562150906711883 -0.2526806592941284 -0.31363741018514646 0.30740641970813104 -0.8984057368775996 8.533234596252441
0.9310850194621257 0.2843032873049941 -0.22858767980971123 16.99111366271973 0.18684351789654546 -0.9098301237649463 -0.37053831881454025 -0.2446694374084473 -0.3133212191238512 0.30229255154144397 -0.9002494248425307 8.629150390625
0.93111793547325 0.2833949785776559 -0.2295793465384086 17.01795959472656 0.1875525411155411 -0.9119162061078527 -0.36501079074318277 -0.2394341081380844 -0.3127993519193031 0.2968099040713268 -0.902252983527366 8.719125747680664
0.9312895363465985 0.28245953756525116 -0.23003566925536215 17.03695106506348 0.18858639926570026 -0.9141082782381584 -0.3589445997204408 -0.232634112238884 -0.31166483520496147 0.2908997512802204 -0.9045675017386874 8.799710273742676
0.931198257859884 0.2823661957017895 -0.23051927486354692 17.0651969909668 0.19057790979539088 -0.9162231421253947 -0.35244178828834755 -0.2159883826971054 -0.3107247413012627 0.2842612976800874 -0.9069981531317998 8.879756927490234
0.931548201441815 0.2818363990520872 -0.22975245931191401 17.07820892333984 0.19276897896861545 -0.918532471729395 -0.3451640466880727 -0.2049773633480072 -0.30831488633849247 0.2772477998975667 -0.9099865868868846 8.943497657775879
0.9321204794986753 0.28150767170486096 -0.22782634279307507 17.08684349060059 0.1956930090287866 -0.9208701613739076 -0.33719785306026595 -0.1955060660839081 -0.3047222635719595 0.2697250019232583 -0.9134510197164813 8.9978609085083
0.9329173792446119 0.2814406426634017 -0.2246248609583919 17.09384727478027 0.19942712169983068 -0.9232203358213376 -0.3284707515996792 -0.1872009783983231 -0.299823258994172 0.26163978325772375 -0.9174151934554853 9.0431547164917
0.9339430653589241 0.28163033817359334 -0.220078856976776 17.0998363494873 0.20392704679267315 -0.9255520449985143 -0.3190096731848225 -0.1810072511434555 -0.2935372382754796 0.2530568406886006 -0.9218449572060959 9.078842163085938
0.9351729772749767 0.2822594007714348 -0.21396526178519368 17.10466384887695 0.20942656638607257 -0.9278345309228092 -0.30864801395601255 -0.1738364994525909 -0.28564316177075877 0.24382927203968258 -0.9267983978353668 9.106374740600586
0.9366764953402116 0.28334692608145995 -0.20579519566152757 17.10475158691406 0.2160232255802834 -0.9300326851452367 -0.2972762529557839 -0.1693063378334045 -0.2756285708831157 0.23399513679076517 -0.9323492730040619 9.123058319091797
0.938325865041823 0.2850620645080777 -0.19566346202576357 17.10566139221191 0.2237499967097313 -0.9320718888384373 -0.28491741436694124 -0.1654273271560669 -0.263591558980765 0.22356568031686036 -0.938369797371244 9.132330894470215
0.9400274801367269 0.28764563249168035 -0.1833257393173602 17.10773658752441 0.2328252081875571 -0.9338702842818788 -0.27143823343019235 -0.1588673889636993 -0.24928048262994082 0.21247654516144615 -0.9448348843771802 9.14035701751709
0.9418937120121236 0.2906560427445138 -0.16839032064855308 17.10802459716797 0.24280909052792118 -0.9355151312692767 -0.25662265044853777 -0.1567929238080978 -0.23212061698398723 0.20082456020698267 -0.9517297490299679 9.145763397216797
0.9437581834521725 0.2943880685940027 -0.1505196207693468 17.10372352600098 0.2539134749900822 -0.936890134997591 -0.24034313421160275 -0.1563866883516312 -0.21177449890276243 0.18860683978500975 -0.9589468293919093 9.149209022521973
0.9453021291690239 0.2991754106539386 -0.12999214687263871 17.10208702087402 0.2662143748903043 -0.9378646813772761 -0.22257525924249838 -0.1547340303659439 -0.18850408799353663 0.17579508834193303 -0.9662102751081555 9.153909683227539
0.9464692651771318 0.30465072691877465 -0.10669519512575254 17.09696578979492 0.2791617903910865 -0.9384784463634772 -0.20329018790103198 -0.1561299860477448 -0.16206364447556798 0.16262269306297938 -0.9732878478848077 9.155587196350098
0.946808934001791 0.31133016974005345 -0.0814025055144008 17.09546661376953 0.29288603436712013 -0.9385116690507084 -0.18279392202246844 -0.1527006328105927 -0.13330646408593494 0.14922926142443935 -0.9797754917161493 9.160686492919922
0.9463567487876018 0.31856173901600254 -0.05410473601506936 17.0920295715332 0.30657593634384167 -0.9381128483412481 -0.16110704215510693 -0.1520626991987228 -0.10207888752850332 0.13587752651623783 -0.9854527885742536 9.164435386657715
0.9447952873214068 0.32666767528910895 -0.025496960141753837 17.09252548217773 0.3202832558309692 -0.9371411123882022 -0.13851054655194042 -0.1485732197761536 -0.06914116783490709 0.12269786221859223 -0.9900326931558437 9.171443939208984
0.9421902845136582 0.3350497890829882 0.004371110101237984 17.09127235412598 0.33329738917746854 -0.93575971177931 -0.11518078042011144 -0.1486229449510574 -0.034500987457682236 0.10997909185907985 -0.9933349290235881 9.177624702453613
0.9383527044712765 0.34389336030713896 0.03509357132162344 17.09047317504883 0.34567660949877405 -0.9339003602278511 -0.0913115480742843 -0.147863432765007 0.00137246379683343 0.09781346483462583 -0.9952038195466153 9.183938980102539
0.9332781889083298 0.352954056353706 0.0664473943165006 17.08755874633789 0.3571167393040794 -0.9316425991006284 -0.06715431519900725 -0.148013100028038 0.038202835193344005 0.08640313445986972 -0.9955275193276677 9.190153121948242
0.9268582022458557 0.36260989608705335 0.09720049479975368 17.09648323059082 0.3679197728339853 -0.9288541057957033 -0.04318669823282617 -0.1412117034196854 0.07462515452157709 0.07578992945108788 -0.994327397242191 9.203755378723145
0.9194368367359813 0.3716186813617655 0.12859027535500042 17.09219169616699 0.3769932974373213 -0.9260122346068627 -0.01942665812074085 -0.1422378718852997 0.11185685915610018 0.06633925701534006 -0.9915075118416325 9.209978103637695
0.9109905541918021 0.3805102579728788 0.15908536623689426 17.09402847290039 0.3848716379508564 -0.9229628484875764 0.0036609578970717704 -0.1403848528862 0.14822291480853586 0.057892347414079094 -0.9872580430852661 9.218893051147461
0.9017420314866154 0.3887107799432774 0.18911699607989002 17.09044456481934 0.3911635129806911 -0.9199608402980171 0.025751862666052422 -0.141884982585907 0.1839902572502058 0.05075413159591491 -0.9816168312345444 9.225699424743652
0.8918545714828727 0.3963457597029181 0.21795747771209403 17.08956146240234 0.39614016566049703 -0.9170077248584243 0.04658113030455822 -0.1417628228664398 0.21833092423102882 0.04479811732085338 -0.9748460064076436 9.233953475952148
0.8816249981485663 0.40305064149626924 0.24553521749229004 17.08838081359863 0.3996821758801722 -0.9142946365554999 0.06572271943199981 -0.1426003873348236 0.2509811166666358 0.04019325758497423 -0.9671571646436149 9.241312026977539
0.8712918905815229 0.4087874761020701 0.27155706727863865 17.08882331848145 0.401953691478531 -0.9118871753228109 0.08303619324467529 -0.141607940196991 0.28157356288127894 0.03680460384088678 -0.9588335360334753 9.2506742477417
0.8612406115069086 0.4130234990203046 0.29610166893861034 17.0856819152832 0.4027087111909143 -0.9100567593877359 0.09809377464266157 -0.1435778141021729 0.30998435931859325 0.03476037902147981 -0.950106000943118 9.258102416992188
0.8517116805589429 0.41611697702943 0.31848685157687434 17.08819961547852 0.4026374718930273 -0.908669598872148 0.11046549829300151 -0.1413581222295761 0.33536588888414526 0.03414998555516918 -0.9414687987711163 9.269190788269043
0.8432167757649957 0.41726892072397453 0.3389278933141008 17.08834266662598 0.4011794673848416 -0.9081147544991858 0.11992759319563767 -0.1422770917415619 0.3578274780076285 0.034845953261935736 -0.9331373186857158 9.277687072753906
0.8359026262213706 0.41664472287775756 0.35731495123256846 17.08872032165527 0.3987776674213137 -0.9083174491008618 0.1262370136882211 -0.1421384513378143 0.3771513906142098 0.036967371518956994 -0.925413551878698 9.287845611572266
0.8302036546809028 0.4140890738222772 0.37321860979254695 17.09052658081055 0.39557322272171014 -0.9093324941907293 0.12898155090720545 -0.1402776092290878 0.39278966027637874 0.04055433330578132 -0.9187337094229704 9.298016548156738
0.8265133354872 0.40914909962666035 0.3866170204951104 17.09352111816406 0.391255096152625 -0.9113345666260647 0.1280185822725873 -0.1404965817928314 0.4047161424954824 0.04545681408959712 -0.9133118427220795 9.309395790100098
0.8244215957116284 0.402489407131098 0.397908670013044 17.09443092346191 0.3864315633713103 -0.9139655892846542 0.12384485630804362 -0.1370508074760437 0.41352107486160516 0.05166409537398472 -0.9090275803816356 9.323037147521973
0.8240785066285025 0.3940143823803096 0.40699788868051917 17.09658622741699 0.3810452238827763 -0.9171986899512902 0.11640919425784933 -0.1341396123170853 0.4191648270896093 0.05915428665024998 -0.9059810252438171 9.335012435913086
0.8252919356394174 0.3839926674245827 0.4140565810764236 17.100830078125 0.3750970066059054 -0.9208632860774703 0.10636279419934344 -0.1308749467134476 0.4221320369313759 0.06753102782244874 -0.9040155439357284 9.349600791931152
0.8276977520906287 0.3727945832366632 0.41945277433046396 17.1046028137207 0.3689050098028867 -0.9247119881370954 0.09389799112799321 -0.1266175657510757 0.42287767135006377 0.07701907364376206 -0.9029078232957141 9.363707542419434
0.8311528758578712 0.3605187291896725 0.4233333708280671 17.10772514343262 0.36232587052830684 -0.9286558704891812 0.07948734334399135 -0.1233101636171341 0.421787696002497 0.08731849809430153 -0.9024802598347847 9.377992630004883
0.8353503863331335 0.34752487263868703 0.42592980049598406 17.10988235473633 0.35556998143531615 -0.9324913718769228 0.06348093947936995 -0.1201319172978401 0.41923706939531646 0.09841902393622301 -0.9025264402621498 9.393194198608398
0.8401479205590141 0.33408560103304913 0.42724499150107226 17.11365127563477 0.34877259673729016 -0.936071573227359 0.04612684208555003 -0.1165576353669167 0.4153422051098257 0.11025797466870156 -0.9029584883462052 9.409809112548828
0.8452235210095574 0.32044171862590454 0.4276848191089821 17.11472511291504 0.3420320996515547 -0.9392769365375176 0.027800706765203707 -0.1138953864574432 0.41062299295114385 0.12278412541030079 -0.9035003133408822 9.424434661865234
0.8505112419706861 0.30712899175640807 0.42696886268693335 17.12145614624023 0.33559096269847155 -0.94196396048864 0.009088613517419769 -0.1082089468836784 0.40498065760798285 0.13555692370088723 -0.9042206519429633 9.441020965576172
0.8554992083933125 0.2936042527375752 0.4265180502778588 17.11600685119629 0.32899085349625967 -0.944281610221343 -0.009861993388271623 -0.1095086112618446 0.39985762810557784 0.1487574649293198 -0.9044252837429877 9.455899238586426
0.8603388541760205 0.28098033086039287 0.4252847395153939 17.11762809753418 0.32312237291111723 -0.94592163768865 -0.02870866553344538 -0.1074589714407921 0.39421946694624455 0.1621181946050675 -0.904604169158319 9.472015380859375
0.8645535392261398 0.26916323652636026 0.4243799358054174 17.11550140380859 0.31785363635927993 -0.9469783857854149 -0.04691484528837905 -0.1067928299307823 0.38925087496977856 0.1754511013299846 -0.9042680285055739 9.488704681396484
0.8682136378534379 0.25909092645356874 0.4231748703251767 17.12326049804688 0.31396331032615904 -0.9472633244814131 -0.06418125786754608 -0.09956896305084229 0.38422925293936 0.18858442650932739 -0.9037719818979834 9.508079528808594
0.8709377239804715 0.2499449579950427 0.42307800571593457 17.12151145935059 0.3107691595432479 -0.9470941530311722 -0.08021966573696372 -0.09717059135437012 0.3806442045066486 0.20134592935299983 -0.9025352105643732 9.52557373046875
0.8726928935450173 0.24258451345495394 0.4237450499862485 17.1225757598877 0.3090457587367233 -0.9463179019712276 -0.09472669853645714 -0.09329836815595627 0.3780182965980191 0.21362392712567824 -0.9008146231031859 9.543609619140625
0.8730974012567136 0.23694381340275852 0.4260968871148108 17.11940765380859 0.3088306364397636 -0.9450461728191997 -0.10729104918861518 -0.09093257039785385 0.3772592820792931 0.22526730905735529 -0.8982928662496847 9.563926696777344
0.8723914021724295 0.2339575272291596 0.4291819158217642 17.12880897521973 0.3107620552093887 -0.9431941896498317 -0.11752304307170695 -0.08235810697078705 0.3773064887563686 0.2358995465523715 -0.8955396236229451 9.585476875305176
0.8696717175958746 0.2326857916878017 0.4353486257707288 17.12014198303223 0.3144024407080712 -0.9410090394051858 -0.1251123216735146 -0.08155310153961182 0.3805551325243806 0.24568131818343486 -0.8915259283974868 9.605475425720215
0.8655900820499338 0.23471587191370133 0.4423372800574011 17.13367652893066 0.32076090508669247 -0.9382186667673116 -0.1298390353373524 -0.07147267460823059 0.3845338107692932 0.2542718875557408 -0.887400448261148 9.628528594970703
0.8589530148344687 0.23849298396425186 0.4531233992044598 17.12378883361816 0.3288447747899892 -0.9352368352234522 -0.1311227521620205 -0.07214845716953278 0.39250583740894657 0.2616355454464253 -0.8817516708001484 9.649764060974121
0.850440748459872 0.24539956589921463 0.46532739701793785 17.12812805175781 0.33961871337001626 -0.9316216165080787 -0.12938428491810328 -0.06513196229934692 0.40175821446226495 0.2680675599757479 -0.8756312696567782 9.674487113952637
0.839801654774503 0.25414834493190797 0.4797309656530196 17.12378883361816 0.35190869321150486 -0.9277088767196816 -0.12456529090271369 -0.06224715709686279 0.41339261275472455 0.27343163464361375 -0.8685284617650383 9.697611808776855
0.827425543130682 0.26518256432557585 0.4950203815527273 17.12902450561523 0.3658996929033028 -0.9232699145158313 -0.1170046139397844 -0.0542009025812149 0.4260098417973047 0.2779404118289406 -0.8609673293245187 9.723051071166992
0.8132007692299856 0.278077849970221 0.5112506413489372 17.13449287414551 0.38113067876995166 -0.9183398667809626 -0.10673000881233093 -0.04446049779653549 0.43982259449022887 0.2816462292250041 -0.8527786857908801 9.748734474182129
0.7969258688493466 0.29157117155435325 0.5290514261176655 17.12640190124512 0.3966561797592382 -0.9131151271176685 -0.09425836667209311 -0.04221753031015396 0.455601837811834 0.28496844833648816 -0.843338573074405 9.776419639587402
0.7794171944729914 0.3069916240990047 0.5461364112498878 17.13410949707031 0.4131272600070335 -0.9071832411042046 -0.0796519560258971 -0.03068908676505089 0.4709933162996393 0.2877059432697313 -0.8339008251634855 9.808830261230469
0.7600745127382825 0.3229378494861266 0.5639130078788201 17.13033485412598 0.42943441469698307 -0.9009054701196818 -0.06289210906222316 -0.02188980765640736 0.487722071019471 0.28996634162900853 -0.8234359126020477 9.844450950622559
0.7397249906478981 0.33984494105937424 0.5807859797268848 17.13593101501465 0.4458605721031801 -0.8939823566398687 -0.04476489987089681 -0.008194731548428535 0.5039992941014819 0.29206328432888806 -0.812824550251917 9.884323120117188
0.7182890118571377 0.3569143927158396 0.5972210744084471 17.13559341430664 0.46159342865906805 -0.8867326476889306 -0.025233274487163476 0.004514775704592466 0.520569305726012 0.2937981072009521 -0.801679655561419 9.925202369689941
0.6959814433296732 0.374353664070356 0.6127553873592985 17.13682746887207 0.4768254749677092 -0.8789860270969037 -0.0045859121469696285 0.021542614325881 0.5368866705018512 0.29536908837165116 -0.790259327481768 9.973384857177734
0.673617105382272 0.3915571495283097 0.6268356993580331 17.14043045043945 0.491103328768796 -0.8709490108276184 0.01628929128603529 0.03815451264381409 0.5523201207711135 0.2968683533010184 -0.7789811711458273 10.02009963989258
0.6505037355794828 0.40759990664876256 0.6408644209948451 17.12161254882812 0.503714883929661 -0.8630503316877528 0.03762234284820043 0.04770273715257645 0.5684331145393151 0.2983394728720614 -0.7667316044233171 10.07181930541992
0.6285217742886462 0.42409725275173904 0.6519983891494519 17.12843894958496 0.5158000601807278 -0.8546945952387333 0.058714962209438476 0.06956565380096436 0.5821603534788418 0.2993971761358577 -0.755943551966193 10.12650108337402
0.6067107818161929 0.4392007669466861 0.6625743079394393 17.11565208435059 0.526138172262685 -0.8466786401420682 0.07946007812266295 0.08627521246671677 0.5958864412923535 0.3003963492464934 -0.744769348485364 10.18388843536377
0.5865372055782196 0.45358367901950075 0.6709962388863501 17.1119327545166 0.5352874396066727 -0.8388330350643693 0.09912868547514872 0.1073269546031952 0.6078169654359987 0.3010331965279457 -0.7348044305230754 10.24314117431641
0.5677675616568499 0.46682832174861 0.6780201427270517 17.10514831542969 0.5430889639201153 -0.8313921145804354 0.11765002797130208 0.1301785260438919 0.618622965301492 0.3014273873204768 -0.7255667832630851 10.30769348144531
0.5514218744451679 0.47857303736239176 0.6833021032406618 17.09921264648438 0.5494034677272761 -0.8247029995631195 0.13424154409435596 0.1534470617771149 0.6277656776478157 0.3013848211528375 -0.7176889601673212 10.37189483642578
0.5376652881883649 0.48924626703209906 0.6866979889824043 17.09822463989258 0.5547023217492298 -0.8186144128200566 0.1489153362460945 0.1824713051319122 0.6349971433977764 0.3008463616506431 -0.7115265944138941 10.43971157073975
0.5269395946696537 0.4979920409986703 0.6887224336925286 17.09408760070801 0.5585377409375007 -0.8136996481957616 0.1610232109806758 0.2112144529819489 0.6406014794845654 0.2998279667210392 -0.7069179123873669 10.50927925109863
0.521978461637338 0.4979856638029535 0.692494595093312 17.09257507324219 0.5571130368008846 -0.8138188335203862 0.16529963833600606 0.2435582727193832 0.6458819937211554 0.2995149159127972 -0.7022302082170317 10.58518695831299
0.5196955493093232 0.49817144119423207 0.6940761854483575 17.09268188476562 0.5556786773441437 -0.8141827160987707 0.16830838467257553 0.2789952754974365 0.648951264405228 0.2982142182802328 -0.699950381414544 10.66148567199707
0.5194106063266385 0.498332646489841 0.6941737502079903 17.09270668029785 0.5540415785118427 -0.8148602673097088 0.1704132449079472 0.3161168098449707 0.6505770909857647 0.29608667346299367 -0.699344071600038 10.74441528320312
0.5212558490049807 0.49833966935021295 0.6927841755049094 17.09053993225098 0.552226200151698 -0.8158866709472955 0.17139184355317602 0.3532248437404633 0.6506447292832805 0.29323457184046353 -0.7004819213466015 10.82496738433838
0.5243980149055599 0.4985851017629382 0.6902315685790881 17.08866882324219 0.5503470716988184 -0.8170177916862645 0.17204658886660615 0.3944975137710571 0.6497113379306563 0.289646032888662 -0.7028373588506919 10.91359233856201
0.5288171864187022 0.4987736740374512 0.6867147919153845 17.08894157409668 0.5483384513925375 -0.8183506768448302 0.17212528121122142 0.4357953369617462 0.6478250736677621 0.2855293186255845 -0.706254686449986 11.00365543365479
0.5342601177831806 0.4989312047017153 0.6823736363028667 17.08973121643066 0.5461654210406937 -0.8198620105222786 0.1718418358893108 0.4765342473983765 0.6451894755850747 0.28088064489612324 -0.7105185457938407 11.09503269195557
0.5399517557756921 0.4990599224782962 0.6777841066377291 17.08580017089844 0.5438479885618009 -0.8214532036860349 0.17159253914792771 0.515564501285553 0.6424028850900584 0.27595983028315335 -0.7149578346294714 11.19044399261475
0.5458118256308543 0.49921619353849955 0.672958128794389 17.08310317993164 0.5414603787191861 -0.8230666847362623 0.17141146622829553 0.5553383827209473 0.6394607957324591 0.27082175796303715 -0.7195453190279405 11.28960132598877
0.551259100756693 0.4995729033973225 0.6682367230436318 17.08071327209473 0.5390298997098336 -0.8245824600823709 0.17178630254857796 0.5913947224617004 0.6368360629327839 0.2655008111393905 -0.7238433174607587 11.39881038665771
0.5565757145441066 0.49932321344292674 0.6640028633196897 17.0685920715332 0.5362180713703647 -0.8263771585464339 0.17196212306368078 0.6194788813591003 0.6345814793354465 0.2603403932349942 -0.727687588003729 11.50201416015625
0.5609237188160517 0.49972854446516335 0.6600272445257852 17.06135749816895 0.533669500912501 -0.8277688053794606 0.17319257673602392 0.6481069326400757 0.6328992380034705 0.25508858596062395 -0.7310050395498217 11.61205196380615
0.563905400275875 0.49961700895898087 0.6575663798420558 17.04211616516113 0.5306149354387903 -0.8293322817641522 0.17508785427080076 0.6602653861045837 0.6328178962616288 0.2501815556405915 -0.73276919926281 11.71772766113281
0.5654802106574122 0.4997609169195435 0.6561030081279812 17.02380561828613 0.5275822791642008 -0.8306458777651002 0.17800102377164362 0.6677362322807312 0.6339472139435237 0.24549226397502433 -0.7333788095259235 11.81734657287598
0.5649958293237324 0.499356634751156 0.6568277279293168 16.99486541748047 0.523877222094933 -0.8321243976312463 0.18199352471154517 0.6646570563316345 0.6374420514971414 0.24127150307658823 -0.7317483807882869 11.91088485717773
0.5634479788695301 0.4981990409851018 0.6590326931718687 16.98415946960449 0.5196605192272516 -0.8338642027768588 0.18607373829688267 0.6629899740219116 0.6422455292676664 0.2376303997573509 -0.72873347202311 11.99924278259277
0.5586573831305942 0.4964986690442593 0.6643726363351791 16.95050621032715 0.5144847725972287 -0.8357405844913702 0.191945550090648 0.6497083902359009 0.6505438855598099 0.23457780600752204 -0.7223336527460443 12.08062839508057
0.5512281526824717 0.49658423179454175 0.6704861105371942 16.93485069274902 0.5102689199904298 -0.8364395256406852 0.1999863726302018 0.6373564600944519 0.6601311634683444 0.23189010474578337 -0.714460514191596 12.15364170074463
0.539880210204239 0.49716509618389054 0.6792320853480716 16.91164398193359 0.5055944700943298 -0.8366862592057989 0.21054770354064956 0.6208794713020325 0.6729811219045161 0.22974544781707912 -0.7030742768495155 12.2227840423584
0.5240519337723081 0.49887929204760123 0.6902818429276468 16.8829345703125 0.5009653815024584 -0.8360106869331349 0.22387455833498404 0.6015746593475342 0.6887693788530386 0.22848541156859886 -0.6880342720059279 12.28536224365234
0.5054026469275702 0.49849090189055456 0.7043259083769013 16.8628101348877 0.4944770746080708 -0.8362453589190894 0.23703612039798422 0.5816972255706787 0.7071496214844848 0.22847433207829893 -0.6691329407641841 12.3387279510498
0.48260583732694773 0.49886658953932156 0.7198775809951036 16.85398292541504 0.4876988747010849 -0.8357802248863968 0.25223247868611126 0.5703281760215759 0.727489802947953 0.22935461959648892 -0.6466490895968993 12.39049339294434
0.45622298318786 0.49876343715236143 0.7369502177020723 16.84134674072266 0.4799308222210186 -0.8353003184045532 0.26821592785572695 0.554676353931427 0.749351049571178 0.2313188531728747 -0.620455149606609 12.43319892883301
0.4261055561327426 0.4984540346743466 0.7549686287188832 16.82610511779785 0.4713264882129908 -0.8346305560027484 0.28503188680453295 0.5372132062911987 0.7721951803408352 0.2343830418426381 -0.5905753069295875 12.47030735015869
0.3928490270001603 0.49827109595216623 0.7729136801245367 16.81682777404785 0.46217135817729826 -0.8336054294908102 0.3024890470810364 0.5226794481277466 0.7950265892821313 0.23838603747298018 -0.557767711034219 12.50429153442383
0.35709114368357764 0.4983417399246174 0.7900262181419418 16.81463241577148 0.45273552379128446 -0.832140118433018 0.32027077417665434 0.512779712677002 0.8170168055800232 0.24330707664017331 -0.522766875248066 12.53165054321289
0.3188988869841914 0.4977268115034897 0.806580139224128 16.80215263366699 0.4423751475738222 -0.8307937855768637 0.33776606498566925 0.4991379380226135 0.8382169937965246 0.24909778593442763 -0.485121185224149 12.55209732055664
0.27910158354605097 0.49763716396451385 0.8212548685416983 16.8004093170166 0.43194367601126726 -0.8288938853063786 0.35547093784945233 0.492188572883606 0.8576286881955151 0.25552334520166914 -0.446296821903303 12.57001876831055
0.23833848599081534 0.49753421942386916 0.8340590306434476 16.79692459106445 0.4213216291285263 -0.8267541596835761 0.3727809601822345 0.4811348915100098 0.8750330570464698 0.2625590599240205 -0.4066692625804464 12.59268760681152
0.19737604011103416 0.4973002158109876 0.844828499841496 16.78605842590332 0.4101375370471443 -0.8246260268923521 0.3895883936626397 0.4653103947639465 0.8904099614756057 0.2696004657378744 -0.3667229054462394 12.61954689025879
0.1570955872881082 0.49709930774349403 0.8533541203366531 16.77615356445312 0.39899840928437175 -0.8223691348955577 0.40559743016897 0.4473269879817963 0.9033942914603484 0.27676937007564717 -0.3275323952600477 12.6524772644043
0.1183840479115904 0.4969640473371574 0.8596580441398417 16.7639102935791 0.3879372797911165 -0.8200883268650385 0.4206659043563802 0.4267586469650269 0.9140513575004062 0.2836932706180635 -0.2898762564572872 12.69014835357666
0.08192188359715746 0.49696531881925204 0.863894829755783 16.75129890441895 0.37699735865322687 -0.8178530234608993 0.43472913818187553 0.40377277135849 0.9225843032245803 0.2900722391176811 -0.25435467272466383 12.73452281951904
0.048773700421889554 0.49691537769735544 0.8664272811696606 16.73397636413574 0.36634416142633214 -0.8159042330443705 0.44731670870772844 0.3739818632602692 0.9292002375892899 0.2955932846127799 -0.22183671597784455 12.78067207336426
0.019531191756352324 0.49679970740218377 0.8676454248560761 16.71236991882324 0.35585560067687133 -0.8144366615744317 0.45832272008967345 0.3405064940452576 0.9343368364864351 0.2998048949043338 -0.19269587690431172 12.831787109375
-0.00484848228027718 0.49695239465326174 0.8677642592708957 16.69228172302246 0.3427444981294741 -0.8143850723400449 0.4682981560412923 0.3051120936870575 0.939416149116861 0.29969196084995076 -0.16637916750710968 12.88725090026855
-0.023741875250803863 0.4966936203023242 0.8676011588918875 16.66459274291992 0.33244702314524854 -0.8145331416283474 0.47541007350593356 0.2593025267124176 0.9428230481704603 0.2997185492091291 -0.14578577124855854 12.94381237030029
-0.03661009892679969 0.4968334061768323 0.8670733920282047 16.6330451965332 0.3252821683950569 -0.814479672976949 0.4804314448821727 0.2142651975154877 0.9449080439814129 0.29963215584127334 -0.13179286629074846 13.00468635559082
-0.042603189301136525 0.49668683884768866 0.8668835864041154 16.60037422180176 0.32194940339283756 -0.8145624862442966 0.4825313851538633 0.1555894017219543 0.9457978377625776 0.29965002939929797 -0.12520507164101766 13.06277751922607
-0.04162828672959785 0.4968736554361025 0.8668238900016102 16.56762886047363 0.3226134440735432 -0.8144200214655346 0.4823283055545102 0.0970829650759697 0.9456149594031203 0.2997275415600699 -0.12639521107775958 13.12777805328369
-0.03322789215754792 0.4799498152666822 0.8766664599539806 16.5289363861084 0.32220133246728716 -0.8251761752209431 0.4639726082475564 0.02498357743024826 0.946087843986525 0.2978799333174582 -0.12722160503513394 13.18775939941406
-0.01771323762973962 0.46074165435822695 0.88735752047972 16.48917388916016 0.3233649888974854 -0.8371601188442321 0.44113265507332433 -0.04946968704462051 0.9461085165920461 0.2947542423035765 -0.1341589038269281 13.24973106384277
0.004073456638082729 0.438693001652702 0.8986277634549023 16.43918991088867 0.32587357014648366 -0.8501632467421041 0.41355636879258506 -0.1355650126934052 0.9454045817696264 0.2911544335741193 -0.1464215577677389 13.31179904937744
0.03207287901812306 0.41449952327417144 0.9094841810812179 16.39018058776855 0.3290007472091882 -0.8636195679561456 0.3819944373666144 -0.2277722954750061 0.9437848477101572 0.2869693137754019 -0.16406941879579584 13.36977386474609
0.06523231598053585 0.3881242385255759 0.9192955566197184 16.33659553527832 0.33212947329391035 -0.8771760733542372 0.3467739167012884 -0.3252213001251221 0.9409754289679012 0.2827042833134727 -0.18612772570170885 13.42640113830566
0.10304025253492208 0.36003766649919916 0.9272300604808662 16.28376579284668 0.33499977992738134 -0.8902935845702596 0.30846795736614835 -0.4279669523239136 0.9365670578266915 0.2788372499772032 -0.2123486148271402 13.47833442687988
0.14425170365767287 0.33013438877145007 0.9328465743852845 16.22415924072266 0.336857972234199 -0.9027852014616234 0.2674052852210658 -0.5374484658241272 0.9304397629799162 0.27566313749284116 -0.24143670411410195 13.53391361236572
0.1882288383047984 0.2988214110743598 0.9355616862152673 16.16105270385742 0.33726512282875243 -0.9143270746950829 0.22418349047786426 -0.6485394835472107 0.9224002067181752 0.2733345290355037 -0.2728847630103351 13.58611583709717
0.23412515767897904 0.26719543613282554 0.9347684255747957 16.10045433044434 0.3357672283487681 -0.9245519629139372 0.1801777906373922 -0.7590184211730957 0.9123846660859549 0.27168044975996136 -0.3061763451173942 13.63937759399414
0.28120900280286687 0.23466585221930464 0.9305124580277284 16.0305233001709 0.33269985511542094 -0.9333436232384932 0.13483503760603066 -0.8761875629425049 0.9001290480529975 0.27166453350084047 -0.3405379245972108 13.69227027893066
0.3293746188262788 0.20288837887222697 0.9221435171336634 15.96365165710449 0.3279570282116624 -0.9404179184801442 0.0897681805989602 -0.9873499274253845 0.8854132075588312 0.27285608719629545 -0.3762884632304176 13.73577690124512
0.3769126149316665 0.1715194239996245 0.9102296237193175 15.89235210418701 0.32111261479756475 -0.9459577466707657 0.04528388379366542 -1.101452946662903 0.86880582947126 0.2752181474837813 -0.411620458641637 13.78018951416016
0.4228319773585661 0.14075399038270098 0.8952102731282696 15.81370162963867 0.31225879280308505 -0.9499952176272752 0.0018795750758247576 -1.220879077911377 0.8507100359348094 0.27874253474604876 -0.44564002746964143 13.8247652053833
0.46748082946512604 0.11218905169767968 0.8768553419816597 15.74353790283203 0.3021496511512362 -0.9524531559660281 -0.0392246606045161 -1.333281636238098 0.8307630603197186 0.28327831256474356 -0.4791514742111178 13.86885929107666
0.5087716324381307 0.085645598517158 0.8566307591260527 15.66861343383789 0.2907508081481375 -0.9536682507833923 -0.07733585849364828 -1.442055821418762 0.8103180817354654 0.2884123764722701 -0.5101008797386778 13.92691040039062
0.5465167044518809 0.06006131195160219 0.8352916440152554 15.58420848846436 0.2783753602556871 -0.9537356586187548 -0.11355814493715094 -1.562686920166016 0.7898269750759164 0.29458603545603257 -0.5379520584185223 13.99534320831299
0.581036315849477 0.03919835337781068 0.8129331391673829 15.51006412506104 0.2662235199867773 -0.95304507754024 -0.14432642717869765 -1.657993674278259 0.7691045683585016 0.30028081735066964 -0.5641893243063866 14.07477378845215
0.6104747291641026 0.020015379004892447 0.791782791967157 15.42513561248779 0.25429940562578257 -0.9517060219481017 -0.17201005809572006 -1.764387130737305 0.750101604684585 0.3063576870114569 -0.5860823749769317 14.17026805877686
0.6364352665863969 0.005438420404264677 0.771310945746661 15.35744476318359 0.24400918031521485 -0.9500389976080884 -0.19464178108955987 -1.845232367515564 0.7317169339075044 0.312083845476381 -0.6059653472152312 14.27919673919678
0.6571961518706038 -0.006095160916049391 0.7536949429178078 15.27692604064941 0.2350884397789696 -0.9484247842468503 -0.2126590089993955 -1.935833930969238 0.716119154504863 0.31694365057486584 -0.6218682166757818 14.39406967163086
0.6728615938113014 -0.014461711432037089 0.7396270238952682 15.20172309875488 0.22802442072041124 -0.9470731342804721 -0.22595871720135902 -2.012677431106567 0.7037486334827487 0.3206919662645438 -0.6339515152159072 14.53494262695312
0.6846283136680594 -0.018990535437770142 0.7286449284032763 15.13027572631836 0.22344162108647497 -0.9460635743264808 -0.2346008424939074 -2.087176322937012 0.6937996209931776 0.32342398318057647 -0.6434586334904001 14.67721843719482
0.6919756084279264 -0.020506757590269056 0.7216295657980869 15.05277538299561 0.22118395860483742 -0.945502051456297 -0.2389634431201311 -2.163158655166626 0.6872026002546083 0.32496975795459565 -0.6497285915043579 14.82988262176514
0.6966500048288943 -0.01840136311522199 0.7171751254801043 14.9929666519165 0.2215359133239045 -0.9452964789266244 -0.2394502161967484 -2.213578224182129 0.6823493312663574 0.3256930407061653 -0.654464233824834 14.99181938171387
0.6983275961933377 -0.01253465262600513 0.7156685342240361 14.93619728088379 0.2244933121266306 -0.9455624624839456 -0.23561490265200158 -2.255786657333374 0.6796626525014082 0.32519918822906424 -0.657498415792698 15.15720272064209
0.6968815631744296 -0.004433860288458824 0.7171725230308992 14.87488555908203 0.22930125352967085 -0.9461153242390559 -0.22866291428595853 -2.301953315734863 0.6795417735778169 0.32379952767564135 -0.6583136363768767 15.328369140625
0.6923923414388706 0.004569143844340581 0.7215067348551416 14.81519317626953 0.235110154317828 -0.9468301074860446 -0.21962687197747882 -2.342189311981201 0.6821407925446512 0.3217015239045263 -0.6566521671814234 15.5143871307373
0.6862644301530738 0.01659335309802909 0.7271628377053112 14.76308250427246 0.24280410186587362 -0.9476180692219003 -0.20752388537530855 -2.372665882110596 0.6856291271699178 0.31897438065951605 -0.6543455084732339 15.69792079925537
0.6780820829211746 0.030608397007792595 0.7343485649566528 14.71246337890625 0.25190296976842796 -0.9482966676694692 -0.1930759537302027 -2.400471925735474 0.6904705516118181 0.3159059292251323 -0.6507333257466362 15.88339328765869
0.6672668151944737 0.04627850617471088 0.7433796454076887 14.65535736083984 0.26183786338292303 -0.948936910085238 -0.17595361313978902 -2.427730083465576 0.6972775133612797 0.31205294509765175 -0.6453115749904014 16.07777214050293
0.6547770733667948 0.06356198901423232 0.7531446459650163 14.61003684997559 0.27263623404175696 -0.9492348212072677 -0.1569163410710783 -2.435103416442871 0.7049372086084996 0.30807974253456083 -0.6388664994809912 16.28149795532227
0.6408525698034129 0.08112324037948998 0.763365576671292 14.56016254425049 0.2834796801923654 -0.9491245438922824 -0.1371199150353514 -2.450867414474487 0.7134053929529808 0.3042722794662689 -0.6312456932558073 16.48628234863281
0.6251335666691679 0.10025445769052743 0.774052367438188 14.51113891601562 0.29470330569215447 -0.9486266904548865 -0.1151406260653717 -2.457955121994019 0.7227433745373263 0.30009406170363895 -0.6225637065334043 16.70016670227051
0.6094493675998971 0.11864759335536613 0.7838968152270204 14.45777034759521 0.30516755736492335 -0.9476657631958019 -0.09382091024097401 -2.478454828262329 0.7317405484623712 0.29639897074298077 -0.613761696327239 16.90567207336426
0.5935144662886119 0.13762626658733657 0.7929688449437187 14.41876983642578 0.3155800250390864 -0.9461643489850645 -0.07198800251429735 -2.486152410507202 0.7403714109164896 0.2929710488340106 -0.6049943292648502 17.10769081115723
0.576639826082953 0.1580339505813474 0.8015683261199097 14.38519763946533 0.32628403751699964 -0.9440212881498962 -0.048605908914616316 -2.4725182056427 0.7490161799564993 0.28956705265527544 -0.5959242268778053 17.31055641174316
0.5597077180850567 0.17670396474388095 0.809631384742348 14.34750270843506 0.3357501903255895 -0.941575209288932 -0.026607046976953236 -2.472932100296021 0.75762726984471 0.28672606106926635 -0.5863353015906121 17.51124954223633
0.5408346668923661 0.19715033446988228 0.8176977489915436 14.31054496765137 0.34612697988968955 -0.9381836963142288 -0.0027323547745065346 -2.450915336608887 0.7666120119590263 0.28450500450534233 -0.575641316734257 17.7315559387207
0.5276203374809858 0.21428827548021212 0.8220080987850223 14.28249549865723 0.3540206130133632 -0.9350914657324214 0.01653348952986719 -2.447165966033936 0.7721956908958331 0.282284405708336 -0.5692357413724112 17.89599609375
0.5150166554776092 0.22822432623874267 0.826239372998848 14.2515811920166 0.3600420293907364 -0.9323483539718684 0.033110178467469886 -2.462568044662476 0.7778994675746074 0.28042860724045177 -0.5623452805779761 18.06771087646484
0.5043456179115777 0.24252077198440572 0.8287455416769834 14.22542572021484 0.36625244534626766 -0.9292226126961294 0.049035521125592105 -2.459453821182251 0.7819812299353918 0.27879923100730936 -0.5574731785641933 18.23055458068848
0.4944958203121663 0.25571979161962505 0.8307113047670731 14.2029390335083 0.3718577636482245 -0.9260996147505045 0.0637283859320799 -2.448291540145874 0.7856180288844821 0.2773930275493283 -0.5530437785190958 18.39831733703613
0.4874279356649902 0.2671750795970127 0.8312830350582744 14.18192577362061 0.3767452952982139 -0.923209252282378 0.07581331658009774 -2.439482450485229 0.7877036181229765 0.2762284441228716 -0.550654934285919 18.54675102233887
0.4804639080621875 0.278132032101784 0.831743353305899 14.16017627716064 0.38136973568119853 -0.9202782398601457 0.08743618213511177 -2.424705982208252 0.7897541122121886 0.27519181303019147 -0.5482316191949288 18.70586776733398
0.4760855599252286 0.287131486233901 0.8312027726396208 14.14009857177734 0.38517286462927797 -0.917792646088153 0.09642885014238631 -2.415755987167358 0.7905595511939364 0.2742483699124172 -0.5475430828861091 18.84938430786133
0.4727761752343549 0.2944357632928613 0.8305361337262365 14.11699104309082 0.3878554290158647 -0.9158459920278792 0.10389554884300659 -2.411131381988525 0.7912337545338257 0.2730086082536962 -0.5471886745042205 18.98971176147461
0.47114645783364056 0.3016074942213982 0.8288871664468589 14.10439300537109 0.3909939054685998 -0.9137664233602668 0.11024830804052027 -2.397830724716187 0.7906609773836224 0.2721467305864155 -0.5484445057377271 19.12430953979492
0.4698027239298178 0.3071133173913657 0.8276272173321714 14.08259105682373 0.3928911575655081 -0.9123015644862976 0.11550927989858015 -2.391584157943726 0.7905200433227219 0.2709008411148325 -0.5492638668147741 19.25978660583496
0.47079317228715634 0.3115756178517912 0.8253934960296637 14.06631278991699 0.39454385736907593 -0.9111512436991855 0.1189056588971182 -2.381966114044189 0.7891064145855907 0.26967396141582184 -0.5518940305839262 19.37663841247559
0.4728647852689816 0.31454655284266975 0.8230791948210777 14.04800701141357 0.3951952981036949 -0.9105995827219586 0.12095071849032887 -2.379681587219238 0.7875402029161761 0.2680836922332065 -0.5548977948679916 19.48733711242676
0.47365105912185707 0.3172872700245457 0.8215737717777475 14.03092670440674 0.3955352079910548 -0.9101165653855123 0.12344932827015194 -2.370030879974365 0.7868967997343846 0.26648944761706744 -0.5565759614612673 19.61604118347168
0.46886957119114614 0.32079135007812176 0.8229545764658497 14.00762462615967 0.39674499212033987 -0.908923785055131 0.12826131212678632 -2.357148170471191 0.7891481080497258 0.2663652805380412 -0.5534390670032505 19.80729484558105
0.47935020799102657 0.3196769205884712 0.8173310495399231 13.99856185913086 0.39461278352248685 -0.9103563349810624 0.12462782370114177 -2.355823993682861 0.7839031376258132 0.26278890730569326 -0.5625280979804346 19.83728790283203
0.48241461242938694 0.3203223705047333 0.8152727891134559 13.98381328582764 0.39343255923745074 -0.9108083459538991 0.12505590059086738 -2.34538722038269 0.7826154630765194 0.26042606608201013 -0.5654125052194852 19.94643592834473
0.4838030209373637 0.3204676081775797 0.8143925030603005 13.96457099914551 0.3918533203156217 -0.9113801473404748 0.1258459470593989 -2.335776329040527 0.7825507090850428 0.2582377570042682 -0.5665047648236516 20.07093048095703
0.48478461124576794 0.320574553911476 0.8137664505764215 13.95240497589111 0.39070474422341533 -0.9117914795136736 0.12643615277119674 -2.32505989074707 0.7825175292225759 0.25664811176146224 -0.5672724770237586 20.19948959350586
0.49691050573534284 0.31662495985508216 0.8079780839147889 13.94563293457031 0.38535349734446395 -0.9147394751251264 0.12146758716710661 -2.325920104980469 0.777549118303298 0.25099866024458384 -0.5765561908272151 20.21009254455566
0.49502081157520683 0.314872713479452 0.8098207026333119 13.91460227966309 0.38158592931930735 -0.9161196842795674 0.12295081382824051 -2.320572376251221 0.7806065427940919 0.2481529737512589 -0.5736493066024424 20.34764099121094
0.49721476076941007 0.31210189344536043 0.8095491892286958 13.88887310028076 0.37677637115457263 -0.9181600593504791 0.12256292895127849 -2.314563989639282 0.7815478538212549 0.24407890839100635 -0.5741153531007899 20.43706512451172
0.5131616150493256 0.30667657135467696 0.8016324827638335 13.91139602661133 0.37020578695096384 -0.921724715820707 0.11563400690650924 -2.317170858383179 0.7743467131382333 0.23743005038827078 -0.5865271852392163 20.41563987731934
0.5140695698472034 0.30282456774024624 0.8025146469255527 13.89288330078125 0.3636813897342407 -0.9242959962433043 0.11581346247120475 -2.315856218338013 0.7768322367912411 0.23232346524088107 -0.5852841048417311 20.50988578796387
0.5244241381086697 0.2997792133044732 0.7969389855186719 13.90127277374268 0.3574509378024229 -0.9270109935410157 0.1134876421389896 -2.298709154129028 0.772792436837439 0.225350928830236 -0.5933033022343653 20.51470184326172
0.5260480607447234 0.2945621733947455 0.7978136146943597 13.88601684570312 0.3492289891066827 -0.9301789476890562 0.11316465191748178 -2.299059867858887 0.7754434543886748 0.21908959646921672 -0.5921884816211097 20.59082221984863
0.5361458224846396 0.2909141157539177 0.7924119094810387 13.89933490753174 0.34164760919943815 -0.9331975929837937 0.11144130104033256 -2.277671337127686 0.7718967341300114 0.21097684637033104 -0.5997201031606765 20.58732414245605
0.5356545408060172 0.2828687284489021 0.7956503600072058 13.87508678436279 0.3312272578615436 -0.9370978205709737 0.11016432421911246 -2.289190053939819 0.7767642606115561 0.2045310664589429 -0.5956545360271757 20.6684398651123
0.5387181137385245 0.27695999610539224 0.7956607031186769 13.87080478668213 0.32159994650180324 -0.9405072782093554 0.10963363555618921 -2.277814149856567 0.778688813544951 0.19682281420742653 -0.5957386268049315 20.71626853942871
0.5427422192769749 0.2687831598160553 0.7957301655797658 13.86574840545654 0.31029045401236865 -0.9445539131750189 0.10741386900469399 -2.273714065551758 0.7804810808489228 0.1886094327043489 -0.5960501357535635 20.75064277648926
0.546875788103004 0.25925277300197214 0.7960621031537091 13.85782814025879 0.298427956943181 -0.9487527243033 0.10396644959690299 -2.273117303848267 0.7822196794388631 0.18071045298447563 -0.596218169197072 20.77846336364746
0.5626212760799574 0.2568479477915409 0.7858030487453169 13.89979839324951 0.28818625183764807 -0.9518247474139863 0.10477754750932733 -2.201853275299072 0.7748586864415528 0.1675075578162834 -0.6095369013607759 20.69848251342773
0.557006870793595 0.236889584461181 0.7960067026492532 13.85474395751953 0.27197828127003343 -0.9576350655379103 0.09467257136890714 -2.266759157180786 0.7847108769515854 0.16376326213779216 -0.5978381332500152 20.80997276306152
0.5678699779344684 0.22488857719645725 0.791800995204767 13.86707401275635 0.2582811685388246 -0.9620527479752988 0.08800765927688019 -2.252505779266357 0.7815462405634906 0.1545303787600653 -0.6044053572738622 20.77447509765625
0.5710459045487505 0.20966943370072139 0.7936909369960816 13.86287879943848 0.24213332275025234 -0.9668392205397959 0.08119960369313335 -2.25154709815979 0.7843966017978541 0.14581032267167704 -0.602877533907476 20.80645942687988
0.5817000743510555 0.1930932086305868 0.7901519070917443 13.87032890319824 0.22592928507400853 -0.9715459132977874 0.0710949822442807 -2.247477054595947 0.7813968144585203 0.1371624990116172 -0.6087737405793422 20.77360916137695
0.5858201394361513 0.17477160845540343 0.7913720042488993 13.8641471862793 0.20804740735748847 -0.9761785737339335 0.06157652535350642 -2.24463415145874 0.7832822227797819 0.12857012507069798 -0.6082258481982408 20.79618263244629
0.6031583135227707 0.15670539395803443 0.7820763826716828 13.90184497833252 0.18961420625114592 -0.9805723475374921 0.050242651527955574 -2.217988729476929 0.7747557690111866 0.11798851956554463 -0.6211539323184037 20.70807456970215
0.5983385909774978 0.13241774564678496 0.7902255824667319 13.86021995544434 0.16995573299377473 -0.9847816716782979 0.03633328981864279 -2.236916780471802 0.783010842434261 0.11256375866290225 -0.6117380328752401 20.80693817138672
0.6069030923890685 0.10960323121220876 0.7871821696128725 13.86458396911621 0.14943891647817498 -0.9885167137653964 0.022421348048019617 -2.220020532608032 0.7806001836346281 0.1040280650320119 -0.6163128385773581 20.79130363464355
0.6159355484568559 0.08138678914634684 0.7835812597935204 13.86839294433594 0.1267472391334665 -0.9919292303094548 0.0033969736143653617 -2.225110530853271 0.7775336246871877 0.09722444450929466 -0.621280025327278 20.78210830688477
0.6197895092447075 0.052373039241128405 0.7830185368117738 13.85402393341064 0.10380163496735481 -0.9944749408734429 -0.015646486917686477 -2.221428871154785 0.7778728590253731 0.09097613277892469 -0.6218015426615496 20.8231315612793
0.6281838591527614 0.018355763966692775 0.777848381774458 13.85128498077393 0.07805989416233684 -0.9961645459152552 -0.03953290256000183 -2.231657981872559 0.7741393233929593 0.0855526936493112 -0.6272073377967119 20.83365440368652
0.6351764801294868 -0.014591101034543336 0.772229200989522 13.84413051605225 0.052449958807190375 -0.996698680965191 -0.061973713648386504 -2.217414855957031 0.7705840907463894 0.07986763507734483 -0.6323142572769591 20.85970878601074
0.6399714812999526 -0.054202426245293714 0.7664845726509231 13.82942008972168 0.024374762305908987 -0.9955749781803578 -0.09075424939753846 -2.235973119735718 0.7680119622019406 0.07676301069072047 -0.6358184222751189 20.90837669372559
0.6442611521231422 -0.09106210292122002 0.7593650382237298 13.81622982025146 -0.002905493124270693 -0.9931706328249973 -0.11663469553995978 -2.223381519317627 0.764800056207285 0.07293687342873581 -0.6401258364726222 20.96295738220215
0.648689068051527 -0.13053635984137807 0.7497751341234272 13.80474281311035 -0.031634585301350895 -0.9889539403298676 -0.1448080001893544 -2.219987630844116 0.7603957824733464 0.0702165412519783 -0.6456530735087974 21.01456832885742
0.6509695262483032 -0.16981193424794458 0.7398665980317205 13.78707408905029 -0.06008768119556595 -0.9831265631208762 -0.17277624678952294 -2.212439060211182 0.7567219743502893 0.06801520324975768 -0.6501890384052121 21.0814266204834
0.6546664251967396 -0.2077650075246901 0.7268050449524874 13.7793493270874 -0.08821335450520465 -0.975915434297278 -0.1995180923808526 -2.194197177886963 0.7507531390590791 0.06650388521448064 -0.6572267169282746 21.13459014892578
0.6552541030689126 -0.24594752007250703 0.7142491706551285 13.76443195343018 -0.11593413277544244 -0.9670538326728914 -0.2266410412310133 -2.18126106262207 0.7464592000028946 0.06570161400495077 -0.6621797041953065 21.21089744567871
0.6489066291920348 -0.28728925704296115 0.7045460023152034 13.73474597930908 -0.14359923962082202 -0.9555775711468991 -0.2573922374534917 -2.197239875793457 0.7471943823202586 0.06585125897578802 -0.6613351394870463 21.33776473999023
0.6556901912180733 -0.31943149602402277 0.684130026009867 13.73879241943359 -0.17022566595824073 -0.9453097617509463 -0.27823133717725357 -2.159233808517456 0.7355906441693505 0.06597706939705547 -0.6742057775815158 21.35002136230469
0.6474661514972118 -0.35892583802836314 0.6722795738835345 13.71344470977783 -0.19680243737141473 -0.9309732569773024 -0.3075021876958668 -2.184330940246582 0.7362447849119611 0.0667909993091205 -0.6734111516014782 21.48235702514648
0.6467598033169347 -0.388414288011383 0.6563810613371249 13.70443439483643 -0.22031462172434446 -0.9190653015386786 -0.32677276349487433 -2.157365083694458 0.7301802683364561 0.06673314301176375 -0.6799878405941334 21.55629348754883
0.6367133393287321 -0.4220249115942796 0.6453612147585994 13.68912315368652 -0.24401071849183253 -0.9041987955383919 -0.3505471543288021 -2.170492649078369 0.7314744648871581 0.06572299552486838 -0.6786940364238394 21.70245742797852
0.6336172867446214 -0.44384132727730136 0.63366711303263 13.67692375183105 -0.2627996354694176 -0.893841048525769 -0.36329675413839824 -2.12571120262146 0.7276437902817049 0.06366361732636627 -0.6829944789626022 21.79639053344727
0.6347579223441495 -0.46611324420696904 0.6162960519070306 13.67936420440674 -0.2822666998274103 -0.8823277195681933 -0.3765943513253147 -2.111901521682739 0.7193107049042726 0.06508639532533952 -0.6916327572879066 21.85478782653809
0.6279697424168221 -0.4865747263189846 0.607370593885278 13.67489147186279 -0.30290584384405683 -0.8717183064284556 -0.3851691109144466 -2.054593563079834 0.7168696202058433 0.05789844510097536 -0.6947990484167487 21.97167015075684
0.6188226038536055 -0.504933063941946 0.6017484407109358 13.65456295013428 -0.3198909770762567 -0.8616300993028749 -0.3940346872554704 -2.028687238693237 0.7174457106604247 0.05134367452293606 -0.6947197127917426 22.10676574707031
0.599965674374567 -0.5238441210613192 0.6046722470907401 13.605299949646 -0.3302552712691815 -0.850581534055712 -0.40919739701316626 -2.033315658569336 0.7286786983102981 0.045808195259423784 -0.6833220059941608 22.31243896484375
0.5883663230067903 -0.5302057683159995 0.6104972671486006 13.55549907684326 -0.3321842414511599 -0.8468493656648611 -0.41533093022858264 -1.982555270195007 0.7372100783921682 0.04156916065381694 -0.674383648377947 22.46746444702148
0.5722859094840701 -0.5378587852340178 0.6190288886252221 13.50462436676025 -0.3392922970609187 -0.8425222168437326 -0.41837429567296325 -1.894330024719238 0.7465718819786319 0.029397980735239776 -0.6646549358633956 22.65628051757812
0.5811928259193129 -0.5221434682053144 0.6241643194788125 13.55607986450195 -0.32844792629143704 -0.8522714549613204 -0.4071306016169367 -1.947306513786316 0.7445380170379334 0.03161590847405543 -0.6668309947179885 22.73390769958496
0.5680299402778695 -0.5168564248435216 0.6404696894044969 13.56377696990967 -0.3145906393028072 -0.8554673171214973 -0.4113494852312305 -2.028079509735107 0.7605095111903405 0.03217305448539726 -0.6485292421734803 22.94922828674316
0.5639554832499497 -0.5046851203792703 0.6536414477219734 13.52963161468506 -0.3200498606823642 -0.8632339476356629 -0.39037832717320414 -1.933748602867126 0.7612636202981955 0.010958143871634907 -0.6483499205624798 23.07308197021484
0.5469715579373808 -0.49480359556325887 0.6752714392192412 13.49717712402344 -0.3133213113420928 -0.86900228681786 -0.3829683816768703 -1.955928444862366 0.776306557145066 -0.002104120481479649 -0.6303520460905745 23.28619575500488
0.5599249908990419 -0.4689052893454868 0.6830899166219139 13.53437232971191 -0.31484942146018324 -0.8830178879663341 -0.3480650102174343 -1.909422159194946 0.7663901397936274 -0.02018016737542261 -0.6420583419532871 23.32463264465332
0.5436282115911752 -0.4453152367510425 0.711451127962802 13.46914196014404 -0.29730312146985555 -0.8948534837358928 -0.3329385778338346 -1.90141761302948 0.7849071419769733 -0.030521837479073888 -0.6188612089236489 23.5489673614502
0.564588072262629 -0.4292455111262598 0.7049741838086869 13.64465236663818 -0.34880335309948557 -0.8981944685208346 -0.26754984131023307 -1.822002768516541 0.7480484807319134 -0.09484191002152624 -0.6568321570828767 23.32926559448242
0.5191460072281792 -0.38840478882928986 0.7613337922314458 13.40923976898193 -0.26603229717388943 -0.9199597346181613 -0.28792517003844253 -1.829878807067871 0.8122279483244976 -0.053064175257488105 -0.580921641243309 23.94081497192383
0.4959540198302449 -0.35258846847768177 0.7935433082767341 13.30508613586426 -0.19739534421775073 -0.9357061843588607 -0.2923850451608934 -1.869542479515076 0.8456149763901871 -0.011632216003185814 -0.5336665656151588 24.36722946166992
0.47513828890412074 -0.30254801974646534 0.8262616426803054 13.22421169281006 -0.13499477215064226 -0.9529758064055874 -0.27131812305413106 -1.819131374359131 0.8694941160866246 0.017372626546174275 -0.4936376950128777 24.72032737731934
0.4426018686363996 -0.24883139463383502 0.8615024799291923 13.13079452514648 -0.0691450011940234 -0.9673381599062986 -0.24387671721379084 -1.790136456489563 0.8940484073524465 0.04837170075237651 -0.44535112425689094 25.17297172546387
0.4459184726560506 -0.2017820581436664 0.8720325204689338 13.14311599731445 -0.05704590701579011 -0.9786840784443647 -0.1972897338744492 -1.728475332260132 0.8932538722204574 0.03822925072259718 -0.4479241499990237 25.30028915405273
0.39287227750253917 -0.16963545540598896 0.9038114769348585 13.10153579711914 0.001851319526937803 -0.9826906348030765 -0.1852449429440255 -1.797727108001709 0.9195911842693886 0.07445084646616723 -0.38575785834444654 25.75199699401855
0.37876572833187905 -0.1342956101499715 0.9156971181213077 13.0970287322998 0.018697292515832534 -0.9881036476913614 -0.15264859210488407 -1.801502227783203 0.925303698411391 0.07493911204086129 -0.37174883347863874 25.98567390441895
0.33921816979111713 -0.10724393203152192 0.9345746478082868 13.04536533355713 0.06230374481809105 -0.9887377268110487 -0.13607332935649918 -1.811044692993164 0.9386422516940132 0.10438604611220034 -0.3287161035176928 26.39466094970703
0.371140320227861 -0.06840228528736512 0.9260539887439753 13.08104133605957 0.038374655631561755 -0.9953013306241846 -0.08889683381812105 -1.746934294700623 0.9277835138146829 0.0685302022847846 -0.36677154042876164 26.36682510375977
0.3336206535738062 -0.06240112992572943 0.9406398665233039 13.08371639251709 0.0554487607588224 -0.9947803630051661 -0.08565900016706281 -1.829913258552551 0.9410752862759161 0.08073492653927557 -0.32841920954383974 26.73856544494629
0.37182042139018723 -0.027073604623156538 0.9279097985094953 13.07939434051514 0.0543053098915916 -0.9972284260131374 -0.05085665805908158 -1.860126972198486 0.9267149009025384 0.06929997318952685 -0.369319653093535 26.69020080566406
0.22560426619378887 -0.0007196143006931721 0.9742187625120039 13.08616352081299 0.38678676888410335 -0.9177425117244957 -0.09024786750837435 -2.323524951934814 0.8941469177329625 0.39717523126306864 -0.20676828862224156 27.71083450317383
0.21315174465148667 0.00422758254807612 0.9770099596717662 13.00354194641113 0.5036483720769415 -0.8573600686050781 -0.106169817112691 -1.488139271736145 0.8372004843860722 0.5146997574385427 -0.18487700948585006 28.55081939697266
0.18008628977184937 0.03519056571178836 0.9830211352362135 12.95914363861084 0.6199887279230106 -0.7799207246965837 -0.08566002823466123 -0.6944018006324768 0.7636641313330206 0.6248882198230657 -0.16227078369732245 29.54632759094238
0.157499696606753 0.009949279213531836 0.9874689146560067 13.08341884613037 0.6704593910073672 -0.735240187522144 -0.09952925028569515 -1.075035691261292 0.7250365856829646 0.6777336338824667 -0.12247069415029672 29.60930061340332
