0.000000 0 0 0 2.030577447723406e-13 7.857108518492806e-13 -3.067612895472915e-13 1
1.000000 0.1284375190734863 -0.05265304446220398 -0.05247015878558159 0.0001982433896046132 -0.0006984283099882305 0.001673942198976874 0.9999983906745911
2.000000 0.2569119036197662 -0.1048426330089569 -0.1036299988627434 0.0003155098820570856 -0.001754842582158744 0.00360954157076776 0.9999918937683105
3.000000 0.3809149563312531 -0.1542570739984512 -0.1538687944412231 0.0006699340301565826 -0.002634135307744145 0.005554588045924902 0.9999808669090271
4.000000 0.5089344382286072 -0.2047400027513504 -0.2004944235086441 0.0006589705008082092 -0.004041318781673908 0.007810057140886784 0.9999611377716064
5.000000 0.6350334882736206 -0.2525944113731384 -0.2454007267951965 0.0008000453235581517 -0.00544354971498251 0.01014678087085485 0.9999333620071411
6.000000 0.7607828378677368 -0.2988640666007996 -0.2863834202289581 0.0009271804592572153 -0.006861479021608829 0.01245680265128613 0.9998984336853027
7.000000 0.8880824446678162 -0.3446186482906342 -0.3248686194419861 0.0009322804398834705 -0.008442300371825695 0.01488323416560888 0.9998531937599182
8.000000 1.013303995132446 -0.3862887918949127 -0.3594311773777008 0.001140306470915675 -0.009866496548056602 0.01727040484547615 0.9998015761375427
9.000000 1.139422535896301 -0.4276697933673859 -0.3913565576076508 0.00124906946439296 -0.01125049032270908 0.01956685446202755 0.9997444748878479
10.000000 1.264508366584778 -0.4657514691352844 -0.419242799282074 0.001464157365262508 -0.01256493199616671 0.02182617224752903 0.9996817708015442
11.000000 1.391835570335388 -0.5038681030273438 -0.4437628090381622 0.00153112062253058 -0.01385062001645565 0.02398678846657276 0.9996151924133301
12.000000 1.517708659172058 -0.5398097038269043 -0.4657087624073029 0.001655615167692304 -0.01492406614124775 0.02593987435102463 0.9995508193969727
13.000000 1.641675114631653 -0.5732704401016235 -0.4846824109554291 0.001887191669084132 -0.01569209061563015 0.02765542827546597 0.9994925856590271
14.000000 1.766789317131042 -0.6055275797843933 -0.4993858933448792 0.002047056565061212 -0.01630910858511925 0.02917576022446156 0.9994391202926636
15.000000 1.890514254570007 -0.6365001797676086 -0.513643205165863 0.002299354178830981 -0.01661886647343636 0.03043673560023308 0.9993958473205566
16.000000 2.013320684432983 -0.6648651957511902 -0.5219705104827881 0.002561141503974795 -0.0165480375289917 0.03131037950515747 0.9993695020675659
17.000000 2.134500503540039 -0.6921175718307495 -0.5301319360733032 0.002931966912001371 -0.01606395468115807 0.03183652460575104 0.999359667301178
18.000000 2.254066944122314 -0.7188921570777893 -0.5368232727050781 0.003320688847452402 -0.01513675600290298 0.03190843015909195 0.9993706345558167
19.000000 2.37351131439209 -0.7433102130889893 -0.5397195816040039 0.003772360738366842 -0.01378226187080145 0.03160586208105087 0.9993982315063477
20.000000 2.491158962249756 -0.7669392824172974 -0.5421375036239624 0.00430022832006216 -0.01191236916929483 0.03079039789736271 0.9994456768035889
21.000000 2.608226299285889 -0.7898272275924683 -0.5441113114356995 0.004915352910757065 -0.009535562247037888 0.02950428240001202 0.9995071291923523
22.000000 2.724448919296265 -0.8111715912818909 -0.5430150628089905 0.005545561667531729 -0.006699420511722565 0.02773032709956169 0.9995776414871216
23.000000 2.838220596313477 -0.8311547040939331 -0.5418238639831543 0.006326006725430489 -0.003341026604175568 0.02549770660698414 0.9996493458747864
24.000000 2.951306104660034 -0.8520615100860596 -0.5396620035171509 0.007025488186627626 0.0003909899096470326 0.02285639755427837 0.9997140169143677
25.000000 3.053754568099976 -0.8677644729614258 -0.5358122587203979 0.007977018132805824 0.004565711598843336 0.01980270817875862 0.9997616410255432
26.000000 3.147837162017822 -0.8833877444267273 -0.5311341881752014 0.008797287940979004 0.008982429280877113 0.01644072309136391 0.9997857809066772
27.000000 3.232324123382568 -0.8965532183647156 -0.5267845392227173 0.009737465530633926 0.01367624290287495 0.01280576921999454 0.99977707862854
28.000000 3.306081056594849 -0.9076753258705139 -0.5228096842765808 0.01076178718358278 0.01867414265871048 0.008824184536933899 0.999728798866272
29.000000 3.371084690093994 -0.9163593649864197 -0.5191616415977478 0.01188847701996565 0.02381030097603798 0.004691731184720993 0.9996348023414612
30.000000 3.426764965057373 -0.9240566492080688 -0.5146182775497437 0.01293723471462727 0.02905424498021603 0.0003448201750870794 0.9994940757751465
31.000000 3.472526073455811 -0.9298310279846191 -0.5107837319374084 0.01405936758965254 0.03444710001349449 -0.004150759894400835 0.9992989897727966
32.000000 3.509291887283325 -0.9341367483139038 -0.5071237087249756 0.01521553192287683 0.03978317230939865 -0.008774843998253345 0.999053955078125
33.000000 3.536508560180664 -0.9370553493499756 -0.5043936967849731 0.01638026535511017 0.04512375220656395 -0.01345315203070641 0.998756468296051
34.000000 3.554059505462646 -0.9382213950157166 -0.5020426511764526 0.01759210973978043 0.05042246356606483 -0.01815975271165371 0.9984079003334045
35.000000 3.561967134475708 -0.9389083385467529 -0.5001115202903748 0.01873390562832355 0.05560202151536942 -0.02288717590272427 0.9980148673057556
36.000000 3.576797962188721 -0.9392181038856506 -0.4983076751232147 0.02000399865210056 0.06062008440494537 -0.02756958082318306 0.9975795745849609
37.000000 3.5986487865448 -0.9418451189994812 -0.4955872893333435 0.02115996927022934 0.06542456150054932 -0.03216787055134773 0.997114360332489
38.000000 3.627041101455688 -0.9445368051528931 -0.4926383495330811 0.02239008061587811 0.07000456750392914 -0.03665324300527573 0.9966216087341309
39.000000 3.662664890289307 -0.948208212852478 -0.4894881248474121 0.0236232616007328 0.07425027340650558 -0.04098324850201607 0.9961170554161072
40.000000 3.704722166061401 -0.9535485506057739 -0.4857136011123657 0.02478794939815998 0.07817459851503372 -0.04513273388147354 0.9956090450286865
41.000000 3.75352668762207 -0.9601714611053467 -0.482159286737442 0.02594433352351189 0.08174929022789001 -0.04905514791607857 0.9951068162918091
42.000000 3.809452772140503 -0.9664014577865601 -0.4771601259708405 0.02712355926632881 0.08486896753311157 -0.05272939056158066 0.9946262240409851
43.000000 3.872058629989624 -0.9736275672912598 -0.4716132879257202 0.0282389409840107 0.08764102309942245 -0.05615731328725815 0.9941669702529907
44.000000 3.941129922866821 -0.9821973443031311 -0.4653418064117432 0.02925943583250046 0.0900331437587738 -0.05934054404497147 0.9937387704849243
45.000000 4.017523765563965 -0.9913066625595093 -0.4586613774299622 0.03023641183972359 0.09204978495836258 -0.06221870705485344 0.9933486580848694
46.000000 4.100491523742676 -1.00136399269104 -0.4516920149326324 0.03113422729074955 0.0937022790312767 -0.06474409252405167 0.9930049777030945
47.000000 4.189815521240234 -1.01230776309967 -0.4434915781021118 0.03188923001289368 0.09498091042041779 -0.06701769679784775 0.9927086234092712
48.000000 4.287008285522461 -1.023876309394836 -0.4340577721595764 0.032484270632267 0.09583308547735214 -0.06890299916267395 0.9924783110618591
49.000000 4.391129016876221 -1.03434681892395 -0.4232566058635712 0.03305582702159882 0.09635496139526367 -0.07044694572687149 0.9923005104064941
50.000000 4.488051891326904 -1.047015309333801 -0.4135173559188843 0.03331479802727699 0.09657631069421768 -0.07163115590810776 0.9921854734420776
51.000000 4.581646919250488 -1.057115435600281 -0.4043948650360107 0.0335332565009594 0.09638424962759018 -0.07242679595947266 0.9921391010284424
52.000000 4.670141220092773 -1.066546678543091 -0.3956376314163208 0.0335146002471447 0.09575643390417099 -0.07287411391735077 0.9921677708625793
53.000000 4.752923965454102 -1.074733853340149 -0.3862756788730621 0.03330080956220627 0.09486710280179977 -0.07287507504224777 0.9922602772712708
54.000000 4.830813407897949 -1.083374977111816 -0.377572625875473 0.03281239047646523 0.09353437274694443 -0.07250805199146271 0.9924300312995911
55.000000 4.903535842895508 -1.091046094894409 -0.3699605166912079 0.03215194866061211 0.09190346300601959 -0.07166448980569839 0.99266517162323
56.000000 4.970768928527832 -1.097872376441956 -0.36338210105896 0.03127838671207428 0.08993425220251083 -0.07036077231168747 0.9929666519165039
57.000000 5.032921314239502 -1.104714632034302 -0.356919527053833 0.03010514751076698 0.08761287480592728 -0.06860069185495377 0.9933335781097412
58.000000 5.09027624130249 -1.111310243606567 -0.3508570194244385 0.02860337495803833 0.08490616083145142 -0.0663384422659874 0.9937665462493896
59.000000 5.141438484191895 -1.117063641548157 -0.344799131155014 0.02682319842278957 0.08196848630905151 -0.06357411295175552 0.9942434430122375
60.000000 5.187395572662354 -1.121333956718445 -0.3402453064918518 0.02482711710035801 0.07869575172662735 -0.06029776483774185 0.9947637319564819
61.000000 5.227877616882324 -1.125978469848633 -0.3354963660240173 0.0224421750754118 0.07515829056501389 -0.05651527270674706 0.9953158497810364
62.000000 5.263243675231934 -1.129514813423157 -0.3321431577205658 0.01986825466156006 0.07137241214513779 -0.05224986374378204 0.9958820939064026
63.000000 5.293221950531006 -1.133532643318176 -0.3288787603378296 0.01698646321892738 0.06739082187414169 -0.04770492389798164 0.9964408278465271
64.000000 5.330957889556885 -1.138059616088867 -0.3248005211353302 0.01393944956362247 0.06332815438508987 -0.04290449991822243 0.9969726800918579
65.000000 5.37657642364502 -1.143058300018311 -0.3193168640136719 0.01078157406300306 0.05922946333885193 -0.03797053545713425 0.9974637627601624
66.000000 5.430735111236572 -1.148092865943909 -0.3140133917331696 0.007631861604750156 0.05513043329119682 -0.03298817202448845 0.997904896736145
67.000000 5.492262363433838 -1.154775857925415 -0.306959867477417 0.004362457897514105 0.05117437615990639 -0.02807645499706268 0.9982854723930359
68.000000 5.561100482940674 -1.161137223243713 -0.2972888350486755 0.001112201949581504 0.04747409746050835 -0.02332177944481373 0.9985995888710022
69.000000 5.639540195465088 -1.166815757751465 -0.2883326411247253 -0.00194256822578609 0.04391999542713165 -0.01884111762046814 0.9988554716110229
70.000000 5.722660064697266 -1.174286603927612 -0.2752482295036316 -0.005034239031374454 0.0409458689391613 -0.01475725416094065 0.9990397095680237
71.000000 5.815195083618164 -1.180440425872803 -0.2627880275249481 -0.007790400180965662 0.03833028301596642 -0.01111150253564119 0.9991730451583862
72.000000 5.91602087020874 -1.187329769134521 -0.248814269900322 -0.01033340115100145 0.03616178408265114 -0.008051241748034954 0.9992600679397583
73.000000 6.024110317230225 -1.193428158760071 -0.2328549027442932 -0.01260871812701225 0.03461682051420212 -0.005662912502884865 0.9993050694465637
74.000000 6.1404709815979 -1.199398159980774 -0.2156548947095871 -0.01456293836236 0.03366962820291519 -0.004055115859955549 0.9993187189102173
75.000000 6.265565395355225 -1.206388711929321 -0.1973101943731308 -0.01619858108460903 0.03343268483877182 -0.003271484980359674 0.9993044137954712
76.000000 6.397569179534912 -1.21251916885376 -0.1767447739839554 -0.01736569404602051 0.03404925018548965 -0.003487434703856707 0.9992631673812866
77.000000 6.537334442138672 -1.216899394989014 -0.1557443588972092 -0.01802738010883331 0.03559695556759834 -0.004773444961756468 0.9991922378540039
78.000000 6.685122489929199 -1.221010327339172 -0.1320502609014511 -0.0181890856474638 0.03804145380854607 -0.00724939676001668 0.9990843534469604
79.000000 6.841326713562012 -1.225767374038696 -0.1085721775889397 -0.01779790595173836 0.04152628779411316 -0.01099348813295364 0.998918354511261
80.000000 7.006396293640137 -1.228314518928528 -0.08414666354656219 -0.01681854017078876 0.04603241384029388 -0.01616055704653263 0.9986676573753357
81.000000 7.180257320404053 -1.229353070259094 -0.05956251919269562 -0.01505902782082558 0.0517401322722435 -0.02268800511956215 0.9982893466949463
82.000000 7.362138748168945 -1.229380130767822 -0.03456106036901474 -0.01271817833185196 0.0584532804787159 -0.03049814142286777 0.9977431297302246
83.000000 7.552366733551025 -1.2280033826828 -0.009885367006063461 -0.009823855012655258 0.06595589220523834 -0.03943793848156929 0.9969944357872009
84.000000 7.750085830688477 -1.225122213363647 0.01512154750525951 -0.006401862949132919 0.07416316121816635 -0.04925215989351273 0.9960086345672607
85.000000 7.956460952758789 -1.219081163406372 0.03799719363451004 -0.002523081144317985 0.08283809572458267 -0.05974823236465454 0.9947671890258789
86.000000 8.170413970947266 -1.212509036064148 0.05928418785333633 0.001763463718816638 0.09180136770009995 -0.07078972458839417 0.9932563900947571
87.000000 8.393659591674805 -1.20235538482666 0.07600891590118408 0.006381794344633818 0.1008572280406952 -0.0820901170372963 0.991487979888916
88.000000 8.620903968811035 -1.189822316169739 0.08925946056842804 0.01128617394715548 0.1100137978792191 -0.0936112105846405 0.9894475936889648
89.000000 8.862391471862793 -1.176345348358154 0.09208922833204269 0.01641657575964928 0.1187088191509247 -0.1048272997140884 0.98724365234375
90.000000 9.106901168823242 -1.157386660575867 0.08500508219003677 0.02190096490085125 0.1272812783718109 -0.1158018633723259 0.9848400354385376
91.000000 9.3592529296875 -1.138727784156799 0.07973035424947739 0.02722169831395149 0.1353246420621872 -0.1262981295585632 0.9823415875434875
92.000000 9.623892784118652 -1.118925929069519 0.07227981090545654 0.03242854028940201 0.1424043476581573 -0.1361126899719238 0.9798687100410461
93.000000 9.878096580505371 -1.09328556060791 0.05605906248092651 0.03788064047694206 0.1490995585918427 -0.1452623754739761 0.9773603081703186
94.000000 10.13999652862549 -1.069145917892456 0.04052859917283058 0.04313349723815918 0.1544791609048843 -0.1531367152929306 0.9751024842262268
95.000000 10.4020414352417 -1.043845534324646 0.02714298851788044 0.04821394011378288 0.1585909277200699 -0.1599105149507523 0.973115086555481
96.000000 10.65809726715088 -1.020489811897278 0.01002764888107777 0.05312400311231613 0.1616252809762955 -0.1653724908828735 0.9714458584785461
97.000000 10.91992473602295 -0.9915174245834351 -0.006703307386487722 0.05822093784809113 0.1627879440784454 -0.1693153530359268 0.9702797532081604
98.000000 11.17978382110596 -0.9651728868484497 -0.006169888656586409 0.06272426247596741 0.1624228358268738 -0.1717507392168045 0.9696319699287415
99.000000 11.44338703155518 -0.9441121220588684 0.001985633047297597 0.06685153394937515 0.1602740436792374 -0.1719855815172195 0.9696722030639648
100.000000 11.71154499053955 -0.9205890893936157 0.01445595733821392 0.07092063874006271 0.1557259559631348 -0.1702684164047241 0.9704268574714661
101.000000 11.97385501861572 -0.9041269421577454 0.04421518370509148 0.07432219386100769 0.1494132876396179 -0.1662587225437164 0.9718590378761292
102.000000 12.2353572845459 -0.8904192447662354 0.08465847373008728 0.0773264467716217 0.1410376876592636 -0.1600827574729919 0.973910927772522
103.000000 12.49689292907715 -0.8814694881439209 0.1356592774391174 0.07976008951663971 0.1308196485042572 -0.1517188996076584 0.9764763116836548
104.000000 12.75607299804688 -0.8728537559509277 0.1938140094280243 0.08205384761095047 0.11900395154953 -0.1417037695646286 0.9792983531951904
105.000000 13.01512908935547 -0.8675035238265991 0.2611275613307953 0.08390627056360245 0.1056650131940842 -0.1299459934234619 0.9822976589202881
106.000000 13.27196884155273 -0.8644418716430664 0.3363388776779175 0.08529305458068848 0.09116048365831375 -0.1166085749864578 0.985300600528717
107.000000 13.52818775177002 -0.8641161322593689 0.4176331162452698 0.08654741197824478 0.07535441219806671 -0.1023968830704689 0.9881022572517395
108.000000 13.7838020324707 -0.8652504086494446 0.5044611096382141 0.08767745643854141 0.05846380442380905 -0.08659332990646362 0.9906545281410217
109.000000 14.03031921386719 -0.8724514245986938 0.602045476436615 0.0885569155216217 0.04200925305485725 -0.07067685574293137 0.9926719665527344
110.000000 14.27851867675781 -0.8938269019126892 0.7258313894271851 0.089084193110466 0.023468267172575 -0.05473620072007179 0.9942420721054077
111.000000 14.47451782226562 -0.948790967464447 0.8979058861732483 0.08925987035036087 0.005516657140105963 -0.03718593344092369 0.9952986836433411
112.000000 14.57063388824463 -1.013172507286072 1.139030575752258 0.08951887488365173 -0.01266585011035204 -0.01917779073119164 0.9957199692726135
113.000000 14.62320327758789 -1.058035135269165 1.401840567588806 0.08940362185239792 -0.03060702793300152 -0.001266143866814673 0.9955242872238159
114.000000 14.66672611236572 -1.089860200881958 1.671884655952454 0.08966381847858429 -0.04753807187080383 0.01717169210314751 0.9946887493133545
115.000000 14.71284103393555 -1.109607100486755 1.938598871231079 0.08976206183433533 -0.06427451223134995 0.03508003801107407 0.993267834186554
116.000000 14.75698184967041 -1.117905259132385 2.206840038299561 0.08984182775020599 -0.0802471861243248 0.05248608440160751 0.9913294315338135
117.000000 14.80191135406494 -1.114422678947449 2.468199014663696 0.08989182114601135 -0.09543058276176453 0.06898409128189087 0.9889659285545349
118.000000 14.83577823638916 -1.079889178276062 2.726212978363037 0.09100863337516785 -0.1090082898736 0.0852617472410202 0.9861871600151062
119.000000 14.9068717956543 -1.061068892478943 3.016661643981934 0.09070785343647003 -0.1220101416110992 0.1002691611647606 0.9832760691642761
120.000000 14.94128894805908 -1.010874390602112 3.292325735092163 0.09126713871955872 -0.1326257735490799 0.1140342801809311 0.9803453087806702
121.000000 14.98307514190674 -0.9407050013542175 3.563618659973145 0.0919547975063324 -0.1418396085500717 0.1264658421278 0.9774621725082397
122.000000 15.02448749542236 -0.8507220149040222 3.829578161239624 0.09285940229892731 -0.1494174897670746 0.1375978589057922 0.9747401475906372
123.000000 15.06723976135254 -0.7435337901115417 4.092174530029297 0.09408082813024521 -0.1555148661136627 0.1475089192390442 0.9722166061401367
124.000000 15.11122131347656 -0.6287985444068909 4.354135513305664 0.09543620049953461 -0.1601454764604568 0.1563138365745544 0.969954252243042
125.000000 15.16373443603516 -0.5120072960853577 4.613273620605469 0.09692427515983582 -0.1636312752962112 0.1639422923326492 0.9679635763168335
126.000000 15.22255325317383 -0.3980030715465546 4.875622749328613 0.09849529713392258 -0.1658889800310135 0.1705863475799561 0.9662711620330811
127.000000 15.29655170440674 -0.2824029326438904 5.145083904266357 0.1006509438157082 -0.1672472208738327 0.1763576418161392 0.9647775888442993
128.000000 15.38154220581055 -0.1976216435432434 5.405372619628906 0.1023688092827797 -0.1676746755838394 0.1811153292655945 0.963640570640564
129.000000 15.45917320251465 -0.1398488879203796 5.689576148986816 0.1041024103760719 -0.1662162095308304 0.1844240874052048 0.9630798101425171
130.000000 15.56259727478027 -0.10299052298069 5.943409442901611 0.1060280054807663 -0.1649456173181534 0.1874674111604691 0.9625003337860107
131.000000 15.67252731323242 -0.08940265327692032 6.17912483215332 0.107954703271389 -0.1631637662649155 0.1898289769887924 0.9621269702911377
132.000000 15.78743839263916 -0.09116043150424957 6.400850296020508 0.1100280955433846 -0.1608082354068756 0.1901359111070633 0.9622281193733215
133.000000 15.90139484405518 -0.1020497307181358 6.61052417755127 0.1120970770716667 -0.1581027954816818 0.1899524331092834 0.9624738097190857
134.000000 16.01733016967773 -0.1201533228158951 6.810204029083252 0.1139555647969246 -0.1553303152322769 0.1897527277469635 0.9627463817596436
135.000000 16.12799263000488 -0.1420872509479523 7.001755237579346 0.1156643331050873 -0.1524271965026855 0.1896211504936218 0.9630324244499207
136.000000 16.23517036437988 -0.1639916598796844 7.175590038299561 0.1172057613730431 -0.1496684849262238 0.1893482804298401 0.9633324146270752
137.000000 16.33890724182129 -0.1841555535793304 7.343671798706055 0.1186023354530334 -0.1470873951911926 0.1891838014125824 0.9635913968086243
138.000000 16.45075988769531 -0.191975861787796 7.499205112457275 0.1200354024767876 -0.1453756988048553 0.1891440749168396 0.9636814594268799
139.000000 16.52278518676758 -0.2104469239711761 7.635288715362549 0.1207749545574188 -0.1430142968893051 0.188754215836525 0.9640188217163086
140.000000 16.60543441772461 -0.242794081568718 7.77216911315918 0.1207622960209846 -0.1414582133293152 0.1887597739696503 0.9642488360404968
141.000000 16.68426322937012 -0.2529009878635406 7.916919231414795 0.1213258504867554 -0.1403552293777466 0.1871366947889328 0.9646555185317993
142.000000 16.75509262084961 -0.2587896585464478 8.054645538330078 0.1216605603694916 -0.1397321224212646 0.1854199767112732 0.9650353193283081
143.000000 16.81824493408203 -0.2611430883407593 8.185181617736816 0.121858537197113 -0.1394839137792587 0.1835023015737534 0.9654127359390259
144.000000 16.87319374084473 -0.2604956924915314 8.309211730957031 0.1219483762979507 -0.1394863128662109 0.1814375072717667 0.9657912254333496
145.000000 16.91647148132324 -0.2614105045795441 8.423038482666016 0.121798075735569 -0.139544665813446 0.179149717092514 0.966228723526001
146.000000 16.96183776855469 -0.2526806592941284 8.533234596252441 0.1218415126204491 -0.1399668455123901 0.1766533702611923 0.9666216969490051
147.000000 16.99111366271973 -0.2446694374084473 8.629150390625 0.1217931434512138 -0.1400853991508484 0.1739291995763779 0.9671044945716858
148.000000 17.01795959472656 -0.2394341081380844 8.719125747680664 0.1216746047139168 -0.1401296555995941 0.1709888428449631 0.9676371812820435
149.000000 17.03695106506348 -0.232634112238884 8.799710273742676 0.1216240972280502 -0.1398671120405197 0.1677898615598679 0.9682413339614868
150.000000 17.0651969909668 -0.2159883826971054 8.879756927490234 0.122041754424572 -0.1396663337945938 0.1642992496490479 0.9688162803649902
151.000000 17.07820892333984 -0.2049773633480072 8.943497657775879 0.1223784238100052 -0.1387422829866409 0.1604907661676407 0.9695446491241455
152.000000 17.08684349060059 -0.1955060660839081 8.997860908508301 0.1229434609413147 -0.1372030079364777 0.1563643962144852 0.9703661203384399
153.000000 17.09384727478027 -0.1872009783983231 9.043154716491699 0.1237714514136314 -0.1349886804819107 0.1518896520137787 0.9712818264961243
154.000000 17.0998363494873 -0.1810072511434555 9.078842163085938 0.124849759042263 -0.1320644021034241 0.1470935642719269 0.9722834229469299
155.000000 17.10466384887695 -0.1738364994525909 9.106374740600586 0.1262842863798141 -0.1283190846443176 0.1418978869915009 0.973371148109436
156.000000 17.10475158691406 -0.1693063378334045 9.123058319091797 0.1281016170978546 -0.1234978958964348 0.136285126209259 0.9745587110519409
157.000000 17.10566139221191 -0.1654273271560669 9.132330894470215 0.1303572505712509 -0.1176607757806778 0.1302729696035385 0.9758032560348511
158.000000 17.10773658752441 -0.1588673889636993 9.14035701751709 0.1331701278686523 -0.1106886714696884 0.1238167211413383 0.9770789742469788
159.000000 17.10802459716797 -0.1567929238080978 9.145763397216797 0.1363093107938766 -0.1023372784256935 0.1168854534626007 0.9784092903137207
160.000000 17.10372352600098 -0.1563866883516312 9.149209022521973 0.1399093568325043 -0.09244609624147415 0.1094545796513557 0.9797442555427551
161.000000 17.10208702087402 -0.1547340303659439 9.153909683227539 0.1440863162279129 -0.08116692304611206 0.1015223786234856 0.9809914827346802
162.000000 17.09696578979492 -0.1561299860477448 9.155587196350098 0.1486103385686874 -0.06841295957565308 0.09314366430044174 0.9821195602416992
163.000000 17.09546661376953 -0.1527006328105927 9.160686492919922 0.1536675840616226 -0.05460596457123756 0.08444195985794067 0.9829924702644348
164.000000 17.0920295715332 -0.1520626991987228 9.164435386657715 0.1588892638683319 -0.03969669714570045 0.07548362761735916 0.9836059212684631
165.000000 17.09252548217773 -0.1485732197761536 9.171443939208984 0.1643900126218796 -0.02404751628637314 0.06637296825647354 0.9838660359382629
166.000000 17.09127235412598 -0.1486229449510574 9.177624702453613 0.1698417812585831 -0.00765666738152504 0.05721809715032578 0.9837790131568909
167.000000 17.09047317504883 -0.147863432765007 9.183938980102539 0.1753216683864594 0.009271410293877125 0.04808462411165237 0.9832925200462341
168.000000 17.08755874633789 -0.148013100028038 9.190153121948242 0.1806977689266205 0.02663123607635498 0.03907707333564758 0.9824011921882629
169.000000 17.09648323059082 -0.1412117034196854 9.203755378723145 0.1861552447080612 0.04378500580787659 0.03031789697706699 0.9810759425163269
170.000000 17.09219169616699 -0.1422378718852997 9.209978103637695 0.1910879760980606 0.06137566268444061 0.02189229615032673 0.9794076085090637
171.000000 17.09402847290039 -0.1403848528862 9.218893051147461 0.1957706809043884 0.0786038339138031 0.01387139689177275 0.9773959517478943
172.000000 17.09044456481934 -0.141884982585907 9.225699424743652 0.1999462097883224 0.09565821290016174 0.006410147063434124 0.9751050472259521
173.000000 17.08956146240234 -0.1417628228664398 9.233953475952148 0.2037055045366287 0.1121462807059288 -0.0004583167319651693 0.9725878834724426
174.000000 17.08838081359863 -0.1426003873348236 9.241312026977539 0.2069042921066284 0.1279770284891129 -0.006580215878784657 0.9699326157569885
175.000000 17.08882331848145 -0.141607940196991 9.250674247741699 0.2095557600259781 0.1429700553417206 -0.01194967795163393 0.9672141075134277
176.000000 17.0856819152832 -0.1435778141021729 9.258102416992188 0.2114288508892059 0.1570908576250076 -0.01641532219946384 0.9645469784736633
177.000000 17.08819961547852 -0.1413581222295761 9.269190788269043 0.2127718925476074 0.1699184477329254 -0.01983231492340565 0.962009608745575
178.000000 17.08834266662598 -0.1422770917415619 9.277687072753906 0.2131934612989426 0.181494265794754 -0.02216248400509357 0.9597485661506653
179.000000 17.08872032165527 -0.1421384513378143 9.287845611572266 0.2128341495990753 0.191703736782074 -0.02330035157501698 0.9578144550323486
180.000000 17.09052658081055 -0.1402776092290878 9.298016548156738 0.2116586714982986 0.2002468109130859 -0.02311628870666027 0.9563302397727966
181.000000 17.09352111816406 -0.1404965817928314 9.309395790100098 0.2094420939683914 0.2070684731006622 -0.02160397171974182 0.9554004669189453
182.000000 17.09443092346191 -0.1370508074760437 9.323037147521973 0.2065432071685791 0.2124361097812653 -0.01889726147055626 0.9549102783203125
183.000000 17.09658622741699 -0.1341396123170853 9.335012435913086 0.2029185891151428 0.216297909617424 -0.01498992461711168 0.9548897743225098
184.000000 17.100830078125 -0.1308749467134476 9.349600791931152 0.198658213019371 0.2188354581594467 -0.01016250066459179 0.9552710652351379
185.000000 17.1046028137207 -0.1266175657510757 9.363707542419434 0.1939704120159149 0.2202875465154648 -0.004414200317114592 0.9559442400932312
186.000000 17.10772514343262 -0.1233101636171341 9.377992630004883 0.1888594180345535 0.220806896686554 0.002046065405011177 0.9568554162979126
187.000000 17.10988235473633 -0.1201319172978401 9.393194198608398 0.1834970563650131 0.2205756902694702 0.009118308313190937 0.9579102396965027
188.000000 17.11365127563477 -0.1165576353669167 9.409809112548828 0.1780021041631699 0.219639003276825 0.01671719923615456 0.9590591788291931
189.000000 17.11472511291504 -0.1138953864574432 9.424434661865234 0.1724817901849747 0.2182619571685791 0.02472989819943905 0.9602084755897522
190.000000 17.12145614624023 -0.1082089468836784 9.441020965576172 0.1671417504549026 0.2163516134023666 0.03288856148719788 0.9613397121429443
191.000000 17.11600685119629 -0.1095086112618446 9.455899238586426 0.1617439985275269 0.2146841585636139 0.04120775312185287 0.9623157978057861
192.000000 17.11762809753418 -0.1074589714407921 9.472015380859375 0.1567989885807037 0.2127079218626022 0.04953041672706604 0.9631803035736084
193.000000 17.11550140380859 -0.1067928299307823 9.488704681396484 0.1522630155086517 0.2110431343317032 0.05767825618386269 0.9638205170631409
194.000000 17.12326049804688 -0.09956896305084229 9.508079528808594 0.1485724002122879 0.2093309164047241 0.06553307175636292 0.9642677903175354
195.000000 17.12151145935059 -0.09717059135437012 9.52557373046875 0.1453472822904587 0.2083393931388855 0.0729869157075882 0.9644385576248169
196.000000 17.1225757598877 -0.09329836815595627 9.543609619140625 0.1430068463087082 0.2078523486852646 0.07993805408477783 0.964342474937439
197.000000 17.11940765380859 -0.09093257039785385 9.563926696777344 0.1415532529354095 0.2083602100610733 0.08625306189060211 0.9639030694961548
198.000000 17.12880897521973 -0.08235810697078705 9.585476875305176 0.1413807272911072 0.2093222290277481 0.0917300283908844 0.963214099407196
199.000000 17.12014198303223 -0.08155310153961182 9.605475425720215 0.1421664208173752 0.2120208591222763 0.09635448455810547 0.9620559215545654
200.000000 17.13367652893066 -0.07147267460823059 9.628528594970703 0.1445611566305161 0.2151907086372375 0.0999637097120285 0.9606260657310486
201.000000 17.12378883361816 -0.07214845716953278 9.649764060974121 0.1479542404413223 0.2205290049314499 0.1024262085556984 0.9586372971534729
202.000000 17.12812805175781 -0.06513196229934692 9.674487113952637 0.1529451757669449 0.2266878932714462 0.1039084494113922 0.9562548995018005
203.000000 17.12378883361816 -0.06224715709686279 9.697611808776855 0.1589165925979614 0.234189435839653 0.1043603345751762 0.9534200429916382
204.000000 17.12902450561523 -0.0542009025812149 9.723051071166992 0.1660360395908356 0.2423205673694611 0.103908970952034 0.9502187371253967
205.000000 17.13449287414551 -0.04446049779653549 9.748734474182129 0.1740962713956833 0.2511774301528931 0.1025697514414787 0.9466149210929871
206.000000 17.12640190124512 -0.04221753031015396 9.776419639587402 0.1825497150421143 0.2611755728721619 0.1005884855985641 0.9425205588340759
207.000000 17.13410949707031 -0.03068908676505089 9.808830261230469 0.1918986737728119 0.2710466980934143 0.09789424389600754 0.9381499886512756
208.000000 17.13033485412598 -0.02188980765640736 9.844450950622559 0.2015291005373001 0.2816891074180603 0.09451603889465332 0.9333294630050659
209.000000 17.13593101501465 -0.008194731548428535 9.884323120117188 0.211611196398735 0.2921612560749054 0.09071670472621918 0.9282418489456177
210.000000 17.13559341430664 0.004514775704592466 9.925202369689941 0.2217306941747665 0.3028052151203156 0.08642440289258957 0.9228625893592834
211.000000 17.13682746887207 0.021542614325881 9.973384857177734 0.2319977879524231 0.3133469820022583 0.0817558765411377 0.9172278046607971
212.000000 17.14043045043945 0.03815451264381409 10.02009963989258 0.2420821487903595 0.3234001994132996 0.07695278525352478 0.9115299582481384
213.000000 17.12161254882812 0.04770273715257645 10.07181930541992 0.2515837550163269 0.3338468968868256 0.07197534292936325 0.9055779576301575
214.000000 17.12843894958496 0.06956565380096436 10.12650108337402 0.2611164450645447 0.3428663313388824 0.06686484068632126 0.8998833298683167
215.000000 17.11565208435059 0.08627521246671677 10.18388843536377 0.2698980867862701 0.3518517017364502 0.06177133694291115 0.894169807434082
216.000000 17.1119327545166 0.1073269546031952 10.24314117431641 0.2781340479850769 0.3596843779087067 0.05678851157426834 0.8888440132141113
217.000000 17.10514831542969 0.1301785260438919 10.30769348144531 0.2856602668762207 0.3667621314525604 0.05198236554861069 0.8838448524475098
218.000000 17.09921264648438 0.1534470617771149 10.37189483642578 0.2922174334526062 0.3726902902126312 0.04751293361186981 0.8794620633125305
219.000000 17.09822463989258 0.1824713051319122 10.43971157073975 0.2980129718780518 0.3773004710674286 0.04337130859494209 0.8757577538490295
220.000000 17.09408760070801 0.2112144529819489 10.50927925109863 0.3026048243045807 0.3807368576526642 0.03975561261177063 0.8728627562522888
221.000000 17.09257507324219 0.2435582727193832 10.58518695831299 0.3026685118675232 0.3839303851127625 0.03850136324763298 0.8714969158172607
222.000000 17.09268188476562 0.2789952754974365 10.66148567199707 0.3025195002555847 0.385531097650528 0.03729092702269554 0.8708945512771606
223.000000 17.09270668029785 0.3161168098449707 10.74441528320312 0.3021064400672913 0.3860393762588501 0.03607723489403725 0.8708637952804565
224.000000 17.09053993225098 0.3532248437404633 10.82496738433838 0.3013882040977478 0.3854052722454071 0.03495445847511292 0.8714390993118286
225.000000 17.08866882324219 0.3944975137710571 10.91359233856201 0.3005917370319366 0.3839864730834961 0.03370038792490959 0.8723894357681274
226.000000 17.08894157409668 0.4357953369617462 11.00365543365479 0.2996192574501038 0.3818634450435638 0.03244927898049355 0.8737022280693054
227.000000 17.08973121643066 0.4765342473983765 11.09503269195557 0.2984947562217712 0.3791712820529938 0.03114306554198265 0.8753058314323425
228.000000 17.08580017089844 0.515564501285553 11.19044399261475 0.2973015606403351 0.3763454556465149 0.0297519639134407 0.8769781589508057
229.000000 17.08310317993164 0.5553383827209473 11.28960132598877 0.2960856556892395 0.3733997941017151 0.02828348614275455 0.8786956667900085
230.000000 17.08071327209473 0.5913947224617004 11.39881038665771 0.2949583530426025 0.3706345856189728 0.0266144834458828 0.8802960515022278
231.000000 17.0685920715332 0.6194788813591003 11.50201416015625 0.2935705780982971 0.3681419193744659 0.02505478076636791 0.8818504214286804
232.000000 17.06135749816895 0.6481069326400757 11.61205196380615 0.2925374209880829 0.3660055100917816 0.02318336814641953 0.8831333518028259
233.000000 17.04211616516113 0.6602653861045837 11.71772766113281 0.2913466691970825 0.3649170100688934 0.02123628556728363 0.8840258717536926
234.000000 17.02380561828613 0.6677362322807312 11.81734657287598 0.2903673052787781 0.3646185696125031 0.01907566003501415 0.8845202922821045
235.000000 16.99486541748047 0.6646570563316345 11.91088485717773 0.2892352640628815 0.3658483922481537 0.01675597578287125 0.8844304084777832
236.000000 16.98415946960449 0.6629899740219116 11.99924278259277 0.2878460288047791 0.3679955303668976 0.01457998808473349 0.8840314149856567
237.000000 16.95050621032715 0.6497083902359009 12.08062839508057 0.2863283455371857 0.3724075555801392 0.01207420695573092 0.8827133774757385
238.000000 16.93485069274902 0.6373564600944519 12.15364170074463 0.2858289778232574 0.3777402639389038 0.009056942537426949 0.8806429505348206
239.000000 16.91164398193359 0.6208794713020325 12.2227840423584 0.2857043147087097 0.385269969701767 0.005469784140586853 0.8774452805519104
240.000000 16.8829345703125 0.6015746593475342 12.28536224365234 0.286344051361084 0.3949444591999054 0.001320495503023267 0.8729400038719177
241.000000 16.8628101348877 0.5816972255706787 12.3387279510498 0.2861315011978149 0.4067277312278748 -0.002467146376147866 0.8675801157951355
242.000000 16.85398292541504 0.5703281760215759 12.39049339294434 0.2864712178707123 0.4202753007411957 -0.006643095053732395 0.8609638810157776
243.000000 16.84134674072266 0.554676353931427 12.43319892883301 0.286762923002243 0.4354946315288544 -0.01081105042248964 0.8532260656356812
244.000000 16.82610511779785 0.5372132062911987 12.47030735015869 0.2871581614017487 0.4522028863430023 -0.01499744411557913 0.8442913889884949
245.000000 16.81682777404785 0.5226794481277466 12.50429153442383 0.2877990901470184 0.4698373973369598 -0.01920863427221775 0.8342994451522827
246.000000 16.81463241577148 0.512779712677002 12.53165054321289 0.2887627184391022 0.487924724817276 -0.02336744591593742 0.8234072923660278
247.000000 16.80215263366699 0.4991379380226135 12.55209732055664 0.2895809412002563 0.5066491961479187 -0.0273126158863306 0.8116054534912109
248.000000 16.8004093170166 0.492188572883606 12.57001876831055 0.2908183932304382 0.525236964225769 -0.03126849979162216 0.7991076707839966
249.000000 16.79692459106445 0.4811348915100098 12.59268760681152 0.2922227680683136 0.5435407757759094 -0.03505375608801842 0.7860918641090393
250.000000 16.78605842590332 0.4653103947639465 12.61954689025879 0.293564647436142 0.5613659620285034 -0.03881722316145897 0.7727749943733215
251.000000 16.77615356445312 0.4473269879817963 12.6524772644043 0.2949863076210022 0.5783038139343262 -0.04240889474749565 0.7594401240348816
252.000000 16.7639102935791 0.4267586469650269 12.69014835357666 0.2963966429233551 0.5941018462181091 -0.0458788201212883 0.7463827133178711
253.000000 16.75129890441895 0.40377277135849 12.73452281951904 0.2977330088615417 0.6086001396179199 -0.04928028956055641 0.7338476777076721
254.000000 16.73397636413574 0.3739818632602692 12.78067207336426 0.2988138198852539 0.6215492486953735 -0.05251845344901085 0.7222386598587036
255.000000 16.71236991882324 0.3405064940452576 12.831787109375 0.2994695603847504 0.6328921318054199 -0.05567462369799614 0.7118047475814819
256.000000 16.69228172302246 0.3051120936870575 12.88725090026855 0.2986815273761749 0.642816960811615 -0.05997349321842194 0.7028363943099976
257.000000 16.66459274291992 0.2593025267124176 12.94381237030029 0.2979070842266083 0.6504785418510437 -0.06312529742717743 0.6958047747612
258.000000 16.6330451965332 0.2142651975154877 13.00468635559082 0.2974572777748108 0.6556098461151123 -0.06541667133569717 0.6909527182579041
259.000000 16.60037422180176 0.1555894017219543 13.06277751922607 0.2971724271774292 0.6580199003219604 -0.0663876011967659 0.6886879801750183
260.000000 16.56762886047363 0.0970829650759697 13.12777805328369 0.2973228394985199 0.6575813889503479 -0.06625043600797653 0.6890549659729004
261.000000 16.5289363861084 0.02498357743024826 13.18775939941406 0.2895139753818512 0.6578720808029175 -0.05994649603962898 0.6926705837249756
262.000000 16.48917388916016 -0.04946968704462051 13.24973106384277 0.2804960012435913 0.6558800339698792 -0.05236348882317543 0.6988572478294373
263.000000 16.43918991088867 -0.1355650126934052 13.31179904937744 0.2702706456184387 0.6518566608428955 -0.04326850175857544 0.7072231769561768
264.000000 16.39018058776855 -0.2277722954750061 13.36977386474609 0.2590255737304688 0.6456542015075684 -0.03310548514127731 0.7175935506820679
265.000000 16.33659553527832 -0.3252213001251221 13.42640113830566 0.246839702129364 0.6375374794006348 -0.02195744216442108 0.729475200176239
266.000000 16.28376579284668 -0.4279669523239136 13.47833442687988 0.2339950948953629 0.6274760961532593 -0.009975635446608067 0.742577075958252
267.000000 16.22415924072266 -0.5374484658241272 13.53391361236572 0.2204539626836777 0.615852415561676 0.002729380968958139 0.7563850879669189
268.000000 16.16105270385742 -0.6485394835472107 13.58611583709717 0.2063545882701874 0.6027465462684631 0.01594522409141064 0.7706232666969299
269.000000 16.10045433044434 -0.7590184211730957 13.63937759399414 0.1920281499624252 0.588270902633667 0.02914125099778175 0.7849926352500916
270.000000 16.0305233001709 -0.8761875629425049 13.69227027893066 0.1774720549583435 0.5726248621940613 0.04280028119683266 0.7992326021194458
271.000000 15.96365165710449 -0.9873499274253845 13.73577690124512 0.1631685644388199 0.5555976033210754 0.05627663061022758 0.8133389353752136
272.000000 15.89235210418701 -1.101452946662903 13.78018951416016 0.1489547789096832 0.5379183888435364 0.06952411681413651 0.8268148303031921
273.000000 15.81370162963867 -1.220879077911377 13.8247652053833 0.1349192708730698 0.5199815630912781 0.08245716243982315 0.8394145965576172
274.000000 15.74353790283203 -1.333281636238098 13.86885929107666 0.1216732189059258 0.5014531016349792 0.09470506757497787 0.8513350486755371
275.000000 15.66861343383789 -1.442055821418762 13.92691040039062 0.1091569885611534 0.4834241569042206 0.1060689613223076 0.862052857875824
276.000000 15.58420848846436 -1.562686920166016 13.99534320831299 0.09708204865455627 0.4661724269390106 0.1170779541134834 0.8715223073959351
277.000000 15.51006412506104 -1.657993674278259 14.07477378845215 0.08675818890333176 0.4493938982486725 0.1262952089309692 0.8800953030586243
278.000000 15.42513561248779 -1.764387130737305 14.17026805877686 0.07730074971914291 0.4344965219497681 0.1348020136356354 0.8871672749519348
279.000000 15.35744476318359 -1.845232367515564 14.27919673919678 0.06980523467063904 0.4206062257289886 0.141801729798317 0.8933699727058411
280.000000 15.27692604064941 -1.935833930969238 14.39406967163086 0.06373241543769836 0.4090722799301147 0.1473967134952545 0.898260772228241
281.000000 15.20172309875488 -2.012677431106567 14.53494262695312 0.05919625610113144 0.4000812470912933 0.1515230536460876 0.901926577091217
282.000000 15.13027572631836 -2.087176322937012 14.67721843719482 0.05649501457810402 0.3930574655532837 0.1541963964700699 0.9047307372093201
283.000000 15.05277538299561 -2.163158655166626 14.82988262176514 0.05534196272492409 0.3885221481323242 0.1555192619562149 0.9065327048301697
284.000000 14.9929666519165 -2.213578224182129 14.99181938171387 0.0559413805603981 0.3854161202907562 0.1556352376937866 0.90780109167099
285.000000 14.93619728088379 -2.255786657333374 15.15720272064209 0.05832742899656296 0.3839714825153351 0.1543265283107758 0.9084861278533936
286.000000 14.87488555908203 -2.301953315734863 15.328369140625 0.06188043206930161 0.384356677532196 0.1520301103591919 0.9084755182266235
287.000000 14.81519317626953 -2.342189311981201 15.5143871307373 0.06601083278656006 0.386583000421524 0.1490889638662338 0.9077272415161133
288.000000 14.76308250427246 -2.372665882110596 15.69792079925537 0.0715244933962822 0.3895536661148071 0.1451730579137802 0.9066736698150635
289.000000 14.71246337890625 -2.400471925735474 15.88339328765869 0.07802975922822952 0.3935356438159943 0.1405810117721558 0.9051397442817688
290.000000 14.65535736083984 -2.427730083465576 16.07777214050293 0.0853051096200943 0.3988603949546814 0.1351095139980316 0.9029832482337952
291.000000 14.61003684997559 -2.435103416442871 16.28149795532227 0.09334694594144821 0.4048429727554321 0.1291082501411438 0.9003997445106506
292.000000 14.56016254425049 -2.450867414474487 16.48628234863281 0.1015733554959297 0.4114080667495728 0.1229657903313637 0.8973883390426636
293.000000 14.51113891601562 -2.457955121994019 16.70016670227051 0.1104575097560883 0.418607622385025 0.1161283403635025 0.8939132690429688
294.000000 14.45777034759521 -2.478454828262329 16.90567207336426 0.1190026998519897 0.4255745410919189 0.1095695123076439 0.8903478384017944
295.000000 14.41876983642578 -2.486152410507202 17.10769081115723 0.1277845054864883 0.4323354065418243 0.1029026135802269 0.8866613507270813
296.000000 14.38519763946533 -2.4725182056427 17.31055641174316 0.1371706128120422 0.4391631782054901 0.09577879309654236 0.8826926350593567
297.000000 14.34750270843506 -2.472932100296021 17.51124954223633 0.1458187103271484 0.4459630846977234 0.08915886282920837 0.8785810470581055
298.000000 14.31054496765137 -2.450915336608887 17.7315559387207 0.1554211676120758 0.4532404839992523 0.08217307180166245 0.8738792538642883
299.000000 14.28249549865723 -2.447165966033936 17.89599609375 0.1631900370121002 0.4577760100364685 0.07631044089794159 0.8706244826316833
300.000000 14.2515811920166 -2.462568044662476 18.06771087646484 0.1695436984300613 0.4623273611068726 0.07127941399812698 0.867425799369812
301.000000 14.22542572021484 -2.459453821182251 18.23055458068848 0.1760006844997406 0.4656726121902466 0.06642632931470871 0.8647314310073853
302.000000 14.2029390335083 -2.448291540145874 18.39831733703613 0.1819672584533691 0.4686576426029205 0.06195245310664177 0.8622121214866638
303.000000 14.18192577362061 -2.439482450485229 18.54675102233887 0.1870947182178497 0.4704057574272156 0.05823175236582756 0.8604202270507812
304.000000 14.16017627716064 -2.424705982208252 18.70586776733398 0.1920218020677567 0.4721183180809021 0.05466729030013084 0.8586288690567017
305.000000 14.14009857177734 -2.415755987167358 18.84938430786133 0.1960005760192871 0.4728012681007385 0.05184070020914078 0.8575286865234375
306.000000 14.11699104309082 -2.411131381988525 18.98971176147461 0.199102059006691 0.4732550084590912 0.04934954270720482 0.8567104339599609
307.000000 14.10439300537109 -2.397830724716187 19.12430953979492 0.2021952271461487 0.4728042781352997 0.04726396501064301 0.8563523888587952
308.000000 14.08259105682373 -2.391584157943726 19.25978660583496 0.2044257819652557 0.4725555777549744 0.04537976905703545 0.8560619950294495
309.000000 14.06631278991699 -2.381966114044189 19.37663841247559 0.2061247229576111 0.4712918400764465 0.04401107132434845 0.8564225435256958
310.000000 14.04800701141357 -2.379681587219238 19.48733711242676 0.2070225924253464 0.4697970151901245 0.04291680082678795 0.8570825457572937
311.000000 14.03092670440674 -2.370030879974365 19.61604118347168 0.2078511118888855 0.4690121412277222 0.04170890897512436 0.8573715090751648
312.000000 14.00762462615967 -2.357148170471191 19.80729484558105 0.2095505446195602 0.4708012342453003 0.0403321199119091 0.8560421466827393
313.000000 13.99856185913086 -2.355823993682861 19.83728790283203 0.2078590542078018 0.465960830450058 0.04020502045750618 0.8591033816337585
314.000000 13.98381328582764 -2.34538722038269 19.94643592834473 0.2074786424636841 0.464483916759491 0.039350226521492 0.8600342273712158
315.000000 13.96457099914551 -2.335776329040527 20.07093048095703 0.2069550752639771 0.4639699459075928 0.03846462443470955 0.8604778051376343
316.000000 13.95240497589111 -2.32505989074707 20.19948959350586 0.2065770924091339 0.4636093080043793 0.03781750425696373 0.8607915639877319
317.000000 13.94563293457031 -2.325920104980469 20.21009254455566 0.2030432224273682 0.4586046040058136 0.03746611624956131 0.8643214106559753
318.000000 13.91460227966309 -2.320572376251221 20.34764099121094 0.2015618979930878 0.460285097360611 0.03623472154140472 0.8638271689414978
319.000000 13.88887310028076 -2.314563989639282 20.43706512451172 0.1992112845182419 0.46011683344841 0.03514024987816811 0.8645071387290955
320.000000 13.91139602661133 -2.317170858383179 20.41563987731934 0.1947054713964462 0.4533310234546661 0.03503467887639999 0.8691107630729675
321.000000 13.89288330078125 -2.315856218338013 20.50988578796387 0.1916497647762299 0.4541316628456116 0.03350174799561501 0.8694322109222412
322.000000 13.90127277374268 -2.298709154129028 20.51470184326172 0.1883269548416138 0.4498009383678436 0.03205402567982674 0.8724589347839355
323.000000 13.88601684570312 -2.299059867858887 20.59082221984863 0.1843647807836533 0.4505392611026764 0.0303341057151556 0.8729856610298157
324.000000 13.89933490753174 -2.277671337127686 20.58732414245605 0.1805385649204254 0.4464671611785889 0.02840830199420452 0.8759371638298035
325.000000 13.87508678436279 -2.289190053939819 20.6684398651123 0.1752870380878448 0.4488286972045898 0.02693596296012402 0.8758434653282166
326.000000 13.87080478668213 -2.277814149856567 20.71626853942871 0.1706701666116714 0.4489015638828278 0.02486065402626991 0.8767787218093872
327.000000 13.86574840545654 -2.273714065551758 20.75064277648926 0.1648893654346466 0.4488211274147034 0.02312017790973186 0.8779730200767517
328.000000 13.85782814025879 -2.273117303848267 20.77846336364746 0.1585793644189835 0.4487924873828888 0.02182254940271378 0.8791823983192444
329.000000 13.89979839324951 -2.201853275299072 20.69848251342773 0.1541840583086014 0.4414936900138855 0.017745615914464 0.883739709854126
330.000000 13.85474395751953 -2.266759157180786 20.80997276306152 0.1442187577486038 0.4479927718639374 0.01958106271922588 0.882111132144928
331.000000 13.86707401275635 -2.252505779266357 20.77447509765625 0.1364575326442719 0.4443471133708954 0.0187874473631382 0.8852016925811768
332.000000 13.86287879943848 -2.25154709815979 20.80645942687988 0.1274680495262146 0.4452291131019592 0.01822875626385212 0.8861098885536194
333.000000 13.87032890319824 -2.247477054595947 20.77360916137695 0.117821641266346 0.4418914318084717 0.01857700571417809 0.8891034722328186
334.000000 13.8641471862793 -2.24463415145874 20.79618263244629 0.1075024902820587 0.4421913325786591 0.01881301216781139 0.8902562856674194
335.000000 13.90184497833252 -2.217988729476929 20.70807456970215 0.09672547876834869 0.4348160922527313 0.01892111077904701 0.8951095938682556
336.000000 13.86021995544434 -2.236916780471802 20.80693817138672 0.08458394557237625 0.44008669257164 0.02132420428097248 0.8937084078788757
337.000000 13.86458396911621 -2.220020532608032 20.79130363464355 0.07227211445569992 0.437407374382019 0.02276807092130184 0.8960654139518738
338.000000 13.86839294433594 -2.225110530853271 20.78210830688477 0.05791210755705833 0.4343713223934174 0.02610695920884609 0.8984911441802979
339.000000 13.85402393341064 -2.221428871154785 20.8231315612793 0.04340821877121925 0.4338444471359253 0.02963539399206638 0.8994535207748413
340.000000 13.85128498077393 -2.231657981872559 20.83365440368652 0.0267344955354929 0.430340975522995 0.0346842035651207 0.9016035795211792
341.000000 13.84413051605225 -2.217414855957031 20.85970878601074 0.01047731097787619 0.4269683659076691 0.03925411403179169 0.9033533930778503
342.000000 13.82942008972168 -2.235973119735718 20.90837669372559 -0.008245647884905338 0.4242007732391357 0.0463089682161808 0.9043458104133606
343.000000 13.81622982025146 -2.223381519317627 20.96295738220215 -0.02595212869346142 0.420946478843689 0.05235619470477104 0.9052013754844666
344.000000 13.80474281311035 -2.219987630844116 21.01456832885742 -0.04474948719143867 0.4167169034481049 0.0593339204788208 0.9059934616088867
345.000000 13.78707408905029 -2.212439060211182 21.0814266204834 -0.06342899799346924 0.4129067957401276 0.06643404066562653 0.9061298966407776
346.000000 13.7793493270874 -2.194197177886963 21.13459014892578 -0.08161626011133194 0.407437801361084 0.07335576415061951 0.9066157341003418
347.000000 13.76443195343018 -2.18126106262207 21.21089744567871 -0.09983959048986435 0.4029950797557831 0.08065446466207504 0.9061578512191772
348.000000 13.73474597930908 -2.197239875793457 21.33776473999023 -0.119217187166214 0.4016640186309814 0.08943422883749008 0.9035789966583252
349.000000 13.73879241943359 -2.159233808517456 21.35002136230469 -0.1352828741073608 0.3922415673732758 0.09509817510843277 0.9048764705657959
350.000000 13.71344470977783 -2.184330940246582 21.48235702514648 -0.1540874391794205 0.3905432224273682 0.1037807166576385 0.9016444683074951
351.000000 13.70443439483643 -2.157365083694458 21.55629348754883 -0.1689398884773254 0.3848108947277069 0.1092092767357826 0.9008070230484009
352.000000 13.68912315368652 -2.170492649078369 21.70245742797852 -0.1855949312448502 0.3836637437343597 0.115996241569519 0.8971630930900574
353.000000 13.67692375183105 -2.12571120262146 21.79639053344727 -0.1971903443336487 0.3798780143260956 0.1191446110606194 0.8958867788314819
354.000000 13.67936420440674 -2.111901521682739 21.85478782653809 -0.2088941782712936 0.3728059232234955 0.1232856884598732 0.8956447839736938
355.000000 13.67489147186279 -2.054593563079834 21.97167015075684 -0.2208568453788757 0.3704556226730347 0.1239479556679726 0.8936563730239868
356.000000 13.65456295013428 -2.028687238693237 22.10676574707031 -0.2314449399709702 0.3701647818088531 0.1249727979302406 0.8909507393836975
357.000000 13.605299949646 -2.033315658569336 22.31243896484375 -0.241233691573143 0.3765945434570312 0.1285127699375153 0.8851368427276611
358.000000 13.55549907684326 -1.982555270195007 22.46746444702148 -0.2445240169763565 0.3821319937705994 0.1295504868030548 0.8817028403282166
359.000000 13.50462436676025 -1.894330024719238 22.65628051757812 -0.2499233931303024 0.3890955448150635 0.1275820881128311 0.8774199485778809
360.000000 13.55607986450195 -1.947306513786316 22.73390769958496 -0.2415402233600616 0.3886668384075165 0.124589703977108 0.880382776260376
361.000000 13.56377696990967 -2.028079509735107 22.94922828674316 -0.2371876835823059 0.3996586501598358 0.1265240907669067 0.8763598799705505
362.000000 13.52963161468506 -1.933748602867126 23.07308197021484 -0.2351385205984116 0.403400719165802 0.1144242286682129 0.8768607974052429
363.000000 13.49717712402344 -1.955928444862366 23.28619575500488 -0.2315049767494202 0.4158361256122589 0.1091068610548973 0.8726863861083984
364.000000 13.53437232971191 -1.909422159194946 23.32463264465332 -0.2231117635965347 0.4126240611076355 0.09333910793066025 0.8782085180282593
365.000000 13.46914196014404 -1.90141761302948 23.5489673614502 -0.2123555392026901 0.427891343832016 0.0864776223897934 0.8742629289627075
366.000000 13.64465236663818 -1.822002768516541 23.32926559448242 -0.2202553302049637 0.4113314747810364 0.0488913282752037 0.8831216096878052
367.000000 13.40923976898193 -1.829878807067871 23.94081497192383 -0.1882922649383545 0.4527394771575928 0.06757335364818573 0.8689113259315491
368.000000 13.30508613586426 -1.869542479515076 24.36722946166992 -0.15969218313694 0.4759426712989807 0.08151882141828537 0.8610062599182129
369.000000 13.22421169281006 -1.819131374359131 24.72032737731934 -0.1279878914356232 0.4960342347621918 0.08444641530513763 0.8546566367149353
370.000000 13.13079452514648 -1.790136456489563 25.17297172546387 -0.09408918768167496 0.5194673538208008 0.08647628128528595 0.8448804020881653
371.000000 13.14311599731445 -1.728475332260132 25.30028915405273 -0.07635705173015594 0.5207785964012146 0.06948065012693405 0.8474264740943909
372.000000 13.10153579711914 -1.797727108001709 25.75199699401855 -0.05048501491546631 0.548648476600647 0.07814055681228638 0.8308611512184143
373.000000 13.0970287322998 -1.801502227783203 25.98567390441895 -0.03492655605077744 0.5562348961830139 0.06876271963119507 0.8274385333061218
374.000000 13.04536533355713 -1.811044692993164 26.39466094970703 -0.01378592569380999 0.5746310949325562 0.07376371324062347 0.8149650692939758
375.000000 13.08104133605957 -1.746934294700623 26.36682510375977 -0.009081431664526463 0.5606669187545776 0.04761157929897308 0.8266216516494751
376.000000 13.08371639251709 -1.829913258552551 26.73856544494629 -0.002132660476490855 0.5772218704223633 0.05104184523224831 0.8149877190589905
377.000000 13.07939434051514 -1.860126972198486 26.69020080566406 0.008228087797760963 0.560376763343811 0.03630544990301132 0.8274008631706238
378.000000 13.08616352081299 -2.323524951934814 27.71083450317383 0.1259181350469589 0.6093787550926208 0.1589759886264801 0.7665042281150818
379.000000 13.00354194641113 -1.488139271736145 28.55081939697266 0.1690896153450012 0.6040139198303223 0.2067091315984726 0.7508975863456726
380.000000 12.95914363861084 -0.6944018006324768 29.54632759094238 0.2248687148094177 0.5994921922683716 0.2438722848892212 0.7284019589424133
381.000000 13.08341884613037 -1.075035691261292 29.60930061340332 0.2396512180566788 0.6031728386878967 0.2737648785114288 0.7097905874252319
