0 0 0 -1.441637781374183e-11 -3.143598228949607e-12 -1.759700718473312e-10 1
0.2052821516990662 -0.0131659023463726 0.1297250539064407 0.01126587856560946 -0.01286543346941471 0.001385203213430941 0.9998528361320496
0.4381426274776459 0.006659578531980515 0.2719743847846985 0.02338821068406105 -0.02800055593252182 -0.0002340735663892701 0.9993342161178589
0.6519184112548828 -0.04798613488674164 0.455051064491272 0.03093330934643745 -0.04403568431735039 -0.005944223143160343 0.998533308506012
0.8306576013565063 0.1004910320043564 0.5041241049766541 0.02224755473434925 -0.04966714978218079 0.004674431867897511 0.9985070824623108
1.006806015968323 0.131490558385849 0.6171867847442627 0.01816474087536335 -0.05724309757351875 0.01264705136418343 0.9981149435043335
1.183724761009216 0.1820029318332672 0.7296505570411682 0.01624789088964462 -0.06417734175920486 0.02027773857116699 0.9976001381874084
1.363844275474548 0.2198964357376099 0.8502421379089355 0.016143798828125 -0.07331936806440353 0.0231250561773777 0.9969097375869751
1.541176915168762 0.2554810643196106 0.9658860564231873 0.01520969439297915 -0.08222729712724686 0.02580780908465385 0.9961632490158081
1.72019100189209 0.2859111130237579 1.087644457817078 0.0148916020989418 -0.09121331572532654 0.02757772989571095 0.9953380823135376
1.89323353767395 0.3213579654693604 1.199141621589661 0.01543622091412544 -0.09992575645446777 0.02897177636623383 0.9944532513618469
2.087196826934814 0.3440236747264862 1.324743390083313 0.01527445018291473 -0.1113650649785995 0.02888254448771477 0.9932423233985901
2.256560087203979 0.3762106001377106 1.434502005577087 0.01492192409932613 -0.1190958619117737 0.03049791790544987 0.9923020601272583
2.423649549484253 0.4134300947189331 1.540836215019226 0.01590000465512276 -0.1264793872833252 0.03180060163140297 0.991331934928894
2.573209524154663 0.4434072971343994 1.632449150085449 0.01654808036983013 -0.1319400817155838 0.03247029334306717 0.990587592124939
2.7454674243927 0.4732941091060638 1.734224319458008 0.01665194518864155 -0.1397632360458374 0.03341707959771156 0.9894808530807495
2.896740198135376 0.4900206625461578 1.825053572654724 0.01662030816078186 -0.1449583917856216 0.03421323746442795 0.9887063503265381
3.065842866897583 0.541679859161377 1.90426242351532 0.01593122258782387 -0.152567133307457 0.03535031154751778 0.9875321984291077
3.217755079269409 0.5414756536483765 1.997560620307922 0.01456521637737751 -0.1569827646017075 0.0388668030500412 0.9867287278175354
3.371805667877197 0.5652119517326355 2.074629783630371 0.01755397208034992 -0.1638190448284149 0.03641487658023834 0.9856618046760559
3.52916693687439 0.5816575884819031 2.165738821029663 0.01859122328460217 -0.16820128262043 0.04156776517629623 0.9847003817558289
3.691130876541138 0.6251361966133118 2.231494903564453 0.02186546102166176 -0.1763235926628113 0.03625936061143875 0.9834211468696594
3.858171463012695 0.6058029532432556 2.339685678482056 0.01893824897706509 -0.1784828007221222 0.04859708994626999 0.9825596809387207
4.020047664642334 0.5594668984413147 2.438129186630249 0.01471278537064791 -0.1821606159210205 0.05549449473619461 0.9815912246704102
4.182576179504395 0.4836042821407318 2.555124282836914 0.01540021039545536 -0.1861487478017807 0.0596947930753231 0.9805855751037598
4.343950271606445 0.401485413312912 2.663866996765137 0.01570657268166542 -0.190280869603157 0.06183017417788506 0.9796547889709473
4.499404907226562 0.3346417248249054 2.756802320480347 0.01756709814071655 -0.192744255065918 0.06350712478160858 0.9790341258049011
4.652698516845703 0.2541022598743439 2.834897041320801 0.01566267386078835 -0.194102019071579 0.06898109614849091 0.9784277081489563
4.817932605743408 0.1747095286846161 2.910104274749756 0.01082040090113878 -0.195062443614006 0.07604313641786575 0.9777786731719971
4.992659568786621 0.1143385022878647 2.983028411865234 0.007610335480421782 -0.1940774619579315 0.08800892531871796 0.9770007729530334
5.15839147567749 0.05469293519854546 3.031793117523193 0.006114837247878313 -0.1921306848526001 0.09675673395395279 0.9765687584877014
5.30988073348999 0.06869219243526459 2.990250825881958 0.005986976437270641 -0.1948878765106201 0.09082214534282684 0.9765932559967041
5.492288589477539 0.08965227007865906 3.003092765808105 0.008166889660060406 -0.1984514445066452 0.08720812946557999 0.9761890769004822
5.66506290435791 0.1135574579238892 2.990142107009888 0.007965619675815105 -0.1999285668134689 0.08557119220495224 0.9760342240333557
5.887073993682861 0.1901100426912308 3.048588991165161 0.00948923546820879 -0.2015046775341034 0.08884449303150177 0.9754037261009216
6.070565700531006 0.2181781828403473 3.05286169052124 0.01549658924341202 -0.2036739736795425 0.08369224518537521 0.9753319025039673
6.339118957519531 0.2766900658607483 3.238959312438965 0.0120858633890748 -0.2048083692789078 0.09222259372472763 0.9743728637695312
6.575151920318604 0.3250060677528381 3.375424861907959 0.004546106792986393 -0.2034928649663925 0.1014542430639267 0.9737951159477234
6.781721115112305 0.3305315971374512 3.469507694244385 0.0008552412618882954 -0.1986866146326065 0.1080832481384277 0.9740846157073975
6.953047752380371 0.3828965127468109 3.479623794555664 -0.002714103320613503 -0.1936923563480377 0.1104198694229126 0.9748247861862183
7.113574028015137 0.4056381583213806 3.487028121948242 -0.0025126445107162 -0.1894974261522293 0.1054806932806969 0.976195752620697
7.294430255889893 0.400664210319519 3.532861471176147 -0.005693318787962198 -0.1846416294574738 0.1029659435153008 0.9773806929588318
7.461128234863281 0.4805560708045959 3.581265687942505 0.0002233184059150517 -0.1799481511116028 0.09611387550830841 0.9789692759513855
7.633761405944824 0.5617520809173584 3.628304004669189 0.003652563784271479 -0.172507718205452 0.09191278368234634 0.9807037115097046
7.81550407409668 0.492290586233139 3.755340337753296 -0.006743464153259993 -0.1620941609144211 0.09351328760385513 0.9823111891746521
8.014169692993164 0.4423049986362457 3.865792751312256 -0.01581081748008728 -0.1520189344882965 0.09344453364610672 0.9838233590126038
8.215974807739258 0.3196213245391846 4.054434776306152 -0.02792444825172424 -0.1439796388149261 0.08934841305017471 0.9851431250572205
8.387327194213867 0.2161307334899902 4.25361156463623 -0.04074142128229141 -0.1338455826044083 0.08572237938642502 0.986446738243103
8.577613830566406 -0.2433051913976669 4.681624889373779 -0.07058584690093994 -0.124760702252388 0.07870864123106003 0.9865381121635437
8.743532180786133 -0.811694324016571 5.342567443847656 -0.11095130443573 -0.1226851046085358 0.06250151246786118 0.9842416644096375
8.888617515563965 -1.10939884185791 5.750752449035645 -0.1304631680250168 -0.1101927757263184 0.05715403705835342 0.9836515784263611
9.009081840515137 -1.185766816139221 5.962809562683105 -0.14484503865242 -0.09898252785205841 0.05065646395087242 0.9831867814064026
9.153193473815918 -1.063643217086792 5.965486526489258 -0.1440592557191849 -0.08627276867628098 0.04843370988965034 0.9846106767654419
9.313275337219238 -0.8605931997299194 5.865716934204102 -0.1399437636137009 -0.07374841719865799 0.04606980457901955 0.9863339066505432
9.501017570495605 -0.5537487268447876 5.651377201080322 -0.1220213249325752 -0.06292327493429184 0.04558516293764114 0.9894814491271973
9.706361770629883 -0.3275854885578156 5.562499046325684 -0.1112543195486069 -0.05687937140464783 0.04212529584765434 0.9912682771682739
9.928658485412598 0.05571305379271507 5.342257022857666 -0.09161364287137985 -0.04744694381952286 0.04689249396324158 0.9935577511787415
10.14056396484375 -0.09425462782382965 5.564136505126953 -0.1034365966916084 -0.05095697939395905 0.03471354395151138 0.9927231073379517
10.38398551940918 -0.1478474587202072 5.733925342559814 -0.1074644848704338 -0.03540907427668571 0.05179530754685402 0.9922271966934204
10.85557174682617 0.009531183168292046 5.802248954772949 -0.1027619242668152 -0.02685008756816387 0.07484243810176849 0.9915229678153992
11.2944507598877 -0.001363553106784821 6.019276142120361 -0.1088796928524971 -0.01734162494540215 0.09523693472146988 0.9893303513526917
11.42150592803955 -0.006818174384534359 6.148735523223877 -0.1172811836004257 -0.01565448939800262 0.1032937169075012 0.9875882863998413
11.51257610321045 0.01594121381640434 6.286707401275635 -0.1254788190126419 -0.01418333780020475 0.1095730066299438 0.9859247803688049
11.86455631256104 0.1440623998641968 6.392815113067627 -0.1297156512737274 -0.01768453791737556 0.1214822009205818 0.9839224219322205
12.17553424835205 0.4248993396759033 6.480274677276611 -0.1283886879682541 -0.0206095315515995 0.1356583535671234 0.9821855425834656
12.45047569274902 0.8795652389526367 6.35734224319458 -0.1155646294355392 -0.02413131296634674 0.1524645239114761 0.9812324643135071
12.55396747589111 1.040099859237671 6.48517370223999 -0.1151389852166176 -0.0219650249928236 0.1692158579826355 0.9785839915275574
13.03220367431641 -0.009515873156487942 7.549673080444336 -0.1590127646923065 -0.03142903000116348 0.1981784403324127 0.9666708111763
12.73037815093994 1.21212375164032 6.674455642700195 -0.1083715558052063 -0.02045347169041634 0.2175919264554977 0.9697892069816589
14.32810592651367 -2.174342393875122 10.51739501953125 -0.2728668451309204 -0.05356189981102943 0.2582449615001678 0.9251942038536072
11.62180423736572 2.391851902008057 5.97117805480957 -0.05602461844682693 0.01665975339710712 0.2674883306026459 0.9617867469787598
7.091961860656738 6.289280414581299 4.179499626159668 0.1383073627948761 0.1371147185564041 0.2185575217008591 0.9561920166015625
4.097376346588135 10.57734680175781 5.384145736694336 0.3334386050701141 0.2231487184762955 0.1285296082496643 0.9069197773933411
5.060239315032959 12.94698047637939 8.88124942779541 0.489833265542984 0.2269615828990936 0.02639592438936234 0.8413411974906921
6.025520801544189 16.49380683898926 13.39839363098145 0.6804132461547852 0.2641901075839996 -0.1002050340175629 0.6761659979820251
10.54087066650391 11.27155494689941 17.13465690612793 0.8569936752319336 0.2262344509363174 -0.184892326593399 0.4244935512542725
13.16430950164795 4.767037391662598 16.98652076721191 0.9381852149963379 0.1846860498189926 -0.2615353763103485 0.1315250843763351
12.1973762512207 -2.943163394927979 13.98375988006592 0.9588240385055542 0.02375540137290955 -0.229162186384201 -0.1660631746053696
10.75812721252441 -4.788327693939209 8.195987701416016 0.8491700291633606 0.01386096235364676 -0.2543923258781433 -0.4626042246818542
3.076602220535278 -6.378083229064941 1.463811278343201 0.7015756368637085 -0.3010092675685883 -0.007998485118150711 -0.6458491683006287
7.461673259735107 0.9833590984344482 -0.001816006377339363 0.4158060550689697 0.008674671873450279 -0.1356660276651382 -0.8992357850074768
5.999710559844971 5.930783748626709 -1.076735138893127 -0.1527139544487 -0.09599697589874268 0.03872093930840492 -0.98283451795578
9.029022216796875 6.16617488861084 3.321011543273926 -0.6956992745399475 -0.006061328109353781 0.3357479274272919 -0.6350110769271851
9.607457160949707 4.672568798065186 6.316263198852539 -0.9248640537261963 -0.08258543908596039 0.334690123796463 -0.1605886369943619
9.645986557006836 1.234535694122314 6.113015174865723 -0.8864015340805054 -0.1174051538109779 0.268312931060791 0.3584921956062317
8.424957275390625 0.5009629726409912 1.748357653617859 -0.49362912774086 -0.1153155565261841 0.1073550879955292 0.855282187461853
6.527083873748779 5.897005558013916 -1.2975172996521 0.1289920955896378 0.05062258616089821 -0.02813270315527916 0.9899530410766602
8.090371131896973 9.061034202575684 3.480642795562744 0.6706197261810303 0.0462644025683403 -0.1710048764944077 0.7203375101089478
9.719668388366699 3.528551340103149 7.78278112411499 0.964016318321228 0.09895371645689011 -0.2427877485752106 -0.04398730024695396
8.125381469726562 0.6635384559631348 -0.08628892153501511 0.4945849478244781 0.05234668403863907 -0.1115795224905014 -0.860346257686615
7.680864334106445 9.73438549041748 1.29273796081543 -0.476162850856781 -0.05327214300632477 0.1123413369059563 -0.8705230355262756
9.846492767333984 3.543625354766846 8.359395027160645 -0.973008930683136 -0.08346331119537354 0.2138460576534271 0.02361114136874676
7.088840007781982 0.2217050790786743 -1.061489820480347 -0.4695343673229218 0.04563403874635696 0.09140472859144211 0.876983642578125
7.660924434661865 9.39277172088623 1.970313787460327 0.5155606269836426 0.1014503911137581 -0.138975977897644 0.8393990397453308
10.41212368011475 2.939454793930054 7.687954425811768 0.9638720154762268 0.05223499238491058 -0.2537051439285278 -0.06209634616971016
5.409113883972168 -0.6456787586212158 -2.28342604637146 0.4360486567020416 -0.1579219847917557 -0.04719185084104538 -0.8847006559371948
8.076794624328613 8.906421661376953 2.199420928955078 -0.572814404964447 -0.1324716806411743 0.214586615562439 -0.7799278497695923
9.424241065979004 -0.1470134556293488 9.771927833557129 -0.9739326238632202 0.03441891446709633 0.1189962327480316 0.1900278478860855
6.05044412612915 0.2284452468156815 -1.871236205101013 -0.2194124907255173 0.1703785061836243 -0.1348658800125122 0.9511259198188782
8.307483673095703 8.546391487121582 2.474765539169312 0.6124727129936218 0.1515003144741058 -0.1197349205613136 0.7665430903434753
5.937367916107178 2.799871444702148 15.53931331634521 0.794322669506073 0.5911057591438293 -0.1209155321121216 -0.07088752090930939
6.644368171691895 -1.221115231513977 5.194437026977539 0.1222815364599228 0.4212223887443542 -0.3335196673870087 -0.8344959616661072
1.717639803886414 -9.139376640319824 11.81737232208252 -0.4291269779205322 0.8898395895957947 0.03292514011263847 0.1514978557825089
-14.6204948425293 -1.628811001777649 -8.928170204162598 -0.2037758827209473 -0.09798611700534821 -0.9710414409637451 0.0771542564034462
-1.065038800239563 -3.06250524520874 8.84881591796875 0.3818993866443634 -0.5613827109336853 0.6156424283981323 -0.3999834060668945
-29.0607795715332 -11.45674133300781 -8.118509292602539 0.1869072765111923 0.1344238966703415 0.970275342464447 -0.07457689940929413
31.24996948242188 11.25125503540039 -3.867829322814941 0.001632300787605345 -0.5217688083648682 -0.8351904153823853 -0.1738148927688599
-80.07514190673828 -51.71017074584961 -15.51856422424316 -0.3773664832115173 0.771851122379303 -0.2294494360685349 0.457376629114151
145.9158020019531 46.03285217285156 41.98371124267578 0.330922931432724 -0.8126121759414673 0.004463672172278166 -0.4797201454639435
-294.9730224609375 -168.3930511474609 -85.04581451416016 0.2533358633518219 -0.8142662644386292 -0.3351818919181824 -0.4005554020404816
593.8043212890625 239.2536926269531 177.1028289794922 0.1863318830728531 -0.7617829442024231 -0.4336476027965546 -0.4437534511089325
-1149.98779296875 -676.4511108398438 -274.2613220214844 0.01335927378386259 -0.5207713842391968 -0.8470460176467896 -0.10550806671381
2384.47265625 672.2129516601562 1001.383117675781 0.04106983169913292 -0.6154398918151855 -0.6021431684494019 -0.5069226622581482
-3713.129638671875 -3383.349609375 -1738.697631835938 -0.2811123430728912 0.3819361627101898 -0.6889196634292603 0.5481700897216797
6321.14794921875 -3.127175331115723 7537.8193359375 0.06384097039699554 -0.3895123898983002 0.2160401046276093 -0.893045961856842
-15256.6337890625 -8707.5830078125 -10008.45703125 0.2765988409519196 -0.4985387027263641 0.5237277746200562 -0.6329783201217651
15284.8486328125 -8390.404296875 31619.41796875 -0.3509638011455536 -0.005383042618632317 -0.7652020454406738 -0.5396862030029297
-67777.640625 6661.11767578125 -5054.5859375 0.4866377115249634 -0.3884480893611908 0.7519909143447876 0.216337114572525
87013.0390625 -36930.6953125 89511.1953125 0.4028065204620361 -0.1482163518667221 0.8538713455200195 0.2944189310073853
-233056.25 75089.3046875 -43837.8671875 0.3517038822174072 -0.7723587155342102 0.1597603112459183 -0.5042250752449036
372818.46875 91286.8125 277835.59375 0.1464674919843674 0.3478714525699615 0.8469477891921997 0.3744491338729858
-911771.5 72461.0078125 -214773.453125 -0.4645300805568695 0.6606271266937256 -0.5385518074035645 0.2403034269809723
1623012 402777.75 595870.1875 0.08684233576059341 -0.6640339493751526 -0.5122737884521484 -0.5376736521720886
-3490544.5 -477713.5 -604636.4375 0.4467893838882446 -0.4080698490142822 0.7947574257850647 -0.04710511863231659
6866150.5 984145.0625 1273969.25 -0.3572382628917694 0.8097702264785767 -0.07200974225997925 0.4598558843135834
-13867099 -1665899.125 -2584115.5 -0.4250048100948334 0.3039344251155853 -0.8520639538764954 -0.03133398666977882
27629090 3471150.25 5097660.5 0.4030855298042297 -0.2256237119436264 0.8831184506416321 0.08196204155683517
-55419212 -6747180 -10038865 0.4063861668109894 -0.7838258743286133 0.24154232442379 -0.4026469588279724
110460376 14473718 20800986 0.3472481071949005 -0.06295587122440338 0.9181373119354248 0.180219829082489
-221405056 -28343896 -40031404 -0.3851911425590515 0.167969286441803 -0.8994686007499695 -0.1198760569095612
442331424 59140608 80316096 -0.4630668461322784 0.5663822889328003 -0.6585088968276978 0.1764829307794571
-887889216 -105583304 -153943312 -0.4415396451950073 0.3680202960968018 -0.8182734251022339 0.005704482551664114
1766987648 228649648 337975392 -0.207713708281517 0.766193151473999 0.2987556457519531 0.5296679139137268
-3564289792 -338710880 -586748800 -0.2792849838733673 -0.1110070273280144 -0.8980291485786438 -0.3212803900241852
7090147328 840630080 1280588800 0.3099666833877563 -0.8099318146705627 -0.06142867356538773 -0.4941230416297913
-14264994816 -1303805824 -2290026240 -0.1561764925718307 0.7281214594841003 0.3977814614772797 0.5359272360801697
28443891712 2785173760 4973999616 -0.1300923079252243 0.7052502036094666 0.4400350749492645 0.5404325723648071
-56932016128 -6088614400 -9390213120 0.1938184201717377 0.2745133936405182 0.8567257523536682 0.3912770748138428
113805230080 9900731392 20369641472 -0.07682926207780838 0.6532162427902222 0.52044677734375 0.5445557236671448
-226743123968 -26592122880 -41602555904 0.4471738040447235 -0.7130653262138367 0.4401320219039917 -0.3128214180469513
451946905600 38945406976 97413152768 -0.450688511133194 0.6661226153373718 -0.5199146866798401 0.2878355979919434
-906834935808 -86474760192 -171311546368 -0.1664641052484512 0.7339766025543213 0.3623948395252228 0.5497618317604065
1787003928576 209149542400 462310309888 -0.4452769458293915 0.5543295741081238 -0.6644314527511597 0.2301695346832275
-3607175102464 -430902542336 -736818298880 0.4578824937343597 -0.6086215376853943 0.6056311130523682 -0.2305091321468353
7131459223552 1101479804928 1713275142144 0.32781982421875 -0.7944614291191101 0.04116421937942505 -0.5095790028572083
-14639188410368 -1268365131776 -1794866544640 0.4740137755870819 -0.7048900723457336 0.4765162467956543 -0.2266567647457123
28625107681280 2406506299392 7229791010816 -0.2488075792789459 -0.1746628284454346 -0.8819725513458252 -0.3601558804512024
-58552785829888 3212804096000 -2181429854208 0.3399125635623932 0.0166943371295929 0.8322601318359375 0.4376344680786133
116366476574720 9280007700480 15650673131520 0.4542723596096039 -0.3731340765953064 0.8074814081192017 0.04879946261644363
-214278569197568 78074720813056 9527413964800 0.4763607382774353 -0.2947117686271667 0.6321722269058228 0.5353351831436157
422882983280640 33854129700864 178473020686336 0.2605534493923187 -0.7120503783226013 0.07928800582885742 -0.6471549868583679
-288203881840640 686049286160384 11403420237824 0.158575177192688 0.0608292855322361 -0.1427170783281326 0.9750823378562927
1493024852934656 -507965077454848 390360551391232 -0.2949425280094147 0.7302030920982361 -0.1264359354972839 0.6031801700592041
-175538299731968 2411616083640320 389716474068992 0.4405418634414673 -0.8774169683456421 0.007883473299443722 -0.1897374391555786
1619838728404992 -3924408255119360 -1216738733588480 -0.3267399370670319 0.2613358199596405 0.1143861189484596 -0.9010330438613892
-2727950357102592 7943625765814272 3042245326405632 0.4202910363674164 -0.5840699672698975 -0.207187756896019 0.6627902984619141
6758111176032256 -1.60796016419799e+16 -3922772141015040 0.4511708319187164 -0.5723336338996887 -0.0926554948091507 0.6784497499465942
-8411169463205888 3.067719475370394e+16 1.565286442886758e+16 0.3792839348316193 -0.8781794905662537 -0.2720186710357666 -0.1046435236930847
4.039331701535539e+16 -5.700249241989939e+16 -7967870319329280 0.4930143654346466 -0.5243323445320129 0.1387521624565125 0.680264949798584
-6.416477988270899e+16 9.296117409775616e+16 7.653337086715494e+16 -0.3476782143115997 0.2118598073720932 -0.04065698012709618 -0.9124594926834106
1.869435367996785e+17 -1.200176126366843e+17 -1.150218183471268e+17 -0.3296116888523102 0.8619323372840881 0.3151795864105225 0.221563845872879
-1.056046730539172e+17 4.81585062173737e+17 1.352738776379556e+17 0.09508800506591797 -0.4649464190006256 0.1585347801446915 -0.8658231496810913
5.367102115036529e+17 -6.437119686994821e+17 -5.051376320328499e+17 0.3778735995292664 -0.8734627366065979 -0.2999696731567383 -0.06551705300807953
2.828649312068567e+17 1.625915463957479e+18 7.001923004703703e+17 -0.3481569588184357 0.8417053818702698 0.4121744930744171 -0.02076206915080547
1.679715152020111e+17 -3.152250633688449e+18 -1.404326625004225e+18 -0.1559508889913559 0.5817132592201233 -0.08738648146390915 0.7935066223144531
6.590022584316723e+17 5.467660218697515e+18 4.09463023010526e+18 -0.2666420638561249 0.7239267826080322 0.6072103977203369 -0.1900725662708282
-3.12963718419841e+17 -1.228403197755995e+19 -6.417261682363466e+18 0.3474900424480438 -0.8470467329025269 -0.4021438360214233 -0.006551533937454224
4.817025862228509e+18 2.253304605299022e+19 1.426487804130073e+19 0.275922566652298 -0.8310695290565491 -0.399279922246933 -0.2715986669063568
-5.648477276707226e+16 -5.295482855052909e+19 -8.240510896204415e+18 0.397793173789978 -0.8293277025222778 0.1063199415802956 -0.3777197003364563
1.079043229264485e+19 7.112238902976027e+19 7.868936439155655e+19 0.07717064768075943 -0.6165030002593994 -0.3054537773132324 -0.7215724587440491
-8.125017974920498e+19 -1.324166658312959e+20 8.078849041865533e+19 0.3025425672531128 -0.1911835819482803 0.8936411738395691 -0.2707808911800385
-1.336925127358881e+20 -9.01918393148375e+19 1.858691333445564e+20 -0.5105703473091125 0.4054200947284698 -0.6081215143203735 -0.452924519777298
-2.481741120206694e+20 -1.773840173950556e+20 -6.394564353880123e+19 -0.3074636161327362 0.2665487229824066 -0.8402916789054871 0.3582289218902588
-9.025560411730084e+17 -2.096124976081467e+20 2.236152795651763e+20 0.03530149534344673 0.0360080897808075 0.7382913827896118 -0.6725943088531494
-9.406381789056231e+19 2.037681447057731e+20 -1.764988313698587e+20 0.4708942472934723 -0.3625558316707611 0.3205157220363617 0.7376189231872559
-3.815587878890593e+20 -2.052420708291324e+20 7.925702729161916e+20 -0.4606615304946899 0.5309962630271912 0.009352480992674828 -0.7111585736274719
-1.093294637188834e+20 8.434128868532048e+20 -1.121631972139505e+21 -0.3294647932052612 0.2860065698623657 0.141331359744072 -0.8886387348175049
-1.715428416414816e+21 -9.709209105656436e+20 2.307565354596186e+21 -0.2596794664859772 0.6349284052848816 0.6198770999908447 -0.3810315430164337
-2.982286206519533e+21 2.026805746538841e+21 -3.952473874770845e+21 0.03582145646214485 -0.2767556309700012 0.3374020755290985 -0.8990456461906433
-4.985154898826434e+21 4.648302253722747e+21 4.937720172801201e+21 0.2171960771083832 0.1894124001264572 0.3761430084705353 0.8806049823760986
-3.357411004206568e+20 -2.006944449969672e+21 -1.477293267768207e+21 0.1738888770341873 -0.3377408385276794 -0.6105371117591858 0.6949375867843628
2.470985785424719e+21 -7.781948814218668e+21 1.061502935770853e+22 0.2708851993083954 -0.200770229101181 0.8598299026489258 -0.3834125101566315
-1.376076273517939e+21 -1.516207042560967e+21 -1.798550341427277e+22 -0.2403735518455505 0.0315137654542923 0.03293610364198685 -0.9696094989776611
-2.485692571482874e+21 -3.154550862591291e+22 1.384291571073202e+22 0.4602594971656799 -0.6237135529518127 -0.1118963733315468 0.6217892169952393
-2.604447427107054e+22 2.442504064366308e+22 -6.096179641279835e+22 -0.041518185287714 0.1140628531575203 -0.5838547945022583 0.8027325868606567
-2.720707626307642e+22 -5.513489509971832e+22 -4.4273514338793e+22 0.1851293295621872 -0.6844854354858398 -0.08259174972772598 -0.7002753019332886
-3.69075224897579e+21 1.835494810322478e+23 -5.408908720864886e+22 -0.432346910238266 0.5800791382789612 0.1648017317056656 -0.6703914999961853
-5.595505913865765e+22 -7.8461649657654e+22 -1.632095137471843e+23 0.03137150406837463 -0.1632976233959198 -0.7364541888237 0.6557324528694153
-1.39884398499513e+23 5.155631141709167e+23 8.955335801432193e+22 0.4394333958625793 -0.6081201434135437 -0.1680139750242233 0.6394211649894714
-2.75057311212856e+23 -1.213835121510832e+23 2.2401482808733e+23 -0.5538667440414429 0.647174060344696 -0.3623959720134735 -0.3782414197921753
-2.223418128833559e+23 6.882995425698405e+23 -8.781570354561611e+23 0.2760790884494781 -0.2247440814971924 0.8450993895530701 -0.3988451957702637
-1.326854755599545e+23 -1.02643556720034e+24 1.130635964268361e+24 -0.2094094902276993 0.08984392136335373 -0.8821964859962463 0.4120741784572601
2.502713723612538e+23 2.972406306484399e+24 -2.057633564905835e+24 -0.551347553730011 0.626970112323761 -0.4779626131057739 -0.2729031145572662
-1.430229246539102e+24 -3.27152775562938e+24 5.691092636214484e+24 -0.06260640174150467 -0.1831610798835754 -0.8919777274131775 0.4085439443588257
3.715333647843116e+24 1.048575997955953e+25 -7.885154140949021e+24 0.2425794750452042 -0.1332021057605743 0.8843089938163757 -0.3760454058647156
-9.567791195455007e+24 -1.737093457101683e+25 1.599255234865509e+25 0.3074376583099365 -0.1512088924646378 0.9199272394180298 -0.1906616687774658
6.270097886278575e+24 4.849892052831412e+25 -1.727135904650694e+25 0.485592782497406 -0.6726587414741516 0.5313705801963806 -0.1713918894529343
-4.405369331672187e+25 -4.617709802704658e+25 7.887617473035764e+25 0.3979988396167755 -0.1685224920511246 0.8803662061691284 0.1953264474868774
9.917877193834681e+25 1.269398858374268e+26 4.562978313037962e+25 0.1985417306423187 -0.6993830800056458 -0.6842610239982605 0.05684621632099152
-1.575318186353141e+26 1.455207469639242e+26 8.658458024004291e+25 -0.2435865253210068 0.7952542901039124 0.2654908299446106 0.4875969290733337
4.404814638077891e+26 1.714795494033985e+26 -1.50578244669753e+26 0.2389552891254425 0.1312536597251892 0.9529367089271545 0.1326061189174652
-4.5605604060585e+25 1.869706085676657e+26 -2.988557745251447e+26 -0.01578485406935215 -0.02612016350030899 -0.6925442814826965 0.7207294702529907
1.348490638649359e+27 4.131083771702996e+26 3.526053071113093e+26 0.06481471657752991 -0.640428900718689 -0.6415585875511169 -0.4171958863735199
2.314242549660217e+26 1.050199980128912e+26 -9.86440819933239e+26 0.2683203816413879 0.1420296132564545 0.8768790364265442 0.372713178396225
2.164949139161942e+27 1.927529507904524e+27 1.928735777392992e+27 -0.05320356786251068 0.5837225914001465 0.7970966100692749 0.1451701372861862
-1.913919795274846e+27 2.162305942097108e+27 -2.35861250318071e+26 0.5069045424461365 -0.799968421459198 0.3054606318473816 -0.09895471483469009
-7.455689912028907e+26 6.735410964229214e+27 -1.301888407735017e+27 -0.5314393043518066 0.7593425512313843 -0.08540962636470795 -0.3656179904937744
-7.982829383341524e+27 7.652039465555416e+23 2.311130879082887e+27 -0.3928945362567902 0.884729266166687 0.202383890748024 0.1480836123228073
-2.593072686392895e+27 1.483910400503749e+28 -5.890430255603814e+27 -0.1868249326944351 0.135748416185379 0.3582678139209747 -0.9046065807342529
-1.822592149460408e+28 8.04157149031775e+27 -9.462838518834613e+27 0.2239216417074203 0.2035853862762451 0.4659081101417542 0.8314696550369263
-2.084949447037031e+27 3.348140127480268e+28 4.213256121344909e+27 0.2775596380233765 -0.3599427342414856 -0.3867286741733551 0.802398145198822
6.249076576251358e+26 6.439430741957255e+27 -2.218988772624107e+28 -0.1260631531476974 0.2517652213573456 0.6332405805587769 -0.7209221720695496
-2.720952009565764e+28 2.524392477212632e+28 3.9460302114984e+28 -0.2392637431621552 -0.1598433554172516 -0.4069779813289642 -0.8669324517250061
-5.389696840953459e+28 -1.909051714271189e+28 -6.170716283165765e+28 0.1987528204917908 -0.02801217138767242 0.9138157963752747 -0.3530630171298981
4.501425549454201e+27 4.640561400523543e+28 1.592230484506874e+29 0.2072130143642426 -0.1015920266509056 -0.2531056702136993 0.9395102262496948
-1.468309165577958e+29 1.817463984122708e+27 -2.328922300359769e+29 -0.2414355874061584 -0.008129685185849667 -0.9591070413589478 0.1475009918212891
4.265125237112385e+28 -2.245453717196411e+29 4.622954245986822e+29 0.222312793135643 -0.03692913055419922 0.928914487361908 -0.2938218116760254
-1.765975792144614e+29 2.790856633927705e+29 -9.567788769339226e+29 -0.002740483498200774 0.07202634960412979 0.7040345072746277 -0.7064985632896423
6.240453546859554e+29 -8.037772252034952e+29 1.727149250501097e+30 0.1681906878948212 -0.123217411339283 0.8009623289108276 -0.5612385869026184
-3.632278071323134e+29 1.474397618236992e+30 -3.746694135437467e+30 -0.3869586288928986 0.2036091983318329 -0.2240101248025894 -0.8709912896156311
3.686842031497076e+30 -4.758708304164535e+30 4.855884783859708e+30 0.4455762207508087 -0.4596187472343445 0.7579197883605957 -0.1255783885717392
-3.545300392073685e+30 7.505480551385628e+30 -1.346232108321582e+31 0.2388126701116562 -0.1104346737265587 -0.1702639162540436 0.9496225714683533
1.369998501901968e+31 -1.973438660465888e+31 1.824694845472144e+31 -0.5082991719245911 0.3966643214225769 -0.5811580419540405 -0.4965325891971588
-1.760652241963223e+31 3.95943540056077e+31 -4.188660067003063e+31 -0.1496675461530685 0.02299460768699646 0.3027479350566864 -0.9409646987915039
3.309104394446293e+31 -7.957450525447409e+31 8.262919000125667e+31 0.1771720945835114 -0.05659711733460426 -0.2742203176021576 0.9435093998908997
-6.736929656511692e+31 1.546545144538177e+32 -1.708494588186933e+32 0.4475381970405579 -0.3086245059967041 0.3064669966697693 0.781369686126709
1.181068590310282e+32 -3.225437104679436e+32 3.332331873074811e+32 0.2306695729494095 -0.1232517659664154 -0.2150179147720337 0.9409398436546326
-2.702670693767842e+32 6.092302168986026e+32 -6.894577838808325e+32 0.2935448586940765 -0.3007957339286804 0.7942914962768555 -0.4386962652206421
3.695734974450968e+32 -1.222370931638803e+33 1.423243105718376e+33 -0.3499535620212555 0.2996526658535004 -0.8469515442848206 0.2653559744358063
-9.364022176599851e+32 2.538337248402806e+33 -2.711481422512446e+33 0.1965055614709854 -0.0930429995059967 -0.2718597054481506 0.9374545216560364
1.371223627327565e+33 -4.072280511511694e+33 6.28683268572935e+33 -0.4233953952789307 0.2654307782649994 -0.8599948883056641 -0.103400744497776
-3.622868353684834e+33 9.410778707656145e+33 -1.149599400141936e+34 0.1860304027795792 -0.1905211955308914 0.7605602741241455 -0.5921508073806763
6.521301624020099e+33 -1.598549001673117e+34 2.497004039813118e+34 0.410589337348938 -0.2591492533683777 0.8728588819503784 0.04874038323760033
-2.353800869184641e+34 3.134998226803531e+34 -4.596478298330837e+34 -0.4094727337360382 0.1764360815286636 -0.4160299599170685 -0.7925412058830261
3.766295158181409e+34 -5.103246384572857e+34 1.026887405325335e+35 0.2568760216236115 -0.05090038105845451 -0.009394640102982521 0.965057373046875
-8.069568596147543e+34 1.159685689923619e+35 -1.951259312398995e+35 0.2942745089530945 -0.2280450016260147 0.8600496053695679 -0.3488735854625702
1.781124360075051e+35 -2.241286479718055e+35 3.868709194867465e+35 -0.1866692453622818 0.2037809938192368 -0.7475221157073975 0.6040187478065491
-3.246826351829938e+35 4.64918384309142e+35 -7.787975464798532e+35 -0.08386355638504028 0.1413119435310364 -0.6366701126098633 0.7534249424934387
7.613700444842405e+35 -9.06586472046848e+35 1.517658553081141e+36 0.06771613657474518 0.1041055023670197 -0.336960107088089 0.9332923293113708
-1.141560881062678e+36 1.854024727705626e+36 -3.175402955604954e+36 0.1288487315177917 -0.001026953454129398 -0.328194260597229 0.9357807040214539
3.679232271228914e+36 -3.073366589666083e+36 5.991264072943075e+36 0.3203473389148712 -0.008386113680899143 0.3594382405281067 0.876419723033905
nan nan nan 0.2444841116666794 -0.2096830755472183 -0.2962213456630707 0.8991737961769104
nan nan nan 0.196324497461319 -0.008627640083432198 0.9232423305511475 -0.330160528421402
nan nan nan -0.1651504635810852 -0.2641109526157379 -0.9386972188949585 -0.147710457444191
nan nan nan 0.2709997296333313 -0.2190242111682892 -0.2309511750936508 0.9084322452545166
nan nan nan 0.02305993065237999 -0.5102525949478149 -0.1956630945205688 -0.8371537327766418
-nan -nan -nan -0.2294625788927078 0.2615508735179901 0.4021559059619904 -0.8468818664550781
-nan -nan -nan 0.3335858285427094 -0.4795650541782379 -0.3594587743282318 0.7276862263679504
-nan -nan -nan -0.01496562920510769 0.4928324818611145 0.1788482517004013 0.8514138460159302
-nan -nan -nan 0.4614729285240173 -0.7949849367141724 -0.1989977210760117 0.339767187833786
-nan -nan -nan -0.2003834396600723 0.00255897082388401 0.1173518896102905 -0.9726604819297791
-nan -nan -nan -0.4269987046718597 0.8710487484931946 0.2341287434101105 -0.06426426768302917
-nan -nan -nan 0.4530610144138336 -0.7133430242538452 -0.2014340907335281 0.4952796399593353
-nan -nan -nan 0.4442655444145203 -0.7618440389633179 -0.2462557554244995 0.4019701182842255
-nan -nan -nan 0.2314069122076035 -0.009078552946448326 -0.02372495085000992 0.9725253582000732
-nan -nan -nan 0.4093469977378845 -0.8282959461212158 -0.3256411850452423 0.2007950842380524
-nan -nan -nan -0.4439856708049774 0.7714975476264954 0.2488327324390411 -0.3817727565765381
-nan -nan -nan -0.3980530202388763 0.5251240134239197 0.2187557965517044 -0.7196836471557617
-nan -nan -nan -0.4552166163921356 0.5620750188827515 0.06682857125997543 -0.6873016357421875
-nan -nan -nan -0.1145176291465759 -0.1874305903911591 0.05412673577666283 -0.9740769267082214
-nan -nan -nan -0.5289952754974365 0.5868774056434631 -0.2383674085140228 -0.5647299289703369
-nan -nan -nan 0.5028635859489441 -0.7974935173988342 -0.05378482863306999 0.3289978802204132
-nan -nan -nan 0.1372804641723633 0.1544840037822723 -0.04128296673297882 0.9775400161743164
-nan -nan -nan 0.1923057436943054 -0.76222163438797 -0.5556130409240723 -0.2707968354225159
-nan -nan -nan -0.3685562312602997 0.3205588459968567 0.05828269571065903 -0.8706386089324951
-nan -nan -nan -0.01547744683921337 0.5267989039421082 0.2814723551273346 0.8018832206726074
-nan -nan -nan 0.3931308090686798 -0.475000262260437 -0.179634302854538 0.7665209770202637
-nan -nan -nan -0.374289333820343 0.3403753936290741 0.06725025922060013 -0.8599589467048645
-nan -nan -nan -0.2346367388963699 -0.02926896139979362 -0.06169862300157547 -0.969681441783905
-nan -nan -nan -0.2932162284851074 0.03634759783744812 -0.1609715521335602 -0.9416959285736084
-nan -nan -nan 0.1409332454204559 -0.6850172281265259 -0.2636660635471344 -0.6643564105033875
-nan -nan -nan -0.393233984708786 0.1643842607736588 -0.348874032497406 -0.8346447944641113
-nan -nan -nan 0.4161978363990784 -0.3512234687805176 0.07541157305240631 0.8353050351142883
-nan -nan -nan -0.101714164018631 0.6416524052619934 0.2817172110080719 0.7060961723327637
-nan -nan -nan 0.3270326256752014 -0.5924416184425354 -0.465391993522644 0.5705022811889648
-nan -nan -nan -0.2320571094751358 -0.09788227081298828 -0.2006542980670929 -0.9467346668243408
-nan -nan -nan -0.3295951187610626 0.7266943454742432 0.5078518986701965 -0.3246056437492371
-nan -nan -nan 0.3355680704116821 -0.5371769666671753 -0.405089259147644 0.6593464016914368
-nan -nan -nan 0.3688490986824036 -0.5563066005706787 -0.3330285251140594 0.6660071015357971
-nan -nan -nan 0.1953768730163574 0.05383189395070076 -0.03334550186991692 0.9786818027496338
-nan -nan -nan 0.427778571844101 -0.5832628607749939 -0.1827011704444885 0.6659055948257446
-nan -nan -nan -0.3270141780376434 0.8376281261444092 0.4366367161273956 0.02809677273035049
-nan -nan -nan 0.1573218405246735 -0.6692073941230774 -0.1383290886878967 -0.7129350900650024
-nan -nan -nan 0.295047253370285 -0.04904190450906754 0.1417667716741562 0.943633496761322
-nan -nan -nan -0.3084737956523895 0.5457858443260193 0.4777162373065948 -0.6154257655143738
-nan -nan -nan 0.3415249288082123 -0.8453148007392883 -0.0982203334569931 -0.3989440202713013
-nan -nan -nan 0.1897348016500473 0.2610154151916504 0.4614669978618622 0.8263897299766541
-nan -nan -nan -0.3835149705410004 0.7889510989189148 0.3966895043849945 -0.2703885734081268
-nan -nan -nan 0.3867315053939819 -0.8642678260803223 -0.04557961970567703 -0.3184376060962677
-nan -nan -nan 0.3351055979728699 -0.8102198839187622 -0.4686573445796967 0.1077424734830856
-nan -nan -nan -0.0727371871471405 0.05870573967695236 0.5443559288978577 -0.833630383014679
-nan -nan -nan -0.07245809584856033 0.05955733731389046 -0.7078475952148438 0.7001104950904846
-nan -nan -nan 0.301568329334259 -0.6934148669242859 -0.55669766664505 0.3439770042896271
-nan -nan -nan -0.334438294172287 0.2728178203105927 -0.8572137355804443 0.2809023559093475
-nan -nan -nan 0.1755854338407516 -0.2813271284103394 0.6382102370262146 -0.6947751045227051
-nan -nan -nan 0.05552054196596146 0.2086606919765472 0.8970260620117188 -0.3856455981731415
-nan -nan -nan -0.2215930223464966 -0.1066871359944344 -0.1763079911470413 -0.9531158804893494
-nan -nan -nan -0.1943436861038208 0.7595133185386658 0.340424120426178 0.5191161632537842
-nan -nan -nan 0.1750798672437668 0.02067300863564014 -0.1589380502700806 0.9714208245277405
-nan -nan -nan -0.3415043652057648 0.1814785599708557 -0.07098612189292908 -0.9194570779800415
-nan -nan -nan 0.123380221426487 -0.6612424254417419 -0.2536498606204987 -0.695124089717865
-nan -nan -nan -0.5317867994308472 0.4959056675434113 -0.4769542515277863 -0.493756115436554
-nan -nan -nan 0.3356413841247559 -0.1665235608816147 0.07531852275133133 0.924089789390564
-nan -nan -nan 0.5037218332290649 -0.3925302922725677 0.5032781362533569 0.5821471810340881
-nan -nan -nan -0.3750086426734924 0.5356731414794922 -0.6229205131530762 0.4294100701808929
-nan -nan -nan 0.2752790451049805 -0.368516743183136 0.6964358687400818 -0.5508121848106384
-nan -nan -nan 0.5200121402740479 -0.4402004778385162 0.5552192330360413 0.4770141243934631
-nan -nan -nan 0.03461072593927383 0.01901033148169518 0.7203026413917542 -0.6925351619720459
-nan -nan -nan -0.3730181753635406 0.4320964217185974 -0.7438752055168152 0.3475626707077026
-nan -nan -nan -0.1161190122365952 0.05120024457573891 -0.7901808023452759 0.5995907783508301
-nan -nan -nan -0.4835024178028107 0.6524224281311035 0.05337264761328697 -0.5811383724212646
-nan -nan -nan 0.4140965342521667 -0.6437689065933228 -0.2744662165641785 0.5820257067680359
-nan -nan -nan 0.2382762134075165 -0.3850402534008026 -0.5098225474357605 0.7314707636833191
-nan -nan -nan 0.2134102582931519 -0.5249326229095459 -0.6612790822982788 0.4915401935577393
-nan -nan -nan -0.200657919049263 0.2779354155063629 -0.6863846182823181 0.6413770318031311
-nan -nan -nan 0.1038784310221672 -0.6373803019523621 -0.7558864951133728 -0.1076628863811493
-nan -nan -nan -0.3174935579299927 0.7059935331344604 0.5290592312812805 -0.3476597666740417
-nan -nan -nan 0.02350646816194057 0.3357981443405151 0.9098498225212097 -0.2426117062568665
-nan -nan -nan -0.4146096706390381 0.2347812056541443 -0.2945404052734375 -0.8283854722976685
-nan -nan -nan 0.5409853458404541 -0.6091657280921936 0.5506454110145569 0.181773841381073
-nan -nan -nan 0.4145046472549438 -0.2361751198768616 0.2907475233078003 0.8293811678886414
-nan -nan -nan -0.1040691137313843 -0.1984853148460388 0.06745701283216476 -0.9722256660461426
-nan -nan -nan -0.3847841620445251 0.6278784275054932 -0.5023524165153503 0.4531576335430145
-nan -nan -nan 0.4979674518108368 -0.6581087708473206 0.5532746315002441 -0.1131744980812073
-nan -nan -nan -0.2125912457704544 -0.06489045917987823 -0.05021578446030617 -0.9736901521682739
-nan -nan -nan 0.5210138559341431 -0.4656073153018951 0.4390881359577179 0.5647619366645813
-nan -nan -nan 0.1930989176034927 0.09013865888118744 0.02883388847112656 0.9766045808792114
-nan -nan -nan 0.08885803073644638 -0.4120201766490936 0.2431622743606567 -0.8736222386360168
-nan -nan -nan -0.5424809455871582 0.6297394633293152 -0.5310607552528381 -0.1646728068590164
-nan -nan -nan 0.5123008489608765 -0.6682556867599487 0.5364883542060852 -0.056236881762743
-nan -nan -nan 0.4083300828933716 -0.6549714207649231 0.4912341237068176 -0.4036929905414581
-nan -nan -nan 0.3761030733585358 -0.6423747539520264 0.4660283327102661 -0.4782454669475555
-nan -nan -nan 0.05774679780006409 -0.3790712654590607 0.2184454202651978 -0.8973582983016968
-nan -nan -nan 0.3035690784454346 -0.6030666828155518 0.405496209859848 -0.6162217259407043
-nan -nan -nan -0.5102165341377258 0.4407815039157867 -0.4066363871097565 -0.6164718866348267
-nan -nan -nan 0.5507421493530273 -0.6247736215591431 0.4847834408283234 0.267069548368454
-nan -nan -nan 0.5487477779388428 -0.6142871975898743 0.5046360492706299 0.2585914433002472
-nan -nan -nan 0.369471937417984 -0.6725831627845764 0.4032206833362579 -0.4985333681106567
-nan -nan -nan 0.5438058376312256 -0.5922520160675049 0.5434519648551941 0.2411905527114868
-nan -nan -nan -0.4226790070533752 0.2382646352052689 -0.3311537206172943 -0.8092648983001709
-nan -nan -nan 0.000531552592292428 0.3766952455043793 -0.04692762717604637 0.9251477718353271
-nan -nan -nan 0.2929520308971405 -0.5914819836616516 0.4047064781188965 -0.6328829526901245
-nan -nan -nan -0.5437402129173279 0.5541890263557434 -0.457105278968811 -0.4339075684547424
-nan -nan -nan 0.5096610188484192 -0.4040802121162415 0.6252371668815613 0.4313273429870605
-nan -nan -nan 0.4330213665962219 -0.6741772294044495 0.4899683892726898 -0.343378096818924
-nan -nan -nan 0.3651904165744781 -0.0497562438249588 0.856972873210907 0.3602190911769867
-nan -nan -nan -0.3621029555797577 0.05646491050720215 -0.4729701280593872 -0.80124431848526
-nan -nan -nan -0.4400159418582916 0.6602158546447754 -0.5191387534141541 0.3177987933158875
-nan -nan -nan -0.02780554071068764 0.01625706441700459 0.5936651229858398 -0.8040673136711121
-nan -nan -nan 0.5139279365539551 -0.5885363817214966 0.6235007643699646 0.02738426998257637
-nan -nan -nan -0.4806023240089417 0.7167925238609314 -0.4607255160808563 0.2072726339101791
-nan -nan -nan -0.2797295153141022 0.3304462432861328 -0.7462676763534546 0.5056097507476807
-nan -nan -nan -0.2790642976760864 0.7544891238212585 -0.01883494853973389 0.5937293767929077
-nan -nan -nan 0.3156237304210663 -0.6172739267349243 -0.5050005912780762 0.5141294598579407
-nan -nan -nan 0.1784774959087372 0.06392759084701538 0.9454762935638428 -0.2648274302482605
-nan -nan -nan -0.3768996000289917 0.8368958234786987 0.3805723488330841 -0.1127686202526093
-nan -nan -nan 0.452451229095459 -0.7095835208892822 -0.2014157027006149 0.5012094974517822
-nan -nan -nan 0.02966706082224846 -0.4118950963020325 -0.8762949109077454 0.2481323033571243
-nan -nan -nan 0.3289481997489929 -0.07465571165084839 0.235541969537735 0.9114491939544678
-nan -nan -nan -0.53488689661026 0.6665340065956116 -0.1689821034669876 -0.4909923374652863
-nan -nan -nan -0.3277451395988464 0.1232168152928352 -0.1265004277229309 -0.9281155467033386
-nan -nan -nan -0.08377906680107117 0.5824888944625854 0.1612302660942078 0.7922704815864563
-nan -nan -nan 0.4062252342700958 -0.836463451385498 0.1017487272620201 -0.3534929752349854
-nan -nan -nan -0.490964949131012 0.5834335088729858 -0.04937901720404625 -0.6450740098953247
-nan -nan -nan 0.46335768699646 -0.3105042576789856 0.4021070301532745 0.7260830998420715
-nan -nan -nan 0.4446676671504974 -0.8570016622543335 0.1012866795063019 -0.2399165481328964
-nan -nan -nan 0.1468666940927505 0.3579689562320709 0.8031394481658936 0.4530512392520905
-nan -nan -nan -0.5545090436935425 0.6741325855255127 -0.3271814584732056 -0.3619630634784698
-nan -nan -nan 0.1346577703952789 -0.7152544260025024 -0.5165299773216248 -0.4510822296142578
-nan -nan -nan 0.474920779466629 -0.2910019755363464 0.6626517176628113 0.5006604194641113
-nan -nan -nan -0.3565469086170197 0.8737484216690063 0.2653800249099731 0.197513073682785
-nan -nan -nan -0.2287239730358124 -0.2344702035188675 -0.736187756061554 -0.5922302603721619
-nan -nan -nan 0.4663330316543579 -0.8829423189163208 -0.04458516463637352 -0.03095876984298229
-nan -nan -nan -0.2555892467498779 0.8177751898765564 0.4085062444210052 0.3147070705890656
-nan -nan -nan -0.3541958928108215 0.8729128837585449 0.2635848820209503 0.2075849026441574
-nan -nan -nan 0.2938679456710815 0.1186404228210449 0.748491108417511 0.5825180411338806
-nan -nan -nan -0.499600738286972 0.8640064597129822 -0.05493630468845367 -0.0295623317360878
-nan -nan -nan 0.04981590807437897 -0.6253738403320312 -0.6137977838516235 -0.4792475700378418
-nan -nan -nan 0.5388748049736023 -0.8032329082489014 0.2062868177890778 0.1479079276323318
-nan -nan -nan -0.513401985168457 0.8498528003692627 -0.1001198515295982 -0.06437934935092926
-nan -nan -nan -0.3348141014575958 0.8646365404129028 0.2916266024112701 0.2350683361291885
-nan -nan -nan -0.4307677149772644 0.8887666463851929 0.1162613481283188 0.1049586609005928
-nan -nan -nan 0.2243093699216843 0.2416760623455048 0.7485790848731995 0.5752455592155457
-nan -nan -nan -0.5443135499954224 0.7853410243988037 -0.2440515905618668 -0.1655325889587402
-nan -nan -nan 0.06777662038803101 -0.6455641388893127 -0.5991403460502625 -0.4687046706676483
-nan -nan -nan 0.5424084663391113 -0.544923722743988 0.5156326293945312 0.3781192004680634
-nan -nan -nan -0.3884425163269043 0.8837534189224243 0.1973923146724701 0.1706710606813431
-nan -nan -nan -0.5085016489028931 0.3981176316738129 -0.6129511594772339 -0.4552135765552521
-nan -nan -nan 0.5291891098022461 -0.4790733754634857 0.5634275674819946 0.4159290492534637
-nan -nan -nan 0.5308060646057129 -0.8221092224121094 0.1729982495307922 0.1115929931402206
-nan -nan -nan 0.5529729127883911 -0.6243765950202942 0.4464370310306549 0.3241433501243591
-nan -nan -nan 0.02567350491881371 -0.5973041653633118 -0.6317331790924072 -0.4934388101100922
-nan -nan -nan 0.3431868255138397 0.02248317189514637 0.747385561466217 0.5684471130371094
-nan -nan -nan 0.03527924045920372 0.5216454863548279 0.6730954051017761 0.5230525732040405
-nan -nan -nan 0.4828893840312958 -0.8755416870117188 0.01017515361309052 -0.01188122853636742
-nan -nan -nan -0.5051381587982178 0.8588053584098816 -0.07606188952922821 -0.03877248615026474
-nan -nan -nan -0.07957062870264053 0.6584997177124023 0.5887182354927063 0.4620146155357361
-nan -nan -nan -0.5378534197807312 0.8057201504707336 -0.2055806666612625 -0.1387995481491089
-nan -nan -nan 0.5343219041824341 -0.8145020604133606 0.188284158706665 0.1250422149896622
-nan -nan -nan 0.2754046320915222 -0.8312849998474121 -0.3754369020462036 -0.303586483001709
-nan -nan -nan 0.5263343453407288 -0.8306487798690796 0.1533747017383575 0.09731873869895935
-nan -nan -nan -0.4760116338729858 0.2942886352539062 -0.663025438785553 -0.4971967041492462
-nan -nan -nan 0.2404723167419434 0.2141418159008026 0.7520906329154968 0.5750443339347839
-nan -nan -nan 0.3627542853355408 -0.8761098384857178 -0.2426786571741104 -0.2048122882843018
-nan -nan -nan -0.3640942573547363 0.8765873908996582 0.2419131994247437 0.201265886425972
-nan -nan -nan 0.06288997828960419 0.4851155877113342 0.6895251870155334 0.5340999364852905
-nan -nan -nan -0.366757869720459 0.8775025606155396 0.2403712123632431 0.1941640079021454
-nan -nan -nan 0.5450164675712585 -0.782950758934021 0.2459035068750381 0.1716878563165665
-nan -nan -nan -0.3804006278514862 0.05582856759428978 -0.7329080104827881 -0.5612704157829285
-nan -nan -nan 0.2482923567295074 0.2004572302103043 0.756905734539032 0.5703169703483582
-nan -nan -nan 0.5319339036941528 -0.8198672533035278 0.176270067691803 0.1174430698156357
-nan -nan -nan -0.0655263364315033 0.6425709128379822 0.6179352402687073 0.448291152715683
-nan -nan -nan -0.5552794933319092 0.6597636938095093 -0.4108515679836273 -0.2959349453449249
-nan -nan -nan 0.4492277503013611 -0.8871749639511108 -0.08119270205497742 -0.06725269556045532
-nan -nan -nan 0.5528566837310791 -0.7402211427688599 0.3107145428657532 0.2233351469039917
-nan -nan -nan -0.2196597456932068 -0.249006062746048 -0.7593357563018799 -0.5596023797988892
-nan -nan -nan 0.3240871727466583 0.06024039909243584 0.7592620849609375 0.5611236691474915
-nan -nan -nan 0.4711567163467407 -0.2806919813156128 0.6747502088546753 0.4938982427120209
-nan -nan -nan 0.4835350215435028 -0.3167861998081207 0.6547546982765198 0.4869669079780579
-nan -nan -nan 0.5424890518188477 -0.7919421195983887 0.2307715862989426 0.1589902639389038
-nan -nan -nan 0.5055078268051147 -0.3870975077152252 0.6110643148422241 0.470337837934494
-nan -nan -nan -0.06600764393806458 -0.4808289110660553 -0.694226861000061 -0.5315032005310059
-nan -nan -nan -0.08670610189437866 0.6662672758102417 0.5722808241844177 0.4701752960681915
-nan -nan -nan 0.5214040875434875 -0.4458245038986206 0.576448380947113 0.443943202495575
-nan -nan -nan -0.3611229062080383 0.8742800354957581 0.2099681347608566 0.2472610175609589
-nan -nan -nan -0.4069229364395142 0.1153799444437027 -0.7122929096221924 -0.5601249933242798
-nan -nan -nan 0.5490579009056091 -0.7621968984603882 0.2916679978370667 0.1803359538316727
-nan -nan -nan 0.3752306997776031 -0.04428422451019287 0.7245761752128601 0.5763942003250122
-nan -nan -nan -0.2091623097658157 -0.2671482563018799 -0.7264396548271179 -0.5976356267929077
-nan -nan -nan -0.5223309397697449 0.835835874080658 -0.1554273366928101 -0.06626655161380768
-nan -nan -nan 0.1773933917284012 -0.7550532221794128 -0.4688220918178558 -0.4226489365100861
-nan -nan -nan 0.535332202911377 -0.810332179069519 0.2104018926620483 0.1118583530187607
-nan -nan -nan -0.5527928471565247 0.624516487121582 -0.452385276556015 -0.3158272206783295
-nan -nan -nan -0.06067083403468132 0.637620747089386 0.5802817344665527 0.5030227899551392
