0 0 0 2.581883478173196e-17 8.102571589646828e-18 4.327676615979432e-18 1
0.00320530659519136 0.06877942383289337 -0.117445133626461 0.001908009173348546 0.006245574913918972 -0.00953307282179594 0.9999333024024963
-0.09061194956302643 0.111697293817997 -0.1940583288669586 0.004017358645796776 0.0129760792478919 -0.02023868076503277 0.9997029900550842
-0.2027657926082611 0.1343914717435837 -0.2337721884250641 0.006294959224760532 0.02019365876913071 -0.03198424354195595 0.9992645382881165
-0.3108416199684143 0.149131178855896 -0.2613244652748108 0.008586915209889412 0.02778145484626293 -0.04445819184184074 0.9985880255699158
-0.4109258353710175 0.1611863672733307 -0.2826549708843231 0.01096087694168091 0.03567847236990929 -0.05740732699632645 0.9976528882980347
-0.4997394382953644 0.1693363189697266 -0.3021918535232544 0.01334890443831682 0.04355541989207268 -0.07063805311918259 0.9964612126350403
-0.5816683769226074 0.1769657582044601 -0.3189653754234314 0.01582620665431023 0.05162838473916054 -0.08408846706151962 0.9949941039085388
-0.6548091173171997 0.1829688251018524 -0.3339662551879883 0.01826075464487076 0.05969497933983803 -0.09736252576112747 0.9932893514633179
-0.7159291505813599 0.1874326467514038 -0.3468335866928101 0.02066399902105331 0.06749141961336136 -0.1103821247816086 0.9913797378540039
-0.7711119055747986 0.1890758872032166 -0.3577713966369629 0.02285706251859665 0.07522197067737579 -0.1230329647660255 0.9892836809158325
-0.8146523833274841 0.1915998756885529 -0.3670747876167297 0.02505494467914104 0.08246318995952606 -0.1348198652267456 0.9871149063110352
-0.848855197429657 0.1931608617305756 -0.3762244880199432 0.02718088217079639 0.08919567614793777 -0.1457342803478241 0.9849197864532471
-0.8744605779647827 0.1949952840805054 -0.3815027475357056 0.02914922311902046 0.0954890251159668 -0.1555772721767426 0.9827654957771301
-0.8908805251121521 0.1959810853004456 -0.3853404819965363 0.03095458634197712 0.1011429950594902 -0.1642095744609833 0.9807380437850952
-0.8983968496322632 0.1969081461429596 -0.3858904242515564 0.03255167603492737 0.1060864329338074 -0.1712883412837982 0.9789516925811768
-0.9105236530303955 0.1974045038223267 -0.3889846503734589 0.0340040884912014 0.1102429404854774 -0.1767640113830566 0.9774685502052307
-0.9127007722854614 0.194823682308197 -0.3958901762962341 0.03558478131890297 0.1152130216360092 -0.1832331717014313 0.9756460785865784
-0.9490821361541748 0.1962143778800964 -0.3987466394901276 0.03669905662536621 0.1156217157840729 -0.1781525909900665 0.9764970541000366
-0.9745917320251465 0.1949810832738876 -0.4057289958000183 0.03730785474181175 0.1168268993496895 -0.1782729476690292 0.9763085246086121
-1.00527560710907 0.1937372982501984 -0.4160289168357849 0.03742080554366112 0.116991326212883 -0.178280234336853 0.9762831926345825
-1.040049314498901 0.1901063174009323 -0.4278586506843567 0.03750100359320641 0.1157690957188606 -0.1726210117340088 0.97744220495224
-1.081399917602539 0.1861395388841629 -0.4404950737953186 0.03728526458144188 0.1135191395878792 -0.1646603494882584 0.9790863990783691
-1.111212611198425 0.1817420423030853 -0.4576627910137177 0.03771772608160973 0.1128852069377899 -0.1601851284503937 0.9798852801322937
-1.1732257604599 0.1766040027141571 -0.4772730767726898 0.03610094264149666 0.1058394908905029 -0.1425819844007492 0.9834455251693726
-1.22514796257019 0.1707173436880112 -0.5013660192489624 0.03505033999681473 0.100766234099865 -0.1290368586778641 0.9858840107917786
-1.28062117099762 0.1644264459609985 -0.5290811061859131 0.03375383839011192 0.09500047564506531 -0.1140834838151932 0.9883423447608948
-1.335991978645325 0.1614906340837479 -0.5640913844108582 0.03231598064303398 0.08855783939361572 -0.09803085029125214 0.9907084107398987
-1.394493341445923 0.1599804908037186 -0.6035222411155701 0.03066925704479218 0.08172638714313507 -0.08118192851543427 0.9928694367408752
-1.454741954803467 0.1604176461696625 -0.6490428447723389 0.02878286316990852 0.07467837631702423 -0.06381034851074219 0.9947476983070374
-1.511755585670471 0.166915088891983 -0.7053855657577515 0.02676838263869286 0.06729000061750412 -0.04609108716249466 0.9963088035583496
-1.566063523292542 0.1771655231714249 -0.7682792544364929 0.02454925142228603 0.0597878135740757 -0.0283292643725872 0.9975070357322693
-1.619217276573181 0.1922699511051178 -0.8375760316848755 0.02218055538833141 0.05245935171842575 -0.01087499503046274 0.998317539691925
-1.667899250984192 0.2133353501558304 -0.9146140217781067 0.01974644511938095 0.04520194977521896 0.006059818435460329 0.9987643361091614
-1.712862133979797 0.2393478751182556 -0.9975922107696533 0.01715561933815479 0.03834251314401627 0.02220396511256695 0.9988706111907959
-1.756410360336304 0.2689367830753326 -1.083509683609009 0.0144364982843399 0.03191587701439857 0.03722745925188065 0.9986927509307861
-1.798676371574402 0.3032826483249664 -1.17617666721344 0.0117504745721817 0.02607986330986023 0.05092110857367516 0.9982929825782776
-1.838555812835693 0.3392867743968964 -1.273174047470093 0.008990692906081676 0.02081077918410301 0.06301222741603851 0.997755229473114
-1.877310991287231 0.3804453611373901 -1.374678134918213 0.006275943946093321 0.01642141491174698 0.07319359481334686 0.9971628189086914
-1.916454792022705 0.423425018787384 -1.477715849876404 0.003500730032101274 0.01306826807558537 0.08120124787092209 0.9966059923171997
-1.954929351806641 0.471193939447403 -1.590101599693298 0.0009177661268040538 0.01052644196897745 0.08692427724599838 0.9961588978767395
-1.996320366859436 0.5172125697135925 -1.704327464103699 -0.001853971742093563 0.009350822307169437 0.09000465273857117 0.9958957433700562
-2.043396472930908 0.5624546408653259 -1.821765661239624 -0.004474021028727293 0.009383955970406532 0.09054874628782272 0.9958377480506897
-2.090691328048706 0.6009038686752319 -1.94696843624115 -0.007005100604146719 0.01048761419951916 0.08872973918914795 0.9959759116172791
-2.120186567306519 0.6294319033622742 -2.082885980606079 -0.009321423247456551 0.01253392640501261 0.08477011322975159 0.9962781071662903
-2.128185510635376 0.6477907299995422 -2.230859518051147 -0.01180830411612988 0.01568366959691048 0.07883749157190323 0.9966941475868225
-2.173767566680908 0.6749230623245239 -2.372734069824219 -0.01460605207830667 0.01694223470985889 0.07607145607471466 0.99685138463974
-2.101796865463257 0.6860235333442688 -2.533545970916748 -0.01586954668164253 0.02488217316567898 0.061798345297575 0.9976522326469421
-2.292202234268188 0.8188705444335938 -2.665256500244141 -0.0097754942253232 0.023332379758358 0.06355789303779602 0.9976574182510376
-2.363134860992432 1.448681116104126 -2.581349611282349 0.05404923111200333 0.0304882824420929 0.07232498377561569 0.9954488277435303
-2.449511289596558 2.078664302825928 -2.417183637619019 0.1191922277212143 0.03833241760730743 0.08039051294326782 0.9888686537742615
-2.43178653717041 2.148324966430664 -2.575914859771729 0.1177499368786812 0.04802760481834412 0.06753191351890564 0.9895795583724976
-2.418562412261963 2.221369981765747 -2.738147735595703 0.1167931482195854 0.05834729224443436 0.05412659049034119 0.9899622797966003
-2.413357496261597 2.293181180953979 -2.907171010971069 0.1159138008952141 0.06940881907939911 0.04013693332672119 0.9900178909301758
-2.417905807495117 2.365579128265381 -3.079877614974976 0.1153807491064072 0.08087712526321411 0.02584457211196423 0.9896859526634216
-2.439080953598022 2.438951253890991 -3.254731416702271 0.1154407188296318 0.09278596937656403 0.01146066281944513 0.9889049530029297
-2.486492872238159 2.506422996520996 -3.431483030319214 0.1156899929046631 0.105186253786087 -0.003033728571608663 0.9876955151557922
-2.567390918731689 2.562669277191162 -3.606309175491333 0.1161190494894981 0.1178122833371162 -0.01731657423079014 0.9860714077949524
-2.678072214126587 2.607872009277344 -3.77396559715271 0.1170023530721664 0.1308285295963287 -0.03124622814357281 0.9839807152748108
-2.811609268188477 2.638517618179321 -3.931107521057129 0.1184185892343521 0.1440044343471527 -0.04473404586315155 0.9814472198486328
-2.949012756347656 2.656147480010986 -4.0938720703125 0.1201128661632538 0.1568336635828018 -0.05759736895561218 0.9786003828048706
-3.094537019729614 2.659531116485596 -4.258418083190918 0.1223291829228401 0.1700208932161331 -0.06961584836244583 0.9753369092941284
-3.229119777679443 2.648175001144409 -4.436481475830078 0.1249508783221245 0.1831186860799789 -0.08083663880825043 0.9717614650726318
-3.33974552154541 2.625389337539673 -4.637811660766602 0.1282255351543427 0.195893257856369 -0.09109650552272797 0.967928409576416
-3.42232346534729 2.594212770462036 -4.855263233184814 0.1317945122718811 0.2086369693279266 -0.1006717160344124 0.9638288021087646
-3.483200788497925 2.560069799423218 -5.09384298324585 0.1377284079790115 0.2195874005556107 -0.1017252653837204 0.9604499936103821
-3.530745506286621 2.53269362449646 -5.339952945709229 0.1441505700349808 0.2301570177078247 -0.102180577814579 0.9569783806800842
-3.580113887786865 2.5165114402771 -5.594252109527588 0.1505835652351379 0.2404755502939224 -0.1030843108892441 0.9533466100692749
-3.636198043823242 2.516871452331543 -5.85893726348877 0.1570312678813934 0.2498652040958405 -0.1041444540023804 0.9497696757316589
-3.70744514465332 2.559415817260742 -6.123848915100098 0.1645966321229935 0.2584737837314606 -0.1050526648759842 0.946077823638916
-3.812046527862549 2.629136562347412 -6.371909141540527 0.1709878593683243 0.26673424243927 -0.106560043990612 0.9424759745597839
-3.934261798858643 2.731975317001343 -6.615882396697998 0.1779746264219284 0.2740820348262787 -0.1078077182173729 0.9389258027076721
-4.062060356140137 2.849613189697266 -6.844900131225586 0.1848632544279099 0.2803430557250977 -0.109337754547596 0.935563325881958
-4.192234039306641 2.975399255752563 -7.063652038574219 0.1918126493692398 0.2858511507511139 -0.110784225165844 0.9323217868804932
-4.318586826324463 3.097220659255981 -7.27668285369873 0.1984298676252365 0.2903184294700623 -0.1122091040015221 0.9293814301490784
-4.437419891357422 3.218179941177368 -7.495506763458252 0.2051767259836197 0.2935486137866974 -0.1138020530343056 0.9267042875289917
-4.543819427490234 3.318598985671997 -7.710166454315186 0.2114332765340805 0.2959585189819336 -0.1152369007468224 0.9243511557579041
-4.632986545562744 3.415026426315308 -7.934736251831055 0.2179816961288452 0.2968865036964417 -0.1167605519294739 0.922339141368866
-4.702888965606689 3.49352240562439 -8.163207054138184 0.2237152308225632 0.2964327037334442 -0.1182923391461372 0.920915961265564
-4.761432647705078 3.584848642349243 -8.393288612365723 0.2304020673036575 0.2953818440437317 -0.1193477362394333 0.9194676280021667
-4.79685115814209 3.669671535491943 -8.630572319030762 0.236596018075943 0.2928983867168427 -0.1199899539351463 0.9186050891876221
-4.834359645843506 3.767723560333252 -8.842134475708008 0.2447854280471802 0.2904071807861328 -0.1194310337305069 0.9173222780227661
-4.76555871963501 3.818696022033691 -9.083135604858398 0.2540774345397949 0.2780742347240448 -0.1038143187761307 0.9205118417739868
-4.704679489135742 3.891577482223511 -9.293054580688477 0.263006329536438 0.2680575549602509 -0.09428779780864716 0.9219992756843567
-4.596531867980957 3.946953058242798 -9.515064239501953 0.2731718122959137 0.2535796165466309 -0.07464190572500229 0.9249342083930969
-4.523725509643555 4.034928798675537 -9.675334930419922 0.2808773815631866 0.2438328713178635 -0.07275373488664627 0.9253974556922913
-4.415410041809082 4.100800037384033 -9.849508285522461 0.2894882261753082 0.2298257350921631 -0.06098654493689537 0.9271771311759949
-4.3027663230896 4.166879177093506 -10.01319122314453 0.2979644238948822 0.2148169577121735 -0.0485047772526741 0.9288262128829956
-4.182004928588867 4.233946323394775 -10.16881847381592 0.3063618242740631 0.1986827850341797 -0.0358559712767601 0.9302590489387512
-4.056318283081055 4.302388191223145 -10.31220436096191 0.3146357536315918 0.1816564351320267 -0.02260075323283672 0.9313938617706299
-3.943901538848877 4.378165721893311 -10.45125770568848 0.3226703107357025 0.1646142303943634 -0.009086599573493004 0.9320427179336548
-3.826354265213013 4.448415756225586 -10.58242511749268 0.3300554752349854 0.1468034684658051 0.004609052091836929 0.9324649572372437
-3.715569019317627 4.51871395111084 -10.71230792999268 0.3370729088783264 0.1286707669496536 0.0183670949190855 0.9324636459350586
-3.622146606445312 4.584864139556885 -10.85067653656006 0.3435513079166412 0.1104413494467735 0.03207093477249146 0.9320658445358276
-3.552366256713867 4.64633321762085 -10.99850177764893 0.3496745526790619 0.09230010956525803 0.04557981714606285 0.9311987161636353
-3.501210927963257 4.701310157775879 -11.15212059020996 0.3554424941539764 0.0743628665804863 0.05901459604501724 0.9298645257949829
-3.451508522033691 4.746651172637939 -11.30375957489014 0.360385000705719 0.05683378130197525 0.07207098603248596 0.9282770752906799
-3.393754005432129 4.791206359863281 -11.44619560241699 0.3651116490364075 0.0396081916987896 0.08458466082811356 0.9262667298316956
-3.334937334060669 4.833818912506104 -11.58225154876709 0.3694801330566406 0.02329261228442192 0.09664040058851242 0.9239062070846558
-3.273185014724731 4.873916149139404 -11.7128381729126 0.3732049465179443 0.007812597788870335 0.107987180352211 0.9214097261428833
-3.203186273574829 4.912607192993164 -11.83898448944092 0.3765783309936523 -0.007533227559179068 0.1192884966731071 0.9186415672302246
-3.142638921737671 4.951452732086182 -11.95909976959229 0.3794908225536346 -0.02082667872309685 0.1292916834354401 0.9158802628517151
-3.081000089645386 4.986758708953857 -12.07248878479004 0.3818809986114502 -0.03308914229273796 0.1384490132331848 0.913183331489563
-3.022580623626709 5.021561622619629 -12.18127346038818 0.3839455246925354 -0.0441318042576313 0.1468750983476639 0.9105305075645447
-2.967240333557129 5.054384708404541 -12.28666591644287 0.3855927288532257 -0.05411030724644661 0.1547435969114304 0.9079893827438354
-2.912312746047974 5.087643623352051 -12.38678455352783 0.3869934380054474 -0.0631684884428978 0.1618431657552719 0.9055675864219666
-2.858040571212769 5.113431930541992 -12.47686290740967 0.3878934681415558 -0.07131057232618332 0.1683532148599625 0.903388500213623
-2.804482221603394 5.146260261535645 -12.575364112854 0.3887118697166443 -0.07846303284168243 0.1742822676897049 0.9013169407844543
-2.74966835975647 5.174907207489014 -12.6726713180542 0.3877773582935333 -0.08457312732934952 0.1797145158052444 0.9000993371009827
-2.693579912185669 5.20444917678833 -12.77217197418213 0.3867873251438141 -0.08992765843868256 0.1847237944602966 0.8989915251731873
-2.637858152389526 5.241147994995117 -12.87357330322266 0.3862216174602509 -0.09453405439853668 0.1888517588376999 0.8979038000106812
-2.579831123352051 5.274890422821045 -12.9743709564209 0.385543167591095 -0.09841017425060272 0.192647859454155 0.8969719409942627
-2.521734714508057 5.309787273406982 -13.07709503173828 0.3850111961364746 -0.1016044244170189 0.1960356384515762 0.8961099982261658
-2.460997343063354 5.344572067260742 -13.18153667449951 0.3844598233699799 -0.1043398380279541 0.1989107578992844 0.8953984975814819
-2.401945352554321 5.383265972137451 -13.28954696655273 0.384133368730545 -0.1063860952854156 0.2014579623937607 0.8947280049324036
-2.338000059127808 5.418825149536133 -13.39744663238525 0.3836808800697327 -0.1080883741378784 0.2036256343126297 0.8942273259162903
-2.275613784790039 5.45756721496582 -13.5103588104248 0.3834318816661835 -0.1093079820275307 0.2054360806941986 0.893771767616272
-2.213501453399658 5.49541187286377 -13.62531280517578 0.3831596672534943 -0.1099297776818275 0.2071574330329895 0.8934147357940674
-2.148508548736572 5.53714656829834 -13.74123001098633 0.3830771744251251 -0.1104367151856422 0.2085560709238052 0.8930621147155762
-2.078214883804321 5.573483467102051 -13.85331439971924 0.3827553689479828 -0.1108082979917526 0.209609642624855 0.8929073810577393
-2.00818943977356 5.608391761779785 -13.96848106384277 0.382375955581665 -0.1108774393796921 0.2107618898153305 0.8927901387214661
-1.940438032150269 5.653814315795898 -14.09105396270752 0.3813228905200958 -0.110159806907177 0.2107567638158798 0.893330454826355
-1.875149369239807 5.700522899627686 -14.21771240234375 0.3801854252815247 -0.1092868968844414 0.2107070833444595 0.8939339518547058
-1.812172293663025 5.747661590576172 -14.34759712219238 0.3790095448493958 -0.1083040237426758 0.2107251584529877 0.8945484757423401
-1.756965279579163 5.799417972564697 -14.4855318069458 0.377873957157135 -0.1072660014033318 0.2105444520711899 0.895196259021759
-1.708796381950378 5.845779418945312 -14.62515163421631 0.3765570223331451 -0.1061488389968872 0.210582047700882 0.8958752751350403
-1.670750141143799 5.891889095306396 -14.7697639465332 0.3751704692840576 -0.1049617454409599 0.2106455862522125 0.8965815901756287
-1.644068479537964 5.94312572479248 -14.93082809448242 0.3740487992763519 -0.1037352830171585 0.2106081992387772 0.8972015976905823
-1.624309062957764 5.98512077331543 -15.08704566955566 0.3725760579109192 -0.1025524735450745 0.2105661481618881 0.8979598879814148
-1.611600160598755 6.027319431304932 -15.24232578277588 0.3712973594665527 -0.1014173552393913 0.210583969950676 0.8986139893531799
-1.611258387565613 6.073859691619873 -15.41165447235107 0.3702139854431152 -0.1002507731318474 0.2106155902147293 0.8991844058036804
-1.612390279769897 6.11443042755127 -15.57184028625488 0.3690492510795593 -0.09909870475530624 0.2105744034051895 0.8998003005981445
-1.617216944694519 6.152069091796875 -15.72856140136719 0.3679325580596924 -0.09799794852733612 0.2105953097343445 0.900373101234436
-1.62421441078186 6.189863681793213 -15.88182353973389 0.366949051618576 -0.09704875946044922 0.2105605602264404 0.9008851647377014
-1.632874727249146 6.221307277679443 -16.03146934509277 0.3658645153045654 -0.09606475383043289 0.2105923742055893 0.90142422914505
-1.642613530158997 6.258337497711182 -16.17864418029785 0.3651888072490692 -0.09534109383821487 0.2105815559625626 0.9017775058746338
-1.653850555419922 6.283347606658936 -16.3198299407959 0.364163875579834 -0.09450507909059525 0.2105507999658585 0.9022869467735291
-1.663828611373901 6.31715202331543 -16.46013450622559 0.3636603951454163 -0.09409777075052261 0.2105057537555695 0.9025431871414185
-1.675416350364685 6.345121383666992 -16.5951099395752 0.3631503880023956 -0.09370843321084976 0.2103687673807144 0.9028209447860718
-1.688020706176758 6.372235298156738 -16.72525024414062 0.3628694713115692 -0.0933845192193985 0.2105420082807541 0.902927041053772
-1.698970913887024 6.399332046508789 -16.86207962036133 0.3626455068588257 -0.09347593039274216 0.2105341702699661 0.9030094146728516
-1.71065080165863 6.428849220275879 -17.0075740814209 0.362608015537262 -0.09364239871501923 0.2104573845863342 0.9030249714851379
-1.722900748252869 6.458585739135742 -17.16020393371582 0.3627452850341797 -0.09401899576187134 0.2103771567344666 0.9029494524002075
-1.735269546508789 6.490696430206299 -17.32038307189941 0.3631210923194885 -0.09460023790597916 0.2104086428880692 0.9027303457260132
-1.746279001235962 6.522441387176514 -17.48812484741211 0.3635056614875793 -0.09533371031284332 0.2102028429508209 0.9025462865829468
-1.754929900169373 6.553693294525146 -17.66225814819336 0.363892674446106 -0.09621396660804749 0.2097133547067642 0.9024108648300171
-1.765482664108276 6.586931228637695 -17.84383583068848 0.3647139370441437 -0.09685570746660233 0.2096961885690689 0.9020145535469055
-1.773710012435913 6.616920471191406 -18.03055000305176 0.3656175434589386 -0.09744393080472946 0.2097934782505035 0.9015626907348633
-1.779257893562317 6.64840030670166 -18.2236442565918 0.3665127754211426 -0.09810389578342438 0.2092431634664536 0.9012554287910461
-1.780686378479004 6.675399780273438 -18.42248725891113 0.3674014806747437 -0.09854132682085037 0.2088527530431747 0.9009364247322083
-1.78046703338623 6.712033748626709 -18.63110733032227 0.3685258626937866 -0.09904860705137253 0.207770362496376 0.9006717205047607
-1.777346849441528 6.745898246765137 -18.84618949890137 0.3696224391460419 -0.09919709712266922 0.2066389620304108 0.90046626329422
-1.770905375480652 6.783090591430664 -19.06830978393555 0.3708700835704803 -0.09908746927976608 0.2052918821573257 0.9002734422683716
-1.761511564254761 6.823410511016846 -19.29532241821289 0.3721365630626678 -0.09868640452623367 0.2036441564559937 0.9001691937446594
-1.749294877052307 6.87221622467041 -19.52935218811035 0.3735050559043884 -0.09795410186052322 0.2016947567462921 0.9001212120056152
-1.737274646759033 6.932011127471924 -19.76657485961914 0.3747849464416504 -0.09683694690465927 0.1992753744125366 0.9002490043640137
-1.730384707450867 7.004371643066406 -20.00502777099609 0.3760021328926086 -0.09523896127939224 0.1964484453201294 0.900533139705658
-1.731151819229126 7.096906661987305 -20.2490177154541 0.377363383769989 -0.09325941652059555 0.19338658452034 0.9008336067199707
-1.741163492202759 7.205467700958252 -20.49955368041992 0.3788379430770874 -0.09081883728504181 0.1899189651012421 0.9012018442153931
-1.7615886926651 7.315722465515137 -20.74383926391602 0.3802124857902527 -0.08770673722028732 0.1856182813644409 0.9018269777297974
-1.78820276260376 7.432169437408447 -20.9968376159668 0.3815507292747498 -0.08392142504453659 0.1809519976377487 0.9025700092315674
-1.819547057151794 7.550718307495117 -21.25139236450195 0.3827848732471466 -0.07950395345687866 0.1757315695285797 0.9034784436225891
-1.857213854789734 7.672565460205078 -21.51206207275391 0.3839564025402069 -0.07446841895580292 0.1699718087911606 0.9045116901397705
-1.897915005683899 7.792053699493408 -21.76946258544922 0.3850135803222656 -0.06891802698373795 0.1636879146099091 0.9056605696678162
-1.941352009773254 7.909521102905273 -22.02407836914062 0.3859955668449402 -0.06299529224634171 0.1569070667028427 0.9068732857704163
-1.993353962898254 8.022077560424805 -22.27777290344238 0.3868176341056824 -0.05636439844965935 0.149911567568779 0.9081419110298157
-2.051972150802612 8.133936882019043 -22.5255298614502 0.3878776431083679 -0.04948526248335838 0.1424724459648132 0.9092875719070435
-2.123566389083862 8.236588478088379 -22.77481079101562 0.3887071311473846 -0.04218821227550507 0.1346157342195511 0.9104974865913391
-2.207387685775757 8.32422924041748 -23.01578903198242 0.3893783390522003 -0.03458176925778389 0.1266321986913681 0.9116759300231934
-2.297354221343994 8.397670745849609 -23.25521469116211 0.3897122442722321 -0.02703943848609924 0.1179100573062897 0.9129570126533508
-2.401854991912842 8.467113494873047 -23.49082374572754 0.3904215097427368 -0.0191067773848772 0.1095745041966438 0.913892388343811
-2.513577699661255 8.521509170532227 -23.72870445251465 0.3908267915248871 -0.01087106578052044 0.1009337529540062 0.9148490428924561
-2.624070644378662 8.571364402770996 -23.9653205871582 0.3911856412887573 -0.00252620386891067 0.09220153093338013 0.9156780242919922
-2.729127883911133 8.617583274841309 -24.20084953308105 0.3913421332836151 0.005889332387596369 0.08350276947021484 0.9164300560951233
-2.820319652557373 8.657965660095215 -24.43344879150391 0.391040712594986 0.01375864632427692 0.07430455833673477 0.9172658920288086
-2.91709303855896 8.704632759094238 -24.6644287109375 0.3909965753555298 0.02214630506932735 0.06554746627807617 0.917788028717041
-3.01884913444519 8.767457008361816 -24.89999389648438 0.3915044367313385 0.0309333261102438 0.05746776238083839 0.917858898639679
-3.10896110534668 8.827634811401367 -25.1358814239502 0.3915983736515045 0.03916986286640167 0.04951426014304161 0.917967677116394
-3.188315153121948 8.878432273864746 -25.37009429931641 0.3911503851413727 0.04668083414435387 0.041104506701231 0.9182226061820984
-3.269007205963135 8.928469657897949 -25.59366607666016 0.3907763659954071 0.05416320264339447 0.03291398659348488 0.9183010458946228
-3.339034080505371 8.974781036376953 -25.82614898681641 0.3899644315242767 0.06082148849964142 0.02457842789590359 0.9184902310371399
-3.416729211807251 9.027606964111328 -26.05260848999023 0.3890734612941742 0.06761221587657928 0.01707185246050358 0.9185636043548584
-3.492837905883789 9.079906463623047 -26.27649116516113 0.3882403373718262 0.07390859723091125 0.00976070947945118 0.9185377955436707
-3.562577962875366 9.132937431335449 -26.49790573120117 0.3873978555202484 0.07942155748605728 0.002855833154171705 0.9184808731079102
-3.63483190536499 9.18482780456543 -26.7186450958252 0.3864744901657104 0.0847756490111351 -0.003328361315652728 0.918389618396759
-3.706787109375 9.236760139465332 -26.93596076965332 0.3856688439846039 0.0895472913980484 -0.009189647622406483 0.9182355403900146
-3.775718688964844 9.289703369140625 -27.15375137329102 0.3848759233951569 0.09357814490795135 -0.01448357384651899 0.9180980324745178
-3.850017786026001 9.338839530944824 -27.36822700500488 0.3840480744838715 0.09746856987476349 -0.0187542587518692 0.9179624915122986
-3.916624307632446 9.388728141784668 -27.58135986328125 0.3834109306335449 0.1001738756895065 -0.02251425385475159 0.9178531169891357
-3.978061437606812 9.439509391784668 -27.78652954101562 0.3830792307853699 0.1019157394766808 -0.02560562826693058 0.917718768119812
-4.052001476287842 9.493627548217773 -28.00264358520508 0.3828071057796478 0.1034795492887497 -0.02792122773826122 0.9175897836685181
-4.117280960083008 9.545254707336426 -28.21490859985352 0.382662832736969 0.1038314327597618 -0.02920480631291866 0.9175703525543213
-4.18278980255127 9.595724105834961 -28.4230899810791 0.3827963769435883 0.103398323059082 -0.02941842749714851 0.9175566434860229
-4.246670246124268 9.645549774169922 -28.63175582885742 0.3824816048145294 0.1018889024853706 -0.02880970016121864 0.9178760647773743
-4.310894012451172 9.695431709289551 -28.83644104003906 0.3823864161968231 0.09946049749851227 -0.026743208989501 0.9182446002960205
-4.374454498291016 9.744728088378906 -29.03868865966797 0.382457047700882 0.09601736813783646 -0.02362938970327377 0.9186669588088989
-4.437323093414307 9.791620254516602 -29.23938941955566 0.3823415637016296 0.09147775173187256 -0.01947486400604248 0.9192755818367004
-4.498696327209473 9.838448524475098 -29.43780136108398 0.3824566006660461 0.08580821752548218 -0.01394717954099178 0.9198746681213379
-4.561238765716553 9.885188102722168 -29.63651084899902 0.3825905323028564 0.07896129786968231 -0.007024315651506186 0.9205108284950256
-4.623632907867432 9.92972469329834 -29.83018112182617 0.3828494548797607 0.07102562487125397 0.001380326459184289 0.9210752844810486
-4.681713581085205 9.974825859069824 -30.02237701416016 0.3832123577594757 0.06164099648594856 0.01091126166284084 0.9215365648269653
-4.741090774536133 10.01945304870605 -30.2148494720459 0.3835542500019073 0.05099395290017128 0.02212316170334816 0.9218440055847168
-4.801456928253174 10.06367206573486 -30.40525436401367 0.3838784694671631 0.03927123174071312 0.03465985134243965 0.9218968749046326
-4.859632968902588 10.10680198669434 -30.59391784667969 0.3841415643692017 0.02656345814466476 0.04817546159029007 0.9216337203979492
-4.917819976806641 10.15007209777832 -30.77880668640137 0.384395033121109 0.01320997811853886 0.06242905184626579 0.9209606647491455
-4.974669456481934 10.19310665130615 -30.96760559082031 0.3843889832496643 -0.0008247416699305177 0.07738314568996429 0.9199219346046448
-5.031874179840088 10.23571681976318 -31.14837074279785 0.3844172358512878 -0.01514147128909826 0.09263333678245544 0.9183753728866577
-5.088646411895752 10.27604484558105 -31.32707595825195 0.3842202723026276 -0.02955644764006138 0.1080960184335709 0.9164150357246399
-5.145596027374268 10.31467914581299 -31.50062561035156 0.3837732970714569 -0.04372468590736389 0.123318612575531 0.9141109585762024
-5.203317165374756 10.35553359985352 -31.67495918273926 0.3833361268043518 -0.05771688371896744 0.1381563395261765 0.9113917946815491
-5.262199878692627 10.39230060577393 -31.84286880493164 0.3826360106468201 -0.07102189958095551 0.1524308919906616 0.9084660410881042
-5.277594566345215 10.41326236724854 -31.95039749145508 0.3816452622413635 -0.08442890644073486 0.165627047419548 0.9054205417633057
-5.297507762908936 10.43135643005371 -32.05194473266602 0.3804932236671448 -0.09689183533191681 0.1777063012123108 0.9023621082305908
-5.318130016326904 10.44909477233887 -32.14910888671875 0.3793273568153381 -0.1082547008991241 0.1885833144187927 0.8993486166000366
-5.356605529785156 10.46205234527588 -32.23252868652344 0.3782428503036499 -0.1182886734604836 0.1980887353420258 0.8964937925338745
-5.374948501586914 10.36619472503662 -32.23627853393555 0.3735865652561188 -0.1273074150085449 0.208887442946434 0.8947581052780151
-5.465000629425049 10.31278991699219 -32.19923400878906 0.3740993142127991 -0.131064161658287 0.2140973508358002 0.8927677273750305
-5.404873371124268 10.16503143310547 -32.23760223388672 0.3639653325080872 -0.1448110789060593 0.2303164303302765 0.8907936811447144
-5.646666049957275 10.19632720947266 -32.11044692993164 0.3748930692672729 -0.1380335241556168 0.224248930811882 0.8888837695121765
-5.883840084075928 10.19719505310059 -31.94035148620605 0.3851062655448914 -0.1307145059108734 0.2190190255641937 0.8869259357452393
-6.107712268829346 10.18198585510254 -31.74601745605469 0.3946213722229004 -0.1234826147556305 0.2138075679540634 0.8850493431091309
-1.598105311393738 7.172711372375488 -24.01390838623047 0.3922235071659088 -0.07469983398914337 0.2007931470870972 0.8945741057395935
2.775195121765137 5.050471305847168 -17.86013793945312 0.3858948647975922 -0.02765515446662903 0.1848589777946472 0.9034088850021362
6.983164310455322 3.683600902557373 -13.19826984405518 0.3766669034957886 0.01765607856214046 0.1646499931812286 0.9114278554916382
10.85344505310059 3.030946016311646 -9.700765609741211 0.4629651010036469 0.05498921871185303 0.2113841772079468 0.8590438365936279
14.61953639984131 2.682068347930908 -7.360255718231201 0.5456569790840149 0.08690493553876877 0.2464323490858078 0.7962269186973572
18.49071502685547 2.259663581848145 -6.02072286605835 0.6559794545173645 0.08490018546581268 0.3013495206832886 0.6867833733558655
22.33236122131348 1.830988168716431 -5.581010341644287 0.7577225565910339 0.06845368444919586 0.3424404263496399 0.5512759685516357
26.17151832580566 1.22367525100708 -6.0128173828125 0.8352325558662415 0.04046881198883057 0.3663929998874664 0.4080504179000854
30.08196067810059 0.2072799652814865 -7.163165092468262 0.8912116289138794 -0.001466482179239392 0.3818272352218628 0.2448423653841019
31.40365219116211 -3.099645137786865 -7.531557559967041 0.9273601770401001 -0.03481867909431458 0.3496321141719818 -0.1286401152610779
31.43170166015625 -6.802814960479736 -9.36446475982666 0.76527339220047 -0.04969996213912964 0.292555570602417 -0.5712249875068665
32.39548110961914 -5.506908893585205 -12.05234146118164 0.3529643714427948 -0.1658853441476822 0.1750134378671646 -0.9040290713310242
31.70356750488281 -3.711095333099365 -13.51710605621338 -0.1533647030591965 -0.1757254898548126 -0.05627857893705368 -0.9707896709442139
29.81121826171875 -1.854526519775391 -15.20989799499512 -0.5858227014541626 -0.04054883122444153 -0.3446694910526276 -0.7323732972145081
34.56227874755859 -4.79273509979248 -14.99571514129639 -0.7404831647872925 -0.03195220232009888 -0.5368019938468933 -0.4031221568584442
24.56896018981934 -1.484521389007568 -17.60725402832031 -0.7552021741867065 0.1835537552833557 -0.5346481204032898 0.3318569958209991
38.7526741027832 -3.49726939201355 -15.85747718811035 0.1184838488698006 0.1670513153076172 -0.0212313961237669 0.9785727858543396
49.47072982788086 -11.40946674346924 -13.91510200500488 0.3074586689472198 0.5502138137817383 0.7356829643249512 0.2480009496212006
65.11991882324219 -11.26284408569336 -5.396010875701904 0.3076157867908478 -0.1689460128545761 0.3726789653301239 -0.8590344190597534
45.21932601928711 -4.984616279602051 -8.150944709777832 -0.2589479684829712 -0.2999442517757416 -0.3911257386207581 -0.8306624293327332
47.57932662963867 -11.05853366851807 -8.106899261474609 -0.3396850526332855 0.06282777339220047 -0.9372422695159912 -0.04736730828881264
41.80510711669922 -7.953447818756104 -6.741426467895508 -0.5251682996749878 0.3171567022800446 -0.5061278939247131 0.6061720252037048
41.36374664306641 -12.81018829345703 -2.184883832931519 -0.4170156717300415 0.4213568568229675 0.2885512411594391 0.7518606781959534
44.10832595825195 -15.74068737030029 -10.15038013458252 0.07467976212501526 0.09746214002370834 0.8772868514060974 0.4639956057071686
46.23055267333984 -8.921874046325684 -9.692981719970703 0.3533901870250702 -0.117154985666275 0.8956452012062073 -0.243330717086792
42.764892578125 -6.596748828887939 -4.079639434814453 0.4068679511547089 -0.2456971257925034 0.3578397333621979 -0.8037675023078918
44.52062225341797 -11.17532348632812 0.6064931154251099 0.2174003422260284 -0.2053518742322922 -0.4072433710098267 -0.8629719018936157
51.62503433227539 -11.69907569885254 -3.314855575561523 -0.4278278052806854 -0.0176769532263279 0.5078952312469482 -0.7474579215049744
50.52426147460938 -14.3178882598877 -9.743685722351074 -0.5265991687774658 0.1734176427125931 0.7570099830627441 0.3457683026790619
54.31026840209961 -10.47136783599854 -14.06991100311279 0.06287192553281784 0.1202127560973167 0.02430376037955284 0.9904571175575256
58.72931289672852 -14.30572032928467 -15.5123405456543 0.4890000522136688 -0.07934518158435822 -0.7607107162475586 0.4194073975086212
57.59841537475586 -13.03762435913086 -17.53136253356934 0.3635540902614594 -0.3464232385158539 -0.6095744371414185 -0.6133827567100525
60.17960739135742 -13.05875015258789 -18.14862823486328 -0.03200427070260048 -0.2152067422866821 0.3272181749343872 -0.9195597171783447
55.10110092163086 -8.95864200592041 -11.54435539245605 -0.2011853009462357 0.1903916895389557 0.9549477696418762 -0.1065371856093407
60.38082122802734 -16.76221084594727 -15.33067321777344 -0.4065408408641815 0.4762895405292511 0.3390860855579376 0.7020636796951294
63.54124069213867 -11.15481376647949 -2.0370032787323 -0.5889608860015869 -0.04671265557408333 -0.3635915815830231 0.720238983631134
52.40571975708008 -5.691032409667969 -7.20082950592041 -0.09857162833213806 -0.5553488731384277 -0.7856176495552063 -0.2543149292469025
63.8531494140625 -8.905981063842773 -3.662376642227173 0.7313406467437744 -0.1371877193450928 -0.08217106014490128 -0.6629995107650757
49.80913543701172 -7.653502941131592 1.006012439727783 0.3475388586521149 0.6738761067390442 0.6519975662231445 -0.002635115757584572
60.5601921081543 -15.77505397796631 0.06016091257333755 0.7978760600090027 -0.3295012712478638 -0.2180543541908264 -0.4552745521068573
49.40397262573242 -11.84469795227051 5.380319118499756 0.5181342363357544 0.6074020862579346 0.5948116183280945 -0.09380174428224564
58.40684509277344 -14.7863130569458 -4.898035049438477 -0.5917921662330627 0.3555296063423157 0.3746436238288879 0.6188885569572449
51.78689575195312 -10.07135486602783 -0.529782235622406 -0.5872899293899536 -0.4050593376159668 -0.6737446784973145 0.1925764381885529
56.99763488769531 -11.0688419342041 -9.799484252929688 0.3706627488136292 -0.3495084643363953 -0.421627402305603 -0.7501221299171448
53.18146133422852 -9.37629222869873 -4.890817642211914 0.6282640099525452 0.2033315002918243 0.7288680076599121 -0.1808097362518311
59.21591949462891 -9.021965026855469 -11.49748706817627 -0.2506984770298004 0.2612752020359039 0.3401981294155121 0.8678426146507263
52.50518798828125 -6.828121662139893 -6.256984233856201 -0.2887306809425354 0.2754909992218018 -0.8893668055534363 -0.2230828553438187
61.45771408081055 -9.364923477172852 -10.91116333007812 0.1185083910822868 -0.172200083732605 -0.2300852537155151 -0.9504544734954834
61.53913879394531 -10.41061687469482 -3.418069839477539 0.08906794339418411 -0.1318988353013992 0.5500960350036621 0.8197951912879944
61.27347946166992 1.998749256134033 -16.66524505615234 -0.008114716038107872 0.1238729432225227 -0.8952820897102356 -0.4278545379638672
57.71528244018555 5.644265651702881 -26.16713333129883 0.1379256695508957 0.06221538037061691 -0.9837648272514343 0.09650139510631561
59.84290313720703 -0.5201882719993591 -30.17115020751953 0.2251441180706024 -0.1727080196142197 -0.6933383345603943 0.6623926162719727
60.8572998046875 -8.228241920471191 -39.09142303466797 0.07241739332675934 -0.1087566614151001 -0.2478378117084503 0.9599501490592957
74.14151763916016 10.206374168396 -35.03671264648438 0.1299300640821457 -0.3725886344909668 0.5733461976051331 0.7180320620536804
59.80362319946289 5.315946578979492 -17.2867374420166 0.04361888766288757 -0.4530112147331238 0.8711237907409668 -0.1844497323036194
57.84006118774414 1.739901661872864 -19.52795219421387 0.1198164895176888 -0.1076164320111275 0.5945253372192383 -0.7877832651138306
58.33497619628906 -2.302166938781738 -18.50432395935059 0.3607369661331177 0.000862582353875041 -0.09005332738161087 -0.9283095598220825
62.25718307495117 -1.746574401855469 -17.25966262817383 0.4401097595691681 0.09530981630086899 -0.7151740193367004 -0.5345516800880432
61.82930374145508 2.085621118545532 -17.91491317749023 0.2253297716379166 0.06470177322626114 -0.9646373391151428 0.1204786747694016
52.95124435424805 -0.2635483145713806 -15.19825077056885 -0.6043527722358704 0.06053045392036438 -0.6531582474708557 0.4521925151348114
57.35176849365234 -0.9253302216529846 -15.96316528320312 -0.4337278306484222 -0.09280972182750702 -0.09048096090555191 0.8916724324226379
58.77136611938477 3.904065370559692 -16.69906997680664 0.01570072956383228 -0.2093125730752945 0.5099130868911743 0.8342244625091553
56.57043838500977 6.72187614440918 -13.5861701965332 0.4275297224521637 -0.3386672139167786 0.7513226270675659 0.3715335726737976
54.88930130004883 1.945717692375183 -12.33966541290283 0.647230863571167 -0.1410838067531586 0.6217998862266541 -0.417794793844223
60.7387580871582 0.651485800743103 -14.34297275543213 0.4219484329223633 0.2173076868057251 0.02567725256085396 -0.8798168301582336
61.04165649414062 6.909267902374268 -15.20627593994141 -0.1511068195104599 0.3317572772502899 -0.5395079255104065 -0.7589696645736694
56.09284973144531 6.498337268829346 -12.57971668243408 -0.6084263920783997 0.3206114172935486 -0.7258661985397339 0.01199458912014961
59.36389923095703 1.009051442146301 -14.09696388244629 -0.5811149477958679 -0.01706940308213234 -0.2084947228431702 0.7864757180213928
64.89054107666016 9.177517890930176 -15.92704391479492 0.08975972235202789 -0.4362924993038177 0.2849997282028198 0.8487445712089539
56.85956192016602 7.815295219421387 -13.06460571289062 0.6347170472145081 -0.3461217284202576 0.6901845932006836 0.03129320591688156
62.79864120483398 2.329032421112061 -17.24814796447754 0.4260116815567017 0.1629228144884109 0.2839478254318237 -0.8434119820594788
61.63911437988281 11.27592849731445 -15.77599716186523 -0.2873852849006653 0.4747222065925598 -0.490462064743042 -0.671934187412262
55.48891830444336 4.026427745819092 -15.53561687469482 -0.6419088840484619 0.1713912636041641 -0.676022469997406 0.3187032639980316
56.20741653442383 4.826147079467773 -16.50394630432129 -0.5437347292900085 0.06060656532645226 -0.3413093984127045 0.7643215656280518
56.45816802978516 10.73860836029053 -16.75049018859863 0.446838766336441 -0.4393562376499176 0.681601345539093 0.3777840137481689
60.61153030395508 2.020515918731689 -19.29147148132324 0.3674071431159973 0.4071869552135468 0.0845872089266777 -0.8318988680839539
51.64242172241211 6.382845401763916 -20.21837997436523 -0.5919987559318542 0.2069822251796722 -0.7721697092056274 0.1022250056266785
60.89534378051758 6.912415504455566 -22.78347206115723 -0.04012877866625786 -0.5531660318374634 0.3195495009422302 0.7683001160621643
53.12073516845703 0.6524662375450134 -24.14396095275879 0.5918679237365723 0.1254067122936249 0.5949007868766785 -0.5292056202888489
56.2943115234375 4.163216590881348 -20.43596458435059 0.004610377829521894 0.4272055327892303 -0.7358441352844238 -0.5253642201423645
47.35251235961914 3.078484058380127 -15.88619995117188 -0.1488294452428818 -0.5320013165473938 -0.1075202003121376 -0.8265977501869202
56.35214614868164 7.690236568450928 -15.69219398498535 -0.08928576856851578 -0.7363578677177429 0.6688470244407654 0.04948626086115837
50.17463302612305 1.571336507797241 -20.88906288146973 0.09561789780855179 0.1007644012570381 0.4983903467655182 0.8557516932487488
51.22365188598633 7.52895975112915 -12.76534557342529 0.1456849426031113 0.7974234223365784 -0.3765920102596283 0.4484084844589233
55.48755264282227 4.381557941436768 -21.39933776855469 -0.009368177503347397 0.3663397133350372 -0.7182585000991821 -0.5914492607116699
53.53510284423828 2.866775989532471 -20.29709815979004 0.1208705753087997 0.11980901658535 0.3846344649791718 0.9072443842887878
53.30559539794922 8.107519149780273 -13.69540023803711 -0.03420227393507957 -0.8561273217201233 0.5115503668785095 -0.06475017964839935
52.66250991821289 5.866966724395752 -19.58966636657715 -0.177486926317215 -0.07118543982505798 -0.3776475489139557 -0.9059875011444092
52.33840560913086 11.84322261810303 -15.13327980041504 0.0261758379638195 0.8492277860641479 -0.527319073677063 0.007852702401578426
53.30423355102539 6.611460208892822 -19.77857780456543 0.1688033193349838 -0.04667225480079651 0.4393447935581207 0.8810807466506958
50.14857864379883 11.81011199951172 -17.73930740356445 0.1347102224826813 -0.7922099232673645 0.5733023881912231 0.159940779209137
57.83814239501953 2.282063007354736 -15.67709827423096 -0.1099077686667442 0.4787860214710236 -0.5956006646156311 -0.6355659365653992
50.60023880004883 9.365420341491699 -13.24491500854492 -0.2140591591596603 0.3988746404647827 -0.5343500375747681 -0.7138261795043945
53.49702453613281 7.837907791137695 -10.39485740661621 -0.02743491157889366 0.4898629784584045 -0.3406674861907959 -0.8020145297050476
54.81481552124023 5.429610252380371 -7.151753425598145 0.1581758260726929 0.5316928625106812 -0.1183928251266479 -0.8235691785812378
57.52762222290039 6.190296649932861 3.508151292800903 0.5325101017951965 0.7022233605384827 0.03904437646269798 -0.4709469079971313
54.5869255065918 0.3701667785644531 -6.782515048980713 -0.2157774418592453 -0.4578186273574829 -0.3555355668067932 0.7857714891433716
51.98882675170898 23.85368537902832 11.14084339141846 0.7074269652366638 0.3895316421985626 0.2704699337482452 0.5240785479545593
