0 0 0 -1.86186488448925e-09 -7.134694744725945e-12 -1.846218289358603e-09 1
-0.1634634733200073 0.6811186671257019 0.2869293987751007 -0.0004172904009465128 -0.003335725283250213 0.006531475577503443 0.9999729990959167
-0.1349495649337769 0.5504573583602905 0.3167370557785034 -0.01895182207226753 -0.004300071857869625 0.01129597704857588 0.9997473955154419
-0.4947333931922913 0.9874521493911743 0.03866392374038696 -0.0252485703676939 0.002961707767099142 0.01638018153607845 0.9995425939559937
-0.3808959722518921 0.8017633557319641 0.07494005560874939 -0.04644845426082611 0.0002794850734062493 0.01945416443049908 0.9987311959266663
-0.6544774174690247 1.064549446105957 0.05723418295383453 -0.06048881635069847 0.002991873072460294 0.02584354765713215 0.9978298544883728
-0.9562661647796631 1.805201292037964 -0.002064645290374756 -0.06678146123886108 0.005521926563233137 0.03682732954621315 0.9970724582672119
0.6162914037704468 3.028834104537964 0.8270038366317749 -0.06539487838745117 -0.03249726817011833 0.04759154841303825 0.9961940050125122
-1.045375108718872 1.803258419036865 -0.2458331882953644 -0.1138280034065247 0.006021132227033377 0.05087040737271309 0.9921789765357971
-1.007781028747559 1.807736873626709 -0.2008830606937408 -0.1388772130012512 0.002095777308568358 0.05797947198152542 0.9886086583137512
-0.3608384728431702 2.574465751647949 -0.1965562403202057 -0.1470555365085602 -0.01301913615316153 0.06543435901403427 0.9868756532669067
-0.3496793508529663 2.587841033935547 -0.178716778755188 -0.1741411834955215 -0.01616782881319523 0.07522884011268616 0.9817098379135132
-0.3345912098884583 2.601492881774902 -0.1590402126312256 -0.2013344615697861 -0.02029907517135143 0.08460434526205063 0.9756507873535156
-0.3181307911872864 2.613588809967041 -0.1393084228038788 -0.2284014672040939 -0.0254010483622551 0.09319230914115906 0.968763530254364
-0.3032581806182861 2.628825664520264 -0.1182248294353485 -0.2549358010292053 -0.03140407428145409 0.1008054837584496 0.9611762166023254
-0.286752462387085 2.642335653305054 -0.09944978356361389 -0.2807143032550812 -0.0386088602244854 0.1072130501270294 0.9530028104782104
-0.2740323543548584 2.660690784454346 -0.07551932334899902 -0.3057572245597839 -0.04669377580285072 0.1124328449368477 0.9442940354347229
-0.2557203769683838 2.676709651947021 -0.05535280704498291 -0.3296110033988953 -0.05633005872368813 0.116393655538559 0.9352197647094727
-0.2399466037750244 2.692634344100952 -0.03642010688781738 -0.352162629365921 -0.06729570776224136 0.1187544837594032 0.9259321093559265
-0.2232569456100464 2.711443424224854 -0.01195031404495239 -0.3734997808933258 -0.07964188605546951 0.1196284145116806 0.9164300560951233
-0.2070444822311401 2.731523752212524 0.01353538036346436 -0.3932878375053406 -0.09338108450174332 0.1186324432492256 0.906934916973114
-0.193204402923584 2.75206446647644 0.03453570604324341 -0.4110282063484192 -0.1085603758692741 0.1156427413225174 0.8977178335189819
-0.1761113405227661 2.773111581802368 0.05767889320850372 -0.427306592464447 -0.1252069920301437 0.1112648770213127 0.8884551525115967
-0.1605418920516968 2.791742086410522 0.07908917963504791 -0.4418948888778687 -0.1429170221090317 0.1052645370364189 0.8793309926986694
-0.1430389881134033 2.811262130737305 0.1005028933286667 -0.4547934234142303 -0.1615571677684784 0.09819873422384262 0.8702983856201172
-0.1289299726486206 2.829365491867065 0.1196836829185486 -0.4658980369567871 -0.1805745810270309 0.08991200476884842 0.8615380525588989
-0.1140869855880737 2.847365140914917 0.1392355561256409 -0.4753049612045288 -0.2000643610954285 0.08092071115970612 0.8529426455497742
-0.1015092134475708 2.865670442581177 0.1573659777641296 -0.4829137623310089 -0.219498798251152 0.07121706753969193 0.8447145223617554
-0.08778834342956543 2.882098197937012 0.1757810115814209 -0.4889870882034302 -0.2388689965009689 0.06122521683573723 0.8367107510566711
-0.07588648796081543 2.898804187774658 0.1920097172260284 -0.493261992931366 -0.2577939629554749 0.05088205635547638 0.8292442560195923
-0.06189131736755371 2.916855812072754 0.2083477377891541 -0.4928131103515625 -0.2759477198123932 0.04178911820054054 0.8241612315177917
-0.04981279373168945 2.93358325958252 0.2247934639453888 -0.4872294962406158 -0.2928387820720673 0.03421615809202194 0.8219988942146301
-0.03589856624603271 2.950642585754395 0.2424051761627197 -0.481670081615448 -0.3090268671512604 0.02704156562685966 0.8196128010749817
-0.02268075942993164 2.96819806098938 0.259731113910675 -0.476191520690918 -0.3241355717182159 0.02023866213858128 0.8171707987785339
-0.009873270988464355 2.983876943588257 0.2764971852302551 -0.4709024429321289 -0.3379558920860291 0.0138369407504797 0.8147670030593872
0.001368284225463867 2.999243974685669 0.2924513518810272 -0.4659265279769897 -0.3502373993396759 0.007897836156189442 0.8125170469284058
0.01261520385742188 3.014664173126221 0.3080224692821503 -0.4613915383815765 -0.3609207570552826 0.002704095561057329 0.8104608058929443
0.02370846271514893 3.030039548873901 0.3236894607543945 -0.4574728906154633 -0.3698290884494781 -0.001638666028156877 0.8086670637130737
0.03274869918823242 3.043870687484741 0.3388446569442749 -0.4543412625789642 -0.3766810297966003 -0.005119917448610067 0.8072541952133179
0.041800856590271 3.056829214096069 0.3545871376991272 -0.4521575272083282 -0.3814516365528107 -0.007481641136109829 0.8062209486961365
0.04977548122406006 3.06979513168335 0.3699989318847656 -0.4510232508182526 -0.3838484287261963 -0.008540584705770016 0.8057081699371338
0.05609679222106934 3.077668905258179 0.3878243565559387 -0.4408668875694275 -0.3825578391551971 -0.003841958474367857 0.8119551539421082
0.06288135051727295 3.086608648300171 0.4067452549934387 -0.4297347068786621 -0.3786790072917938 0.003157425438985229 0.819707453250885
0.0679326057434082 3.097681522369385 0.4236195385456085 -0.4174040853977203 -0.3721735775470734 0.01208833139389753 0.8289238214492798
0.07165658473968506 3.107383489608765 0.4401565194129944 -0.4041873216629028 -0.363068014383316 0.02266989462077618 0.8392261266708374
0.07432782649993896 3.117658615112305 0.4571290016174316 -0.3900014758110046 -0.3515329360961914 0.03474238514900208 0.8503625392913818
0.07526946067810059 3.129532337188721 0.4725848436355591 -0.3748224973678589 -0.3375093936920166 0.04809287935495377 0.8621384501457214
0.07768189907073975 3.137672662734985 0.4905575215816498 -0.3588604032993317 -0.3213500380516052 0.06228506937623024 0.8741132616996765
0.0778193473815918 3.140416622161865 0.5070473551750183 -0.3423313200473785 -0.3027071058750153 0.07698492705821991 0.8861439228057861
0.08198690414428711 3.138610124588013 0.5226509571075439 -0.3251011669635773 -0.2820924520492554 0.0922224298119545 0.8979020714759827
0.08257019519805908 3.143067598342896 0.540977418422699 -0.3069238066673279 -0.2596163153648376 0.1077190414071083 0.9092820882797241
0.1016367673873901 3.144327878952026 0.5575269460678101 -0.2878741323947906 -0.23602594435215 0.1239435747265816 0.9198142290115356
0.1203439235687256 3.146620512008667 0.5743055939674377 -0.2682828903198242 -0.2107100635766983 0.1399711072444916 0.9295341372489929
0.1407164335250854 3.145722389221191 0.5904502868652344 -0.2482890635728836 -0.1839710623025894 0.1553528904914856 0.9382818341255188
0.1611647605895996 3.140322208404541 0.6051046848297119 -0.2281118333339691 -0.1558579057455063 0.1698679476976395 0.9459483027458191
0.1826696395874023 3.141767501831055 0.6201217174530029 -0.2076262980699539 -0.1266453564167023 0.1837547421455383 0.952410876750946
0.2016364336013794 3.137460947036743 0.6329015493392944 -0.1871031373739243 -0.09651657193899155 0.1959970891475677 0.9577380418777466
0.223225474357605 3.131055355072021 0.6453515291213989 -0.166811466217041 -0.06575547158718109 0.2068608701229095 0.9617997407913208
0.243998646736145 3.104444026947021 0.6649146676063538 -0.1477129906415939 -0.03429429978132248 0.2160015106201172 0.9645455479621887
0.2335824966430664 3.050006151199341 0.735284149646759 -0.1315716505050659 -0.0002268157404614612 0.2230049967765808 0.9658973813056946
0.324426531791687 3.034450054168701 0.7545965313911438 -0.1138183623552322 0.03069322183728218 0.2329781204462051 0.9653105735778809
0.3133732080459595 3.040211200714111 0.7504557371139526 -0.09407556802034378 0.06246398389339447 0.2335874140262604 0.9657561779022217
0.3275595903396606 3.050248861312866 0.7481231689453125 -0.07514654099941254 0.09309522807598114 0.2338238060474396 0.9648900628089905
0.3335831165313721 3.071176052093506 0.7460837364196777 -0.05600425973534584 0.1238847672939301 0.2323914170265198 0.9630733728408813
0.2764536142349243 3.035267114639282 0.725626528263092 -0.03897944092750549 0.1540914475917816 0.2264834940433502 0.96095871925354
0.3490849733352661 3.017743825912476 0.7423403263092041 -0.02369994670152664 0.1819963008165359 0.2244159579277039 0.9570544362068176
0.162276029586792 2.996484279632568 0.7383381128311157 -0.008415396325290203 0.2113150358200073 0.2104879021644592 0.9544475078582764
0.2820185422897339 2.881368160247803 0.7817798852920532 0.001427444512955844 0.2368486523628235 0.2083225697278976 0.948948085308075
0.3360821008682251 2.804984569549561 0.7831004858016968 0.01229950878769159 0.2620397508144379 0.1981542557477951 0.944414496421814
0.4665766954421997 3.026177406311035 0.7988176345825195 0.02612508460879326 0.2799613773822784 0.1829174309968948 0.9420617818832397
0.3324453830718994 3.192271947860718 0.6255084276199341 0.04533246532082558 0.301667332649231 0.1686651259660721 0.9372801184654236
0.3498361110687256 3.199825286865234 0.6631492376327515 0.05297635868191719 0.3208518028259277 0.1556830853223801 0.9327434897422791
0.3699040412902832 3.208978891372681 0.705258846282959 0.05962023884057999 0.3379499614238739 0.1435713022947311 0.9282363057136536
0.3929110765457153 3.219579696655273 0.7515132427215576 0.06543352454900742 0.3526929020881653 0.1327665448188782 0.9239583611488342
0.4191939830780029 3.235250949859619 0.7998713850975037 0.07053019106388092 0.3647856712341309 0.1230501160025597 0.9202258586883545
0.4443051815032959 3.251787900924683 0.8535114526748657 0.07490143179893494 0.3744355142116547 0.1150922924280167 0.9170287847518921
0.4692820310592651 3.27445650100708 0.912137508392334 0.07874931395053864 0.3814300298690796 0.108693353831768 0.9146013259887695
0.4977959394454956 3.298993110656738 0.9724671840667725 0.08176515996456146 0.3854157030582428 0.1043080165982246 0.9131753444671631
0.5271073579788208 3.32373046875 1.034929990768433 0.08397108316421509 0.3862609565258026 0.1023257002234459 0.9128420948982239
0.5568563938140869 3.356390237808228 1.103127956390381 0.08570525795221329 0.3840718567371368 0.1022621616721153 0.9136115312576294
0.5904457569122314 3.391056776046753 1.173092722892761 0.0863182544708252 0.3784541189670563 0.1049289852380753 0.9155936241149902
0.5997110605239868 3.483883857727051 1.23797619342804 0.0842415988445282 0.3706525564193726 0.1012787595391273 0.9193816781044006
0.610343337059021 3.578597068786621 1.306510925292969 0.08154350519180298 0.3596424758434296 0.09868362545967102 0.924267053604126
0.6238325834274292 3.677909851074219 1.374725222587585 0.07727266848087311 0.3456372320652008 0.09721501916646957 0.9301145672798157
0.6404284238815308 3.782661199569702 1.446286082267761 0.07199200987815857 0.329103410243988 0.09675760567188263 0.9365608096122742
0.6610828638076782 3.889999389648438 1.515101909637451 0.06561709195375443 0.3098047971725464 0.09700927138328552 0.9435595870018005
0.6781470775604248 4.002588272094727 1.593601822853088 0.05863241478800774 0.289240837097168 0.09832264482975006 0.9503865838050842
0.6971920728683472 4.115527153015137 1.679643750190735 0.0506831631064415 0.2672634422779083 0.1003736779093742 0.957040548324585
0.742806077003479 4.22126579284668 1.771381139755249 0.04136353358626366 0.2434997111558914 0.1041561961174011 0.9634047150611877
0.8166226148605347 4.377763748168945 1.867771744728088 0.03227410092949867 0.2175108790397644 0.1067292988300323 0.9696681499481201
1.079484820365906 4.11082935333252 1.932891488075256 0.008390401490032673 0.1839424073696136 0.1148452162742615 0.9761687517166138
1.024494528770447 4.301608562469482 2.19024133682251 -0.003862198675051332 0.1620093286037445 0.1132162883877754 0.9802653789520264
0.9015735387802124 4.896692276000977 1.973725914955139 -4.339269798947498e-05 0.1301843225955963 0.1064053475856781 0.9857635498046875
0.8766764402389526 4.906821250915527 2.232522249221802 -0.01625207252800465 0.1102645471692085 0.1099979877471924 0.9876629114151001
0.6394113302230835 4.851082801818848 2.446100234985352 -0.0346422977745533 0.09334075450897217 0.1041302606463432 0.9895678162574768
1.007192015647888 4.98466682434082 2.266774892807007 -0.04257373139262199 0.05105624720454216 0.1145916283130646 0.9911859631538391
1.037196755409241 5.21280574798584 2.161470890045166 -0.05004708468914032 0.02132505737245083 0.1147057935595512 0.9919087886810303
1.73080050945282 5.385199546813965 1.967926383018494 -0.05676612257957458 -0.03152303770184517 0.1311754137277603 0.9892305135726929
2.354706287384033 5.402056694030762 1.807766675949097 -0.06728436052799225 -0.07903284579515457 0.1479289829730988 0.9835363626480103
3.174967288970947 5.343673706054688 1.808946967124939 -0.07897261530160904 -0.1282893717288971 0.1746668666601181 0.9730347990989685
2.532070159912109 5.382803916931152 2.347928285598755 -0.09326309710741043 -0.1079270392656326 0.1685144156217575 0.9753238558769226
2.357276439666748 5.604516983032227 2.620784759521484 -0.099228136241436 -0.1098124459385872 0.1661001443862915 0.9749388098716736
1.279749035835266 5.739842414855957 3.338949680328369 -0.1105689182877541 -0.06330335140228271 0.1508529931306839 0.9803114533424377
0.2956926822662354 5.960655212402344 4.107070922851562 -0.1189597919583321 -0.01720802672207355 0.1368325054645538 0.9832748174667358
-0.4908819794654846 6.238556861877441 4.885653495788574 -0.1245532780885696 0.02400173805654049 0.1274867355823517 0.983695924282074
-1.017170906066895 6.567353248596191 5.59987735748291 -0.1252060234546661 0.05582952126860619 0.1263059079647064 0.9824730753898621
-1.420657157897949 6.835903167724609 6.282196521759033 -0.1271141469478607 0.08421336859464645 0.1278463304042816 0.9800028204917908
-1.94246244430542 6.967340469360352 7.098503112792969 -0.1389476507902145 0.1205955594778061 0.1179692000150681 0.9758245944976807
-2.23485803604126 7.040370941162109 7.911909580230713 -0.1563416868448257 0.142541229724884 0.1109473779797554 0.9710458517074585
-2.37775182723999 7.324341773986816 8.618731498718262 -0.1621339917182922 0.156106099486351 0.1057494580745697 0.9685868620872498
-2.32392406463623 7.715401649475098 9.171302795410156 -0.1593801379203796 0.1631155759096146 0.1047631651163101 0.967995822429657
-2.408653974533081 7.613409042358398 9.207405090332031 -0.161882072687149 0.1628150045871735 0.1069337800145149 0.9673936367034912
-2.522308588027954 7.501263618469238 9.237015724182129 -0.1642861068248749 0.1626013815402985 0.1085645109415054 0.9668425321578979
-2.642802476882935 7.375073432922363 9.244169235229492 -0.1676339507102966 0.1624610424041748 0.1113038808107376 0.9659796357154846
-2.768439531326294 7.26695442199707 9.25132942199707 -0.1701567322015762 0.1627124100923538 0.1131565570831299 0.9652807712554932
-2.81908655166626 7.183591842651367 9.257791519165039 -0.1724264770746231 0.1604019701480865 0.1167688146233559 0.964834451675415
-2.85603141784668 7.081033706665039 9.263777732849121 -0.1762784272432327 0.158072292804718 0.1202573403716087 0.9640940427780151
-2.856166362762451 7.025234222412109 9.301382064819336 -0.1799433082342148 0.1561102867126465 0.1235056966543198 0.9633257389068604
-2.846750974655151 6.945415496826172 9.358242988586426 -0.1861817091703415 0.1541688591241837 0.1276419013738632 0.9619125127792358
-2.833160638809204 6.882701873779297 9.413043975830078 -0.1921303123235703 0.1516799777746201 0.132717490196228 0.9604505300521851
-2.927463054656982 6.817687034606934 9.582558631896973 -0.2004812508821487 0.1604336500167847 0.1344634145498276 0.9570724964141846
-3.126580238342285 6.688284873962402 9.579798698425293 -0.2073823362588882 0.1583290547132492 0.1404242366552353 0.955094575881958
-3.321427822113037 6.559822082519531 9.578655242919922 -0.2152575850486755 0.1550859957933426 0.1476495712995529 0.9527917504310608
-3.517270088195801 6.432408332824707 9.57877254486084 -0.2235882133245468 0.1510138213634491 0.1551540791988373 0.9503318071365356
-3.712057113647461 6.299271583557129 9.578665733337402 -0.232659637928009 0.1464337259531021 0.163420245051384 0.9474811553955078
-3.908833980560303 6.168927192687988 9.580095291137695 -0.241888627409935 0.1414135992527008 0.1716706454753876 0.9444686770439148
-4.107516288757324 6.043997764587402 9.58131217956543 -0.2508923411369324 0.1359000653028488 0.1800696104764938 0.9413602352142334
-4.306175708770752 5.91868782043457 9.582499504089355 -0.2598605453968048 0.1302909404039383 0.1883065551519394 0.9381030797958374
-4.509489059448242 5.80300235748291 9.578309059143066 -0.2679010629653931 0.124518096446991 0.1961294710636139 0.9350174069404602
-4.710185527801514 5.667492866516113 9.581433296203613 -0.2769831418991089 0.1185225918889046 0.2044105231761932 0.9313695430755615
-4.908169269561768 5.542638778686523 9.580787658691406 -0.2848760485649109 0.1127930954098701 0.2123823761940002 0.9279100298881531
-5.099972724914551 5.410493850708008 9.57729434967041 -0.2925887703895569 0.1069663539528847 0.2199604511260986 0.9244280457496643
-5.288875579833984 5.279995918273926 9.577882766723633 -0.2997970879077911 0.1013873592019081 0.2272522002458572 0.9209770560264587
-5.475212574005127 5.151880264282227 9.578522682189941 -0.3063236474990845 0.09638988226652145 0.2342557013034821 0.9176051616668701
-5.666487693786621 5.019803047180176 9.575699806213379 -0.3117586374282837 0.09221368283033371 0.2400227040052414 0.9147088527679443
-5.854365825653076 4.895711898803711 9.576136589050293 -0.3162840902805328 0.08884967863559723 0.2454102784395218 0.9120547771453857
-6.039248466491699 4.770472526550293 9.577243804931641 -0.3197140991687775 0.08639571070671082 0.2498907297849655 0.9098754525184631
-6.230161190032959 4.642807960510254 9.580666542053223 -0.3220723867416382 0.08554355800151825 0.2531976401805878 0.9082084894180298
-6.419630527496338 4.511290550231934 9.58488941192627 -0.3233592808246613 0.08593681454658508 0.2553721070289612 0.9071046113967896
-6.605134010314941 4.390032768249512 9.588104248046875 -0.3228724300861359 0.08756105601787567 0.2565989792346954 0.9067763686180115
-6.791117668151855 4.265843391418457 9.591897964477539 -0.3210043907165527 0.09091737121343613 0.2563933432102203 0.9071674346923828
-6.973316192626953 4.134376525878906 9.598986625671387 -0.3177412748336792 0.09582582116127014 0.2549844086170197 0.9082075953483582
-7.154333591461182 4.003511428833008 9.607141494750977 -0.3130677044391632 0.1023643314838409 0.252349466085434 0.909851610660553
-7.335157871246338 3.872073173522949 9.615934371948242 -0.3071010708808899 0.110340915620327 0.2484806180000305 0.9120149612426758
-7.515974998474121 3.74318790435791 9.624167442321777 -0.2997666299343109 0.1194982901215553 0.2434944361448288 0.9146423935890198
-7.696273803710938 3.608726739883423 9.638518333435059 -0.2914325594902039 0.1298996359109879 0.2374605238437653 0.9174996614456177
-7.870077133178711 3.479194402694702 9.654090881347656 -0.2820948660373688 0.1408581733703613 0.230827808380127 0.9204890131950378
-8.045422554016113 3.349061727523804 9.671037673950195 -0.272017240524292 0.1525542438030243 0.2233598381280899 0.9234956502914429
-8.226027488708496 3.214542388916016 9.690676689147949 -0.2612336277961731 0.1650842577219009 0.2150725871324539 0.9264167547225952
-8.40184497833252 3.076605319976807 9.718753814697266 -0.2499183416366577 0.177679106593132 0.2062499076128006 0.929210364818573
-8.574158668518066 2.939576864242554 9.746681213378906 -0.2382446378469467 0.1904834061861038 0.1972525119781494 0.9316903352737427
-8.742276191711426 2.788180112838745 9.781940460205078 -0.2266899794340134 0.2031838744878769 0.1881373971700668 0.9337732195854187
-8.90277099609375 2.630820274353027 9.82795238494873 -0.215243861079216 0.2157144397497177 0.1790041029453278 0.9354650974273682
-9.057882308959961 2.476553440093994 9.876656532287598 -0.2038350999355316 0.2275967746973038 0.1699756234884262 0.9368880987167358
-9.202762603759766 2.30707311630249 9.947765350341797 -0.1931475102901459 0.2391552180051804 0.1611595749855042 0.9378307461738586
-9.342735290527344 2.123992681503296 10.03032493591309 -0.1831390857696533 0.2501090168952942 0.1526146978139877 0.9384105205535889
-9.457863807678223 1.961036682128906 10.12907695770264 -0.1732593178749084 0.2599901854991913 0.1447542011737823 0.9388464689254761
-9.542080879211426 1.79716682434082 10.25303840637207 -0.1642395406961441 0.2686896026134491 0.137553483247757 0.9391006827354431
-9.601698875427246 1.614863634109497 10.39517307281494 -0.1565442383289337 0.2764180302619934 0.1311991661787033 0.9390813708305359
-9.60230541229248 1.490056991577148 10.58148574829102 -0.1502785086631775 0.2827743589878082 0.1262966990470886 0.9388845562934875
-9.652973175048828 1.431124806404114 10.64970684051514 -0.1411189436912537 0.2863712906837463 0.1208482533693314 0.9399323463439941
-9.74421501159668 1.297075986862183 10.82088279724121 -0.1373254358768463 0.2903029918670654 0.1168453767895699 0.9397941827774048
-9.875232696533203 1.145342111587524 10.98392200469971 -0.1352899074554443 0.2933641076087952 0.1136712580919266 0.9395280480384827
-9.989240646362305 1.008790731430054 11.13827610015869 -0.1346077173948288 0.2945935130119324 0.1120646223425865 0.9394344091415405
-10.20514869689941 0.8025369644165039 11.34207820892334 -0.1367520242929459 0.2969619333744049 0.1100854501128197 0.938612699508667
-10.2622652053833 0.6962993741035461 11.486083984375 -0.1386854648590088 0.2949715554714203 0.1122625842690468 0.9386987686157227
-10.5773983001709 0.6383254528045654 11.59286785125732 -0.1374956220388412 0.2947287559509277 0.109413243830204 0.9392862915992737
-10.72743701934814 0.4945683777332306 11.71616840362549 -0.1431908309459686 0.2922683358192444 0.1119981333613396 0.9388993978500366
-10.79631996154785 0.5171395540237427 11.76345729827881 -0.1483205854892731 0.2863703966140747 0.1180150657892227 0.9391834735870361
-11.06356239318848 0.5175037384033203 11.78315353393555 -0.1521798670291901 0.2827260494232178 0.1194937974214554 0.9394831657409668
-11.3320426940918 0.5336875915527344 11.83164596557617 -0.1568789333105087 0.2788560688495636 0.1214186027646065 0.9396200776100159
-11.54678249359131 0.5442748665809631 11.86861419677734 -0.1625355631113052 0.2739803493022919 0.1251458525657654 0.939603865146637
-11.80071640014648 0.5427100658416748 11.90194988250732 -0.168113186955452 0.2696544229984283 0.1282496303319931 0.939455509185791
-12.04665279388428 0.5439523458480835 11.92862796783447 -0.1736358255147934 0.2651211619377136 0.1315756142139435 0.9392812252044678
-12.28520202636719 0.5699105858802795 11.9501314163208 -0.1784934252500534 0.2604918479919434 0.13520747423172 0.9391502141952515
-12.46328735351562 0.5812413096427917 11.9469575881958 -0.1837425976991653 0.2545625567436218 0.1398482918739319 0.9390840530395508
-12.64543342590332 0.613208532333374 11.92736721038818 -0.1878666132688522 0.2488407343626022 0.1440315842628479 0.9391694664955139
-12.9174690246582 0.6233175992965698 11.93202304840088 -0.191557452082634 0.2457506656646729 0.1462484747171402 0.938895046710968
-13.12304973602295 0.6311673521995544 11.91829586029053 -0.1952038407325745 0.2428630590438843 0.1497737914323807 0.9383392930030823
-13.49891757965088 0.6849852204322815 11.90517997741699 -0.195674329996109 0.243416041135788 0.1495596468448639 0.9381322860717773
-13.97389221191406 0.7782076001167297 11.88115882873535 -0.1942915022373199 0.2461596727371216 0.1470987051725388 0.9380929470062256
-14.2108325958252 0.7913281917572021 11.73568344116211 -0.193060040473938 0.246467262506485 0.1470354050397873 0.9382762908935547
-14.4197473526001 0.7968724966049194 11.55893898010254 -0.190740630030632 0.2475998252630234 0.1465380042791367 0.9385302066802979
-14.59800720214844 0.7793759703636169 11.3588981628418 -0.1876454204320908 0.2492509484291077 0.1457240432500839 0.938843846321106
-14.77935123443604 0.7333293557167053 11.15324020385742 -0.1834576427936554 0.2518487274646759 0.144016906619072 0.9392414689064026
-14.97533512115479 0.6890130043029785 10.96800804138184 -0.1785515546798706 0.2548075318336487 0.142150029540062 0.9396733641624451
-15.2139720916748 0.6917344331741333 10.81963634490967 -0.1727695167064667 0.2581469416618347 0.1397157460451126 0.9402074813842773
-15.46829891204834 0.7116209864616394 10.70136165618896 -0.1668285429477692 0.2617581784725189 0.137072280049324 0.9406711459159851
-15.72575950622559 0.730125904083252 10.59203815460205 -0.1606033444404602 0.2656214833259583 0.1342618465423584 0.9410768747329712
-16.01640701293945 0.7537150382995605 10.49284648895264 -0.1535914242267609 0.2702038884162903 0.1303940117359161 0.9414865374565125
-16.22771644592285 0.7641903162002563 10.32550716400146 -0.1459656059741974 0.2722324430942535 0.1281365603208542 0.9424247145652771
-16.45860862731934 0.7160614132881165 10.17390155792236 -0.1389728635549545 0.275420069694519 0.1250581592321396 0.9429691433906555
-16.66656494140625 0.6237488389015198 10.01027488708496 -0.132068857550621 0.27825066447258 0.122060514986515 0.9435230493545532
-16.86888694763184 0.5079845786094666 9.847793579101562 -0.1253181844949722 0.2806284427642822 0.1191486641764641 0.9441116452217102
-17.09228706359863 0.4020103216171265 9.705789566040039 -0.1188575178384781 0.2823835909366608 0.1164011433720589 0.9447662830352783
-17.3306770324707 0.3116419613361359 9.578178405761719 -0.112700343132019 0.2831977009773254 0.1140374317765236 0.9455649852752686
-17.58817100524902 0.221078634262085 9.468639373779297 -0.1072099134325981 0.2833684682846069 0.1118717864155769 0.9464106559753418
-17.84360694885254 0.1262044906616211 9.362715721130371 -0.1023075506091118 0.2823142111301422 0.1102327182888985 0.9474601149559021
-18.09232521057129 0.02885150909423828 9.254612922668457 -0.09795242547988892 0.279716432094574 0.1092497929930687 0.9488037824630737
-18.3474235534668 -0.08779007196426392 9.167960166931152 -0.09493782371282578 0.2763921618461609 0.1087593287229538 0.9501397609710693
-18.60940551757812 -0.1951449513435364 9.083880424499512 -0.09222174435853958 0.2715965211391449 0.1088328137993813 0.951780378818512
-18.87950134277344 -0.3105997443199158 9.029502868652344 -0.09108049422502518 0.2656242847442627 0.1093558967113495 0.9535142779350281
-19.15067672729492 -0.4257282614707947 8.998143196105957 -0.0910368487238884 0.2580612897872925 0.1106529459357262 0.9554436802864075
-19.41681480407715 -0.544732928276062 8.960224151611328 -0.09160743653774261 0.2488132566213608 0.1126686111092567 0.9576042294502258
-19.67452812194824 -0.6692423820495605 8.92221736907959 -0.09310344606637955 0.2385492026805878 0.1152665391564369 0.959760308265686
-19.92632865905762 -0.8027207851409912 8.869336128234863 -0.09538445621728897 0.2274647802114487 0.118221141397953 0.9618656039237976
-20.16776657104492 -0.9353216886520386 8.830087661743164 -0.09894721955060959 0.2162028402090073 0.1212532445788383 0.9637237787246704
-20.40815734863281 -1.066437602043152 8.76671314239502 -0.1024769395589828 0.2045950889587402 0.1245087459683418 0.9654723405838013
-20.63299942016602 -1.209721446037292 8.670862197875977 -0.1061719208955765 0.1920649111270905 0.1284560561180115 0.9671284556388855
-20.8411979675293 -1.348540544509888 8.609220504760742 -0.111151248216629 0.1800715178251266 0.1324054300785065 0.9683431386947632
-21.02425193786621 -1.500417709350586 8.417270660400391 -0.1140210255980492 0.1645151823759079 0.1376207768917084 0.9700486660003662
-21.20806121826172 -1.651482105255127 8.288382530212402 -0.1186749413609505 0.1504844278097153 0.1420606672763824 0.971127986907959
-21.36987686157227 -1.813368320465088 8.141933441162109 -0.1237180680036545 0.1358963698148727 0.1466833502054214 0.9719619750976562
-21.50656509399414 -1.977089881896973 7.988860130310059 -0.1288534253835678 0.1209538877010345 0.151618555188179 0.9725115895271301
-21.64150619506836 -2.139915943145752 7.834501266479492 -0.1336589902639389 0.107121542096138 0.1561176329851151 0.9727731943130493
-21.77090263366699 -2.302020311355591 7.693779468536377 -0.1382360756397247 0.09471125900745392 0.1602242141962051 0.9727532267570496
-21.88687324523926 -2.488722801208496 7.582799434661865 -0.1431515514850616 0.08357036858797073 0.1637632697820663 0.9724737405776978
-21.94825172424316 -2.704995393753052 7.628842830657959 -0.1471967995166779 0.0749182254076004 0.1667838245630264 0.9720614552497864
-21.80305671691895 -2.797210216522217 7.79619026184082 -0.1511570811271667 0.05979230627417564 0.1714630424976349 0.9716876149177551
-21.69710922241211 -2.82266092300415 8.003634452819824 -0.1541651040315628 0.04801661148667336 0.1753849983215332 0.9711682200431824
-21.59197425842285 -2.832087516784668 8.219810485839844 -0.1573978066444397 0.03732907027006149 0.1791271269321442 0.9704360365867615
-21.50970840454102 -2.829235553741455 8.431423187255859 -0.1598809361457825 0.02876911126077175 0.1820635050535202 0.9697749018669128
-21.43344116210938 -2.818762063980103 8.634439468383789 -0.1616933047771454 0.02142725512385368 0.1846367716789246 0.9691777229309082
-21.35400772094727 -2.810098886489868 8.827513694763184 -0.1631206125020981 0.01497424580156803 0.1869778782129288 0.9686107635498047
-21.28731727600098 -2.794067621231079 9.017379760742188 -0.1639161258935928 0.009977475740015507 0.1888525485992432 0.9681769609451294
-21.2313289642334 -2.780525684356689 9.196578025817871 -0.1640303730964661 0.00653015123680234 0.1901674419641495 0.9679296016693115
-21.17734146118164 -2.762451887130737 9.372615814208984 -0.1634570509195328 0.004143259488046169 0.1912157088518143 0.9678332209587097
-21.13241004943848 -2.742703676223755 9.53746509552002 -0.1621710360050201 0.003044519573450089 0.1917818486690521 0.9679416418075562
-21.08175849914551 -2.727764129638672 9.697649955749512 -0.1609489470720291 0.002630328293889761 0.1923680603504181 0.9680305123329163
-21.03203582763672 -2.723455429077148 9.835169792175293 -0.1593329161405563 0.003058246104046702 0.1926779896020889 0.9682348966598511
-20.97873306274414 -2.724253416061401 9.962039947509766 -0.1576211303472519 0.004117149859666824 0.192920446395874 0.9684628844261169
-20.93390655517578 -2.711244583129883 10.09476184844971 -0.1546379029750824 0.006511073093861341 0.1925022751092911 0.9690138101577759
-20.89684104919434 -2.69894003868103 10.2190465927124 -0.1511649340391159 0.01002676971256733 0.1917256712913513 0.9696853756904602
-20.86440467834473 -2.682920455932617 10.33745861053467 -0.1469438225030899 0.01444447692483664 0.1905859857797623 0.9705029726028442
-20.83762168884277 -2.669563293457031 10.44836139678955 -0.1422249972820282 0.01996300369501114 0.1889718621969223 0.971423327922821
-20.8028736114502 -2.660731315612793 10.54944896697998 -0.137385368347168 0.02587370201945305 0.1873848885297775 0.9722873568534851
-20.77036285400391 -2.653157234191895 10.63970565795898 -0.1319421976804733 0.03261105716228485 0.1855182349681854 0.9731962084770203
-20.73807334899902 -2.64728307723999 10.72264862060547 -0.1261147558689117 0.04004884138703346 0.1833598613739014 0.9740998148918152
-20.71492004394531 -2.637906312942505 10.79877376556396 -0.1193836554884911 0.04862075671553612 0.1806437075138092 0.9750648736953735
-20.69723701477051 -2.62745475769043 10.86893939971924 -0.111976757645607 0.05806229636073112 0.1774488091468811 0.9760132431983948
-20.68116760253906 -2.620752096176147 10.92918395996094 -0.104144886136055 0.06829233467578888 0.1739602237939835 0.976845920085907
-20.66750717163086 -2.615400075912476 10.97982597351074 -0.09587904065847397 0.07908567786216736 0.1702127903699875 0.9775378704071045
-20.65739822387695 -2.611216068267822 11.02383422851562 -0.08714307844638824 0.09056636691093445 0.1660914421081543 0.9780682921409607
-20.64624404907227 -2.609913110733032 11.05680274963379 -0.07817306369543076 0.1023793518543243 0.1619409322738647 0.9783571362495422
-20.63862419128418 -2.606111764907837 11.08545207977295 -0.06870802491903305 0.1146256625652313 0.1574570089578629 0.9784412980079651
-20.63540458679199 -2.601318597793579 11.10872745513916 -0.05891441181302071 0.1272672265768051 0.1527970880270004 0.9782561659812927
-20.63170433044434 -2.601746320724487 11.11752605438232 -0.04905766993761063 0.1399693042039871 0.1481748074293137 0.9777761697769165
-20.62823486328125 -2.604849338531494 11.11799430847168 -0.03925109654664993 0.1526043564081192 0.1436357349157333 0.977005660533905
-20.62874412536621 -2.608493328094482 11.11819458007812 -0.0291678998619318 0.1654495745897293 0.1388487964868546 0.9759593605995178
-20.62600517272949 -2.609189033508301 11.12794303894043 -0.01911605522036552 0.1779942959547043 0.1342356652021408 0.9746453166007996
-20.62304306030273 -2.606000185012817 11.14465045928955 -0.008947215974330902 0.1903302371501923 0.1296574920415878 0.9730792641639709
-20.62656784057617 -2.612544298171997 11.15339088439941 0.0008979566628113389 0.2025940716266632 0.1250738352537155 0.9712422490119934
-20.61740303039551 -2.608139276504517 11.18136215209961 0.01057727728039026 0.2139575034379959 0.1211203411221504 0.9692472219467163
-20.60724830627441 -2.602746248245239 11.2130880355835 0.02006076835095882 0.2247553616762161 0.1175695955753326 0.9670884013175964
-20.59611701965332 -2.598741292953491 11.2464771270752 0.02910642325878143 0.2348717749118805 0.1142772063612938 0.9648464322090149
-20.59003448486328 -2.60123610496521 11.27361011505127 0.03768599778413773 0.2444849610328674 0.1113483756780624 0.9625011086463928
-20.58097839355469 -2.599613189697266 11.31116390228271 0.04585951194167137 0.2531740963459015 0.1089050397276878 0.9601768255233765
-20.58018112182617 -2.605717420578003 11.33920574188232 0.053425133228302 0.2611935436725616 0.1067513823509216 0.9578766822814941
-20.56847381591797 -2.604084730148315 11.38527202606201 0.06035017594695091 0.2678735554218292 0.1057602986693382 0.9557282328605652
-20.5593433380127 -2.606114864349365 11.42918300628662 0.06644214689731598 0.2735351622104645 0.1052989512681961 0.9537693858146667
-20.54490280151367 -2.604456424713135 11.47833251953125 0.07191656529903412 0.2778302431106567 0.1060331165790558 0.9520479440689087
-20.53434753417969 -2.608309507369995 11.52321147918701 0.07288498431444168 0.2816189527511597 0.1084354519844055 0.9505894780158997
-20.51352310180664 -2.597970247268677 11.589599609375 0.07416512072086334 0.2835298776626587 0.1112907081842422 0.9495918750762939
-20.49379539489746 -2.589490652084351 11.66071605682373 0.07533475011587143 0.284280389547348 0.1147077679634094 0.9488685131072998
-20.46709251403809 -2.575214385986328 11.74144744873047 0.076532281935215 0.283651202917099 0.1186382472515106 0.9484776258468628
-20.45601654052734 -2.576656103134155 11.80456352233887 0.07750479876995087 0.2822217047214508 0.1228358373045921 0.9482907652854919
-20.43071365356445 -2.562244176864624 11.89308738708496 0.07857556641101837 0.2792512178421021 0.1274994760751724 0.9484664797782898
-20.41411209106445 -2.556287288665771 11.97325611114502 0.07943113893270493 0.2753183543682098 0.1324008256196976 0.9488734006881714
-20.37662696838379 -2.530565977096558 12.08265018463135 0.08044359087944031 0.2697333693504333 0.1376914381980896 0.9496387839317322
-20.34766960144043 -2.513851404190063 12.18249416351318 0.08119522780179977 0.2633128762245178 0.1432510763406754 0.9505539536476135
-20.32551574707031 -2.508075952529907 12.27616024017334 0.0794815868139267 0.2566046118736267 0.1494798511266708 0.9515737295150757
-20.30136108398438 -2.500690698623657 12.36980247497559 0.07472045719623566 0.2493685483932495 0.1566505432128906 0.9527291655540466
-20.27978897094727 -2.490323781967163 12.47611999511719 0.06883992254734039 0.2413593232631683 0.1642624586820602 0.9539520740509033
-20.26028823852539 -2.48226261138916 12.58204460144043 0.06181633472442627 0.232630729675293 0.1719812899827957 0.9552403092384338
-20.24210357666016 -2.477526187896729 12.69051074981689 0.0535159669816494 0.223295733332634 0.1800387650728226 0.956483781337738
-20.22103881835938 -2.471319913864136 12.80366802215576 0.0440317764878273 0.213243156671524 0.1885087192058563 0.9576288461685181
-20.19573974609375 -2.458759307861328 12.92857074737549 0.03345960378646851 0.2024199813604355 0.1970444768667221 0.9586867094039917
-20.17767143249512 -2.453594207763672 13.04816913604736 0.02152907475829124 0.1913390457630157 0.2053851932287216 0.9595534801483154
-20.14567184448242 -2.435672044754028 13.18518352508545 0.008428189903497696 0.1790798157453537 0.2142683267593384 0.9601814746856689
-20.12298583984375 -2.422480344772339 13.3194580078125 -0.005959308706223965 0.1666552573442459 0.2230860441923141 0.9604287147521973
-20.10357856750488 -2.411373853683472 13.45265007019043 -0.02161512523889542 0.1537144780158997 0.2315451949834824 0.9603601694107056
-20.092529296875 -2.406732797622681 13.58026599884033 -0.03853889554738998 0.1407323628664017 0.2396536022424698 0.9598308801651001
-20.07868766784668 -2.398007154464722 13.71076488494873 -0.05654347315430641 0.1273191869258881 0.247646376490593 0.9587825536727905
-20.06559371948242 -2.392292499542236 13.83931064605713 -0.07552682608366013 0.1137994900345802 0.2553961277008057 0.9571406245231628
-20.05767250061035 -2.387373208999634 13.96784019470215 -0.0951048731803894 0.1001520603895187 0.2626766860485077 0.9549479484558105
-20.05910301208496 -2.384966135025024 14.09873962402344 -0.1151175275444984 0.08644562959671021 0.2695785462856293 0.9521567821502686
-20.06623268127441 -2.387775897979736 14.22433471679688 -0.1352886110544205 0.07322271913290024 0.2755435705184937 0.948900043964386
-20.06880950927734 -2.387275695800781 14.35338973999023 -0.1555410176515579 0.06004257500171661 0.2811585068702698 0.9450670480728149
-20.06974792480469 -2.384425163269043 14.48397636413574 -0.1755382716655731 0.04708331078290939 0.2862164378166199 0.9407708048820496
-20.09306144714355 -2.392014503479004 14.60912704467773 -0.1950613707304001 0.034885473549366 0.2902276217937469 0.9362169504165649
-20.11440086364746 -2.395390510559082 14.73588943481445 -0.2138996422290802 0.02262174896895885 0.2918744385242462 0.9319573044776917
-20.13808631896973 -2.400761365890503 14.86301612854004 -0.231953039765358 0.01108786184340715 0.2925395667552948 0.9276288747787476
-20.1663818359375 -2.40795111656189 14.98819541931152 -0.2489268332719803 0.0004585582646541297 0.2925413846969604 0.9232848286628723
-20.21162414550781 -2.419847726821899 15.10892009735107 -0.2646400034427643 -0.009177243337035179 0.2920856773853302 0.9190033674240112
-20.25631141662598 -2.43241810798645 15.22821807861328 -0.2789378464221954 -0.01758498139679432 0.291260302066803 0.9149054884910583
-20.30073165893555 -2.443816184997559 15.34851264953613 -0.2916693687438965 -0.02465253137052059 0.2902137041091919 0.9110967516899109
-20.36351203918457 -2.461328506469727 15.4591064453125 -0.302670419216156 -0.03006346523761749 0.2889804244041443 0.9077318906784058
-20.42716217041016 -2.478940725326538 15.56864738464355 -0.31179079413414 -0.03376035392284393 0.2878453135490417 0.9048712253570557
-20.49176597595215 -2.496186017990112 15.6784782409668 -0.3188908994197845 -0.03545272722840309 0.2868461906909943 0.9026466012001038
-20.57076072692871 -2.520394563674927 15.77521705627441 -0.3237480819225311 -0.03598405793309212 0.2829380333423615 0.9021299481391907
-20.65063095092773 -2.547167539596558 15.87275505065918 -0.3263325095176697 -0.03531556949019432 0.2766045331954956 0.9031887054443359
-20.7295970916748 -2.566351413726807 15.9700231552124 -0.3260651230812073 -0.03308247402310371 0.269155889749527 0.9056169986724854
-20.81805610656738 -2.584671974182129 16.05836868286133 -0.3232762813568115 -0.02924630045890808 0.2607322633266449 0.909206211566925
-20.90702247619629 -2.603875637054443 16.14602279663086 -0.3182046711444855 -0.02382896654307842 0.2512722313404083 0.9138054251670837
-20.99707412719727 -2.619878053665161 16.23229217529297 -0.3109723329544067 -0.01713608391582966 0.2409924119710922 0.919198215007782
-21.09185791015625 -2.63568639755249 16.31336784362793 -0.3017447888851166 -0.009109372273087502 0.2298469841480255 0.9252229928970337
-21.18654251098633 -2.651583433151245 16.39477729797363 -0.2907688021659851 1.231136502610752e-05 0.2180227637290955 0.9316220283508301
-21.28120040893555 -2.665140390396118 16.47453308105469 -0.2781723737716675 0.01007830444723368 0.2055903673171997 0.9382170438766479
-21.3759937286377 -2.677012920379639 16.55420875549316 -0.2641307413578033 0.02095096744596958 0.1927185654640198 0.9448046088218689
-21.46811866760254 -2.68615198135376 16.63473129272461 -0.2488072961568832 0.03242665901780128 0.1794606447219849 0.951229453086853
-21.55764770507812 -2.693636178970337 16.71758651733398 -0.2324977070093155 0.04444742202758789 0.1659571528434753 0.9573021531105042
-21.64690971374512 -2.697772264480591 16.80041694641113 -0.2151780277490616 0.0568191334605217 0.1522448062896729 0.9629598259925842
-21.73355865478516 -2.698629379272461 16.88724517822266 -0.1972885429859161 0.06948119401931763 0.1384647786617279 0.9680275321006775
-21.8180103302002 -2.697803497314453 16.97439384460449 -0.1789129674434662 0.08214368671178818 0.1249076649546623 0.9724405407905579
-21.90013122558594 -2.694360494613647 17.06505584716797 -0.1603237092494965 0.09472636878490448 0.1115448102355003 0.9761562943458557
-21.97844505310059 -2.685159683227539 17.15755081176758 -0.1415882259607315 0.1069065928459167 0.09872195869684219 0.9791719317436218
-22.06391716003418 -2.685348749160767 17.25044441223145 -0.123378686606884 0.1192570701241493 0.08609820902347565 0.9813982844352722
-22.1473331451416 -2.683025360107422 17.34590339660645 -0.1055467575788498 0.1310373842716217 0.0742122158408165 0.9829453825950623
-22.22595596313477 -2.673685550689697 17.4435920715332 -0.088198222219944 0.1420162916183472 0.06332939863204956 0.9838912487030029
-22.3001537322998 -2.681725978851318 17.54124641418457 -0.07235345244407654 0.1522753536701202 0.05309752002358437 0.9842550158500671
-22.37616729736328 -2.692468404769897 17.63482284545898 -0.05760679394006729 0.161760613322258 0.04372810199856758 0.9841762185096741
-22.44871520996094 -2.687165975570679 17.73554992675781 -0.04375132918357849 0.1699847429990768 0.03612751141190529 0.9838118553161621
-22.52409744262695 -2.682065963745117 17.8360481262207 -0.03132446110248566 0.1773805022239685 0.02975726500153542 0.9831933975219727
-22.59644889831543 -2.68496036529541 17.93875122070312 -0.02043854258954525 0.1838142871856689 0.02447454072535038 0.9824437499046326
-22.67396354675293 -2.691349506378174 18.0443172454834 -0.01110223028808832 0.1895568370819092 0.02012864127755165 0.9816006422042847
-22.74684715270996 -2.699116945266724 18.15471267700195 -0.00307143316604197 0.1941104233264923 0.01680446043610573 0.9808309078216553
-22.83738708496094 -2.712927341461182 18.27492523193359 0.003400277113541961 0.1985148787498474 0.01432838849723339 0.9799872636795044
-22.9212589263916 -2.724795341491699 18.39713668823242 0.008538057096302509 0.2016713470220566 0.01280321646481752 0.9793323874473572
-23.01259231567383 -2.741350889205933 18.52401161193848 0.01229713018983603 0.2043598741292953 0.01214419770985842 0.978743314743042
-23.09816741943359 -2.765895366668701 18.66387557983398 0.01434027682989836 0.2057624161243439 0.01199779566377401 0.9784232378005981
-23.18756294250488 -2.785334587097168 18.79610633850098 0.01538180001080036 0.2067844867706299 0.01262155547738075 0.9781841635704041
-23.28381729125977 -2.817915439605713 18.94879531860352 0.01453119236975908 0.2070604860782623 0.0135674187913537 0.9781261682510376
-23.38430786132812 -2.85344123840332 19.10268592834473 0.01235244236886501 0.2068319767713547 0.0148793775588274 0.9781854152679443
-23.49133110046387 -2.891401529312134 19.2654857635498 0.008632649667561054 0.206133708357811 0.01670631766319275 0.97834312915802
-23.59628868103027 -2.931673526763916 19.42916488647461 0.00356592470780015 0.2046410590410233 0.01881367154419422 0.9786497354507446
-23.71587371826172 -2.975317716598511 19.6069278717041 -0.003089963458478451 0.2030861526727676 0.02125765010714531 0.9789252281188965
-23.83680534362793 -3.02762246131897 19.78956985473633 -0.01138858869671822 0.2009331285953522 0.02365144155919552 0.9792531728744507
-23.95991516113281 -3.074011087417603 19.9699764251709 -0.02082643657922745 0.1983121037483215 0.02651850692927837 0.9795587658882141
-24.08252143859863 -3.132532358169556 20.16025924682617 -0.03206766396760941 0.1949457973241806 0.02894283831119537 0.9798622727394104
-24.20357513427734 -3.177865982055664 20.34559631347656 -0.04416267201304436 0.1908674538135529 0.03193777799606323 0.9801017045974731
-24.34347724914551 -3.231573820114136 20.54955101013184 -0.0580090768635273 0.1870799362659454 0.03473152220249176 0.9800152182579041
-24.47859573364258 -3.293585777282715 20.75367736816406 -0.07346915453672409 0.1823446452617645 0.03704793006181717 0.9797857999801636
-24.62166976928711 -3.361625909805298 20.96731567382812 -0.09039711207151413 0.1773491054773331 0.03887361660599709 0.9792163372039795
-24.77162551879883 -3.431517839431763 21.18576431274414 -0.1085252240300179 0.1720820963382721 0.04077868536114693 0.9782367348670959
-24.92679023742676 -3.504541635513306 21.4017219543457 -0.1274395883083344 0.1665747165679932 0.04247904941439629 0.9768354296684265
-25.08354568481445 -3.583623170852661 21.61949729919434 -0.147176057100296 0.1602634191513062 0.04402131587266922 0.9750471711158752
-25.25529289245605 -3.671595335006714 21.84420394897461 -0.167334720492363 0.1542701572179794 0.04535820707678795 0.9726985692977905
-25.42866134643555 -3.779458284378052 22.0587272644043 -0.1878396421670914 0.1485323756933212 0.04671166092157364 0.9697795510292053
-25.58610725402832 -3.91749119758606 22.26590728759766 -0.2090778201818466 0.1419079452753067 0.04793277382850647 0.9663597345352173
-25.74240684509277 -4.066348075866699 22.4664249420166 -0.2301478981971741 0.1352219432592392 0.04881663247942924 0.9624780416488647
-25.90350914001465 -4.202842712402344 22.66171646118164 -0.2508273422718048 0.1290530264377594 0.05006256699562073 0.9580839276313782
-26.0612850189209 -4.307836532592773 22.88656234741211 -0.2729787230491638 0.1214996725320816 0.04979416728019714 0.9530168175697327
-26.24995231628418 -4.396149635314941 23.03473854064941 -0.2925172746181488 0.1149279177188873 0.05109744518995285 0.9479526281356812
-26.45156860351562 -4.431460380554199 23.20847129821777 -0.3123096525669098 0.1093695312738419 0.05211054533720016 0.9422236680984497
-26.64728355407715 -4.441531181335449 23.36959075927734 -0.3316932022571564 0.1030988842248917 0.0526636429131031 0.9362567663192749
-26.84089088439941 -4.440775871276855 23.52210807800293 -0.3500509262084961 0.09707406163215637 0.05343351140618324 0.9301535487174988
-27.00005149841309 -4.433557510375977 23.71536827087402 -0.3682725131511688 0.09176164120435715 0.05381899327039719 0.9236117005348206
-27.14633178710938 -4.481306076049805 23.88375663757324 -0.3848921954631805 0.08723236620426178 0.05477416515350342 0.9171959161758423
-27.34188842773438 -4.499890327453613 23.99735069274902 -0.4006166458129883 0.08144882321357727 0.05445590987801552 0.9109922647476196
-27.54190826416016 -4.510555267333984 24.0954761505127 -0.4160259962081909 0.07446038722991943 0.05228138342499733 0.9047898054122925
-27.73476600646973 -4.51432991027832 24.19918060302734 -0.4307283163070679 0.06968219578266144 0.05026891455054283 0.8983821272850037
-27.92510795593262 -4.514311790466309 24.2968807220459 -0.4448156654834747 0.06347044557332993 0.04660971462726593 0.8921536803245544
-28.09641456604004 -4.505921363830566 24.3642749786377 -0.4470057189464569 0.03832325339317322 0.04735855013132095 0.8924541473388672
-28.81600379943848 -3.465450763702393 24.07283401489258 -0.2323797941207886 0.0714433565735817 -0.126419797539711 0.9617242813110352
-27.26997375488281 -3.613131284713745 25.01664733886719 -0.1576139032840729 -0.3072734773159027 -0.3041969537734985 0.887809157371521
-27.51770782470703 -3.887634515762329 27.89259147644043 -0.1387971192598343 -0.7751390933990479 -0.3485453426837921 0.508341372013092
-29.90093231201172 -3.099148511886597 28.65398597717285 -0.08575914800167084 -0.9609971642494202 -0.2624057829380035 -0.01652325317263603
-28.66839599609375 -1.618222713470459 27.93010330200195 -0.1404557377099991 -0.9859501123428345 0.06476641446352005 -0.06308722496032715
-25.98964691162109 -2.01931619644165 25.42635536193848 -0.5172837972640991 -0.1152954325079918 0.6353136301040649 -0.5616948008537292
-28.03095436096191 -2.741095304489136 28.47536087036133 -0.07733726501464844 0.9582003355026245 0.2140711545944214 -0.1733342409133911
-24.71263313293457 -3.333777666091919 24.43036079406738 0.5028750896453857 0.07720122486352921 -0.8060579299926758 0.3023694753646851
-23.51461601257324 1.090436935424805 22.02040863037109 -0.3271432518959045 -0.6863576769828796 0.6223433613777161 -0.1859551668167114
-23.9415168762207 -3.751488447189331 27.34579086303711 -0.6479334831237793 0.02237693592905998 0.7492009401321411 -0.1355710625648499
-24.86113166809082 3.001416206359863 29.96115303039551 0.3202257752418518 -0.8444706797599792 -0.3756738603115082 0.2078318148851395
-24.86379814147949 6.425923347473145 28.05181694030762 -0.1290459185838699 0.9645054936408997 -0.1869060695171356 0.134693831205368
-24.23794937133789 -4.392329216003418 28.39200592041016 -0.7552940249443054 0.0002969481574837118 0.6517518758773804 0.06892219930887222
-18.76419067382812 4.875368118286133 28.01755905151367 0.3179367184638977 -0.02967311255633831 -0.8113691806793213 0.4896078705787659
-25.09366989135742 -3.313251972198486 24.5738582611084 0.473647803068161 0.06818418204784393 -0.8304714560508728 0.2851768136024475
-33.203125 3.124260187149048 21.15423393249512 -0.7410961985588074 -0.03409168496727943 0.01544484123587608 0.6703549027442932
-38.42903900146484 -5.199429512023926 8.469592094421387 0.6679832339286804 0.2412983328104019 -0.6827510595321655 -0.1715360879898071
-41.06277084350586 7.405327796936035 30.09773635864258 0.8160770535469055 0.05380040034651756 -0.3042263388633728 -0.4884364902973175
-16.54103469848633 -16.7989673614502 -1.702807307243347 -0.5434957146644592 0.09749224781990051 -0.3776762783527374 0.7432821989059448
-54.95255279541016 23.60651016235352 75.43247222900391 0.405064195394516 -0.3084859848022461 0.5860501527786255 -0.6303211450576782
22.39501762390137 -69.71678924560547 -68.41048431396484 0.6394965648651123 0.1601199954748154 -0.7518237233161926 -0.01292108558118343
-54.14253616333008 83.74703216552734 253.5994873046875 0.004958460573107004 -0.5986892580986023 0.775506317615509 -0.200341060757637
108.6507720947266 -285.3173522949219 -357.6361694335938 -0.3319840431213379 -0.2657946646213531 0.8636825084686279 -0.2705407738685608
355.6109313964844 400.0406494140625 685.0809936523438 0.864978551864624 -0.2708699405193329 -0.382071852684021 -0.1801736801862717
360.1087646484375 -1597.735229492188 -166.9193115234375 -0.7085589170455933 0.4951667189598083 0.4534528851509094 -0.2171052396297455
289.1851196289062 2429.42626953125 2076.16748046875 -0.3419832289218903 -0.260006844997406 0.8629477024078369 -0.2660175263881683
478.8974609375 -4194.26220703125 2801.50634765625 0.03234217315912247 0.5653161406517029 0.2815085053443909 -0.7746770977973938
6721.3046875 7086.5654296875 4318.98974609375 0.7062738537788391 -0.6264044046401978 -0.2805316746234894 0.1734845787286758
-4262.22900390625 -2475.36767578125 2131.4150390625 0.1776154339313507 -0.2225825935602188 -0.688345730304718 0.667150616645813
-7754.521484375 2890.589599609375 1382.306396484375 0.1669736504554749 0.498942643404007 0.2543134987354279 -0.8114806413650513
9680.2841796875 -18701.55078125 7345.9580078125 -0.754167377948761 0.6482865810394287 0.103963129222393 0.01215549372136593
-15924.6494140625 -3382.35693359375 -2051.725341796875 0.5415829420089722 0.4162757992744446 -0.7051628828048706 -0.1901256293058395
35528.171875 -61947.68359375 30449.05859375 0.5443772077560425 -0.7430663108825684 -0.1938004791736603 0.3375608325004578
-30518.736328125 -17668.080078125 -32677.70703125 -0.7652735114097595 -0.06215157732367516 0.620284378528595 0.1604398339986801
112059.0546875 -38848.25390625 51665.94921875 -0.5998650789260864 0.6847949624061584 0.2729741930961609 -0.3109710514545441
-179939.046875 -84597.796875 -80611.59375 0.6573285460472107 -0.6338581442832947 -0.3167924880981445 0.2564870417118073
413506.03125 29341.390625 156677.375 0.7309569120407104 0.1685696840286255 -0.6242165565490723 -0.2182659953832626
-743691.8125 -165328.625 -388521.53125 0.7504443526268005 -0.512098491191864 -0.3937432765960693 0.1398374438285828
1584828.625 104556.546875 703486.6875 -0.6318636536598206 0.6639136075973511 0.287516862154007 -0.2780309319496155
-3039868.5 -429207.5625 -1550579.5 -0.3631148338317871 -0.6564692258834839 0.5166540145874023 0.4126311838626862
