1.0 5.163766956346392e-17 1.6205143179293655e-17 0.0 5.163766956346392e-17 -1.0 -8.655353231958865e-18 0.0 1.6205143179293655e-17 8.655353231958865e-18 -1.0 0.0
0.9999147046016155 0.003934842331523937 0.012453936618200715 0.00320530659519136 0.003696684282143782 -0.9998109600729295 0.01908870460155451 0.06877942383289337 0.012526693369850822 -0.019041038151143556 -0.9997402266685804 -0.117445133626461
0.9996309644639646 0.008557566722874313 0.02578183346132937 -0.09061194956302643 0.007507092020888946 -0.9991485134228654 0.040569590757955756 0.111697293817997 0.026107057556034045 -0.040361072541022225 -0.998844034556499 -0.1940583288669586
0.99910517928536 0.013872416573669416 0.03995493440834087 -0.2027657926082611 0.011288901024216081 -0.997874763348642 0.06417567596493853 0.1343914717435837 0.04076029242821612 -0.0636672029407443 -0.9971384486774484 -0.2337721884250641
0.9983089115105027 0.019619805554782977 0.05472093227191802 -0.3108416199684143 0.014679353150734428 -0.9958994686226449 0.08926793930751153 0.149131178855896 0.056247966983628446 -0.08831371143331054 -0.994503320549048 -0.2613244652748108
0.9972138115189226 0.025966713033454932 0.06993099405943476 -0.4109258353710175 0.01777388995699392 -0.9931685158373786 0.1153273080635075 0.1611863672733307 0.07244793269444733 -0.1137630386532317 -0.9908628906587853 -0.2826549708843231
0.9958494640919652 0.03275667275119261 0.0849166959909342 -0.4997394382953644 0.020449991888445797 -0.9896641438939565 0.14193900141400384 0.1693363189697266 0.08868845866012086 -0.13961333274767623 -0.9862263810198845 -0.3021918535232544
0.9941680827043791 0.04017666421741051 0.1000782642948019 -0.5816683769226074 0.02281125896675513 -0.9853573231865429 0.16896920461138007 0.1769657582044601 0.10540146961143573 -0.16570087898080757 -0.9805272810629684 -0.3189653754234314
0.9922061096763575 0.047900527360814335 0.11503293180417228 -0.6548091173171997 0.024652314827183594 -0.9803741696384003 0.19559844293725223 0.1829688251018524 0.12214458356623471 -0.1912381420751937 -0.9739140997649938 -0.3339662551879883
0.9900358157495721 0.055871427401731066 0.12925736781001151 -0.7159291505813599 0.026072044898012434 -0.974777573633373 0.22165046901883675 0.1874326467514038 0.13838111145642507 -0.21607189900939774 -0.966521392650239 -0.3468335866928101
0.9876384209008208 0.06373379552653119 0.14320737714348256 -0.7711119055747986 0.0267146710277855 -0.9686808917400079 0.24686768992652786 0.1890758872032166 0.15445606466698072 -0.23999027748132928 -0.9584090936557438 -0.3577713966369629
0.9851441465083433 0.07169955941732065 0.15604545421033578 -0.8146523833274841 0.02722886200764314 -0.9623917134775206 0.27029757472750354 0.1915998756885529 0.16955706907739537 -0.2620331334185884 -0.9500468605898973 -0.3670747876167297
0.9826106643531523 0.07953970191872264 0.1677787773174462 -0.848855197429657 0.02754423825504339 -0.9560454442951392 0.291921947413104 0.1931608617305756 0.18362352038452442 -0.2822242800702845 -0.9416113096710359 -0.3762244880199432
0.9800643405076938 0.08700553347635212 0.1786167002542431 -0.8744605779647827 0.02758185350117939 -0.9498920772838458 0.311358768739246 0.1949952840805054 0.1967565242187873 -0.3002250466864402 -0.9333551261548126 -0.3815027475357056
0.9776238159728169 0.09393397851309149 0.1882234898291118 -0.8908805251121521 0.027499384918275145 -0.9441540577388107 0.3283548371570841 0.1959810853004456 0.20855564790209885 -0.3158314786971697 -0.9256106194248718 -0.3853404819965363
0.9753721156271954 0.10007576944394794 0.196555530136221 -0.8983968496322632 0.027390296931500517 -0.9392013884071105 0.3422725867611374 0.1969081461429596 0.21885841928272565 -0.32845942273644374 -0.9188119502513606 -0.3858904242515564
0.9733804338434466 0.1054498159372482 0.20349660274693437 -0.9105236530303955 0.027501883559369424 -0.93519641678918 0.35305992186223106 0.1974045038223267 0.22753939749289576 -0.33806508004151853 -0.9132019624623522 -0.3889846503734589
0.9709193654703783 0.11165800136420398 0.21177364445546465 -0.9127007722854614 0.02721461041661921 -0.930318655061132 0.3657411174931223 0.194823682308197 0.23785489428319478 -0.3493417964924863 -0.9063031272642352 -0.3958901762962341
0.9705695974665168 0.11286965285346537 0.21273245624121803 -0.9490821361541748 0.030476423533637935 -0.9338296700614049 0.35641736057830564 0.1962143778800964 0.23888458318251063 -0.3394445297508061 -0.9097865503182448 -0.3987466394901276
0.9699191985100832 0.11450210701051225 0.21481623740236863 -0.9745917320251465 0.031193802448878344 -0.9336537588498874 0.35681592631811776 0.1949810832738876 0.24142016289104343 -0.33938168199776086 -0.9091404615756757 -0.4057289958000183
0.9698254258452279 0.11478108897340465 0.2150905506948232 -1.00527560710907 0.03135212486912521 -0.9336316827989788 0.35685981160693714 0.1937372982501984 0.24177611058645498 -0.3393481729551925 -0.9090583753872243 -0.4160289168357849
0.9703823849740411 0.11327847434167553 0.21336825954887234 -1.040049314498901 0.03334176753475844 -0.9375913274737105 0.3461370092661919 0.1901063174009323 0.23926210203404702 -0.3287711816703344 -0.9135990130431085 -0.4278586506843567
0.9714464278007976 0.1103951939825264 0.21001128316981071 -1.081399917602539 0.035626788708545465 -0.9429935563359585 0.3308986017425557 0.1861395388841629 0.23456890211489395 -0.31396823701518306 -0.9200007479921913 -0.4404950737953186
0.9716686101955074 0.11008313712634255 0.20914543954185166 -1.111212611198425 0.037753021353793687 -0.9458362028048914 0.32244160222013 0.1817420423030853 0.23331271148266108 -0.3054105112533742 -0.9231953196786482 -0.4576627910137177
0.9749894481954322 0.10118823035534807 0.19788005949342105 -1.1732257604599 0.040825011747078095 -0.9567341992923961 0.288085040083981 0.1766040027141571 0.21846943567331742 -0.27280141851150813 -0.936936759730715 -0.4772730767726898
0.977235282966388 0.0951162415309653 0.18964203732987678 -1.22514796257019 0.04310601629920617 -0.9642419310405119 0.26149449283317017 0.1707173436880112 0.20773317762075433 -0.24736693194581885 -0.9463913185861843 -0.5013660192489624
0.9796711769307771 0.0883966621462654 0.18008446688280733 -1.28062117099762 0.045044723138235654 -0.971691275466299 0.23192032705236684 0.1644264459609985 0.19548748811232297 -0.21909380480533017 -0.9559197386221598 -0.5290811061859131
0.9822263732427168 0.08139422691809473 0.16913406378037696 -1.335991978645325 0.046668626299279176 -0.9786912599186153 0.1999636393903936 0.1614906340837479 0.18180591581628233 -0.18851630588179594 -0.9650949235131658 -0.5640913844108582
0.9847603890850194 0.0741705451758611 0.157307680414647 -1.394493341445923 0.0476317230862876 -0.9849377827557348 0.1662190815040434 0.1599804908037186 0.16726683785183594 -0.15619313150241965 -0.9734605850400495 -0.6035222411155701
0.9871893745265584 0.0667938764109495 0.14489898859502645 -1.454741954803467 0.04773286462075289 -0.9901995729796494 0.13124930211630553 0.1604176461696625 0.15224556629655814 -0.12265147265695253 -0.9807027601664643 -0.6490428447723389
0.9895110201783749 0.05954208252655746 0.13161565770816397 -1.511755585670471 0.047136206767319 -0.9943181313800443 0.09544439019913936 0.166915088891983 0.1365507925906712 -0.08823941306070457 -0.9866953364770515 -0.7053855657577515
0.9916455038899468 0.052363587294045465 0.11788659525388048 -1.566063523292542 0.04558860874127701 -0.9971895742997485 0.05945276832007703 0.1771655231714249 0.12066844396066487 -0.053581784531544614 -0.9912457409737137 -0.7682792544364929
0.9935120796435079 0.04542745916011251 0.10425974082400294 -1.619217276573181 0.04314547871394671 -0.9987795150577271 0.02404054840463344 0.1922699511051178 0.10522459441108017 -0.019386238812814163 -0.9942595025825581 -0.8375760316848755
0.99513372356967 0.03889625679450638 0.0905315051335123 -1.667899250984192 0.039991919164302586 -0.9991467130615614 -0.010319504825004542 0.2133353501558304 0.0900528656729992 0.013889815897024016 -0.9958401249188682 -0.9146140217781067
0.9964710727426487 0.03256977702994367 0.07736026636028458 -1.712862133979797 0.0359752004030849 -0.9984253372814673 -0.043042198251782744 0.2393478751182556 0.07583657523301209 0.04567335655070299 -0.9960736711500409 -0.9975922107696533
0.9975459289428286 0.026458954904482173 0.06482316989281169 -1.756410360336304 0.031211542329992865 -0.9968114080049384 -0.07343607081397883 0.2689367830753326 0.06267343356616752 0.07527908458911566 -0.9951909867701036 -1.083509683609009
0.9983635342707928 0.020804800029272957 0.05326737964339645 -1.798676371574402 0.026116861855347527 -0.9945379344872838 -0.1010554619632022 0.3032826483249664 0.05087399104808327 0.10228126495849313 -0.9934537633293914 -1.17617666721344
0.998972157780354 0.015318355241228494 0.04266117640627591 -1.838555812835693 0.02056368965452693 -0.9918972529488216 -0.12536735723614004 0.3392867743968964 0.04039508197115296 0.12611577056532294 -0.9911927409778881 -1.273174047470093
0.9993818993445346 0.01011239072931258 0.03366836521497208 -1.877310991287231 0.014920160093886676 -0.9892066208443232 -0.14576573705960108 0.3804453611373901 0.03183092969556215 0.14617797656108691 -0.9887460700722016 -1.374678134918213
0.9996339305838695 0.004855376824080318 0.026616351014737482 -1.916454792022705 0.009100014755441336 -0.9867882068624518 -0.16175977413633363 0.423425018787384 0.025479296632644376 0.16194276801723229 -0.9864711578804635 -1.477715849876404
0.9997767034558882 -1.5249334363543962e-06 0.021131569382126146 -1.954929351806641 0.0036584884043322262 -0.9848866558854101 -0.1731614579560053 0.471193939447403 0.02081246476206986 0.1732001012024202 -0.9846667285198576 -1.590101599693298
0.9998182498299637 -0.005375959923738964 0.018291155290090653 -1.996320366859436 -0.00200949001445241 -0.9837914512658685 -0.17930516547516842 0.5172125697135925 0.018958619591881543 0.17923582083694675 -0.9836234499401058 -1.704327464103699
0.999783849006176 -0.010610209252189069 0.017879561684239927 -2.043396472930908 -0.007211387361589683 -0.9835618148927926 -0.18042769237874032 0.5624546408653259 0.01950002971066669 0.1802597563085588 -0.9834257313579212 -1.821765661239624
0.9996818770420516 -0.015814948759916597 0.019647699850144362 -2.090691328048706 -0.012092695835461376 -0.9841559246049371 -0.17689229144434732 0.6009038686752319 0.022133942737595697 0.17659842428720057 -0.9840340873761265 -1.94696843624115
0.9995120235282835 -0.020698463977140896 0.023394196104649465 -2.120186567306519 -0.016448454650298823 -0.9854542783383509 -0.1691428793779295 0.6294319033622742 0.026554908435407167 0.1686755432587272 -0.9853138575826283 -2.082885980606079
0.9992291729140775 -0.02601145787673206 0.029401769616397278 -2.128185510635376 -0.02106561313600645 -0.9872904275935882 -0.15752412997783585 0.6477907299995422 0.033125517968068376 0.15678333980750955 -0.9870773446990618 -2.230859518051147
0.9989992477769496 -0.031697769763363186 0.0315555753095699 -2.173767566680908 -0.026542487525458968 -0.9879995927334282 -0.15215880229070272 0.6749230623245239 0.03599999023680388 0.15116896556704068 -0.9878521876031561 -2.372734069824219
0.998258069854744 -0.03473993238399182 0.04768608882930932 -2.101796865463257 -0.028589223731507067 -0.9918582438327826 -0.12409625468715058 0.6860235333442688 0.051608935818431054 0.122516779417776 -0.991123683757373 -2.533545970916748
0.9987200793943785 -0.022471104923449208 0.04531282884576737 -2.292202234268188 -0.016539276684086845 -0.9917296669823388 -0.12727419201812584 0.8188705444335938 0.04779806838412712 0.12636184974357917 -0.9908319875680878 -2.665256500244141
0.9922982914755495 0.10319634536247992 0.06851726088025739 -2.363134860992432 0.11201660237697593 -0.9836955567416316 -0.14069588636022864 1.448681116104126 0.05288082380810601 0.14728735842087629 -0.9876791242720363 -2.581349611282349
0.9686476775478209 0.2295677877241412 0.09497530005562647 -2.449511289596558 0.2418940384514551 -0.9586611569881333 -0.1498534625686688 2.078664302825928 0.056647603151930306 0.16812916737323455 -0.9841359825428212 -2.417183637619019
0.9676566017921312 0.22655907798734656 0.11095803346143016 -2.43178653717041 0.23953266272477156 -0.9631487845746268 -0.12234591231585829 2.148324966430664 0.07915051797736564 0.14496690296044218 -0.9862655791164833 -2.575914859771729
0.9659099097106842 0.22492533149843486 0.12816646040605495 -2.418562412261963 0.23755789085103313 -0.9668593470922673 -0.09353743333405776 2.221369981765747 0.10288000202714953 0.12079568779817373 -0.9873318120025607 -2.738147735595703
0.9634928128701603 0.2239417610711741 0.14673679564406322 -2.413357496261597 0.23508518974413448 -0.9699060344249539 -0.06338168464962503 2.293181180953979 0.12812709748726336 0.09556344507394755 -0.9871428847208941 -2.907171010971069
0.9602923488124617 0.2242009318183763 0.16604983283345043 -2.417905807495117 0.23256187015567653 -0.9720386831508596 -0.03249269160960166 2.365579128265381 0.1541219691086877 0.06981934280780805 -0.9855818981738385 -3.079877614974976
0.9561284151627167 0.22619298623948914 0.18615903602697736 -2.439080953598022 0.23044654044525392 -0.9730841912858295 -0.0012444542645670895 2.438951253890991 0.18086692819652 0.04408956390876334 -0.9825188367858855 -3.254731416702271
0.9511033529907956 0.22917119731092353 0.2070820471521949 -2.486492872238159 0.2278947710817363 -0.973213242903115 0.030330795433117032 2.506422996520996 0.20848593536080348 0.018345194495571256 -0.9778532960498986 -3.431483030319214
0.9452732673692094 0.233083547202676 0.22832106784210174 -2.567390918731689 0.22492312703450373 -0.9724330066599304 0.06151125493231941 2.562669277191162 0.23636420397801397 -0.0067902563829513665 -0.9716408058002165 -3.606309175491333
0.9383886922613519 0.23843190724207175 0.25015372842501826 -2.678072214126587 0.22208031539204098 -0.9706682460725814 0.09210586073508192 2.607872009277344 0.26477725686206754 -0.030876879299676703 -0.963815139211515 -3.77396559715271
0.9304795225865137 0.24532698749869236 0.2720708129366137 -2.811609268188477 0.2195593841212981 -0.9679518063569283 0.12191381141870603 2.638517618179321 0.29326018292882805 -0.05370260491983603 -0.9545231769492946 -3.931107521057129
0.9219522077549879 0.25315138998540815 0.2931185773098654 -2.949012756347656 0.21701856678219672 -0.9645108872421192 0.15040508656033366 2.656147480010986 0.32079131579191006 -0.07505412806685616 -0.9441714937301481 -4.0938720703125
0.9122569325311408 0.26229663546416765 0.31462320968588964 -3.094537019729614 0.2149520399237135 -0.9603784087736439 0.17739484911924075 2.659531116485596 0.34868740955404165 -0.09420078017501488 -0.9324930581151317 -4.258418083190918
0.9017096577248431 0.27245027289347096 0.3356941196476636 -3.229119777679443 0.21323948142726099 -0.9557054353134866 0.20286952573733702 2.648175001144409 0.37609655239895445 -0.11134617062356672 -0.9198659758688157 -4.436481475830078
0.8903680802747664 0.2839166773597855 0.3558595255782917 -3.33974552154541 0.21253590778691667 -0.9505192744513768 0.22658684162505952 2.625389337539673 0.40258312126692375 -0.12611276387982304 -0.9066545104159434 -4.637811660766602
0.8782016349224606 0.29606239718491917 0.37564470632851515 -3.42232346534729 0.21204702460203823 -0.9449908205448367 0.24905503095384127 2.594212770462036 0.4287166287618663 -0.13906619308485937 -0.8926716340088023 -4.855263233184814
0.8656245130233972 0.3092376824755948 0.3937845326953939 -3.483200788497925 0.21988733257753848 -0.9413657097314886 0.2558909172160386 2.560069799423218 0.4498263703085242 -0.13491722009756124 -0.8828666831952628 -5.09384298324585
0.8524967400712301 0.32293306991423465 0.41105174920403065 -3.530745506286621 0.22886277402763286 -0.9375594935451542 0.2619237040203317 2.53269362449646 0.4699692956271738 -0.12921466023296924 -0.8731737700759089 -5.339952945709229
0.838992204737008 0.33669516406097383 0.4274674805040597 -3.580113887786865 0.23753814192987416 -0.9333964317562984 0.2689734788285141 2.5165114402771 0.48955869057656165 -0.12412682096373892 -0.8630902738406907 -5.594252109527588
0.8258171115466433 0.3503312430368839 0.44192094137864857 -3.636198043823242 0.2462429361419938 -0.9289902232076555 0.2762998038087626 2.516871452331543 0.5073366876906589 -0.11935319575454421 -0.8534426166920941 -5.85893726348877
0.8121985147076932 0.36574914499242267 0.45448997309503875 -3.70744514465332 0.2571357122701677 -0.923743777088632 0.2838638049581904 2.559415817260742 0.5236552283534758 -0.11368815781487444 -0.8443104906316928 -6.123848915100098
0.799231993673195 0.3791503203159334 0.4663402780089829 -3.812046527862549 0.26545747099063016 -0.9188162187373393 0.29207719404376115 2.629136562347412 0.5392221725638042 -0.10964392728073585 -0.834995603477065 -6.371909141540527
0.7864081616957828 0.3933062175291624 0.4763112663701782 -3.934261798858643 0.27511359382609846 -0.9134050648472591 0.3000061632757951 2.731975317001343 0.553059412459772 -0.1048875910881631 -0.8265130849087474 -6.615882396697998
0.774466726542069 0.40720666855080484 0.4841322325222384 -4.062060356140137 0.28459836399812183 -0.9077416774592812 0.30823500484695543 2.849613189697266 0.5649823543163135 -0.100934513874913 -0.8189060771663808 -6.844900131225586
0.7629940618211175 0.42099780717207 0.49051086428541124 -4.192234039306641 0.2943266181902845 -0.9018695291016254 0.3162328166125123 2.975399255752563 0.5755101245420302 -0.09691335735759461 -0.8120319560924287 -7.063652038574219
0.7526815766256724 0.43398684100185264 0.4951018744112414 -4.318586826324463 0.30368134831190136 -0.8960694018043501 0.3237858332871584 3.097220659255981 0.58416443138534 -0.09335442671467999 -0.8062486391411868 -7.27668285369873
0.74346345039182 0.44708916362768447 0.4973664420708215 -4.437419891357422 0.31346342682217376 -0.889903210029203 0.3313803808686031 3.218179941177368 0.5907645706847948 -0.0904630120348552 -0.8017566123688611 -7.495506763458252
0.7354090698249147 0.4590878362839371 0.49840932835911783 -4.543819427490234 0.32266647699303297 -0.8840328615862227 0.33818965723478134 3.318598985671997 0.5958689827841004 -0.08788775916933694 -0.7982580391978737 -7.710166454315186
0.7286848045380769 0.47143530172198955 0.496756692884556 -4.632986545562744 0.3327767921897593 -0.8777019237335015 0.34481725544758396 3.415026426315308 0.5985633318331471 -0.08595399563026296 -0.7964507821704958 -7.934736251831055
0.7241583332550936 0.48217722320565937 0.493051552881526 -4.702888965606689 0.34191437080391285 -0.8719168536136817 0.3505075796929105 3.49352240562439 0.598906730146664 -0.08524157322631587 -0.7962691773382502 -8.163207054138184
0.7193289485814365 0.4942007205531165 0.48819208467313874 -4.761432647705078 0.3531881237007811 -0.8653420303352124 0.35558588247011974 3.584848642349243 0.5981839290798828 -0.08335957257635479 -0.7970113980680833 -8.393288612365723
0.7164657298171414 0.5049663204162492 0.4813375876065207 -4.79685115814209 0.3643868702691337 -0.859249475949495 0.3590439344369765 3.669671535491943 0.5948941643461101 -0.08184957743197124 -0.7996258999689488 -8.630572319030762
0.7114875761775633 0.518461424429883 0.47432391919774936 -4.834359645843506 0.3797269288001016 -0.8516326700197513 0.36128832654691767 3.767723560333252 0.5912638061720157 -0.07693859066272554 -0.8027998285860648 -8.842134475708008
0.7162387789944108 0.5254987035398235 0.4591874606765305 -4.76555871963501 0.4100263645270553 -0.8493345019652564 0.3324293671806936 3.818696022033691 0.5646949546944102 -0.049819838913776726 -0.823794629621536 -9.083135604858398
0.717945645668739 0.535532384834347 0.44470115207736366 -4.704679489135742 0.43443416223301046 -0.8438749691315399 0.3148682187172042 3.891577482223511 0.5438942990602126 -0.03286489414070487 -0.8385099225309862 -9.293054580688477
0.7221491238976124 0.5431871500112081 0.4283087238390223 -4.596531867980957 0.46747649916820067 -0.8396115202025941 0.2766192651796545 3.946953058242798 0.5098689690296457 0.00046390278077693137 -0.8602519510090377 -9.515064239501953
0.7233068906279548 0.5553258607303764 0.4104148271860878 -4.523725509643555 0.484366861617121 -0.831629602984994 0.2716264839926361 4.034928798675537 0.49215433081229765 0.002322034256340949 -0.8705048666260354 -9.675334930419922
0.7267534221597101 0.5648462287080976 0.39086852174790154 -4.415410041809082 0.5087811238299859 -0.8249544327369747 0.24615432545846666 4.100800037384033 0.46148806204868054 0.01997302735830697 -0.8869215561506538 -9.849508285522461
0.7301417455520608 0.5743536492189953 0.3701498575320724 -4.3027663230896 0.5326750532488802 -0.8177289719549291 0.21812064567994882 4.166879177093506 0.4279606512852471 0.0379106060932617 -0.9030019196530809 -10.01319122314453
0.7333351578504834 0.5842396673296761 0.3476831278318175 -4.182004928588867 0.555743809405959 -0.8097135572901017 0.1884483309757944 4.233946323394775 0.39162273244458085 0.05502695938463889 -0.9184789976768775 -10.16881847381592
0.736010574170438 0.5943107413862613 0.3241653549999059 -4.056318283081055 0.5778884529507319 -0.8009871044785634 0.15641161851108396 4.302388191223145 0.3526093740323875 0.07221081035384999 -0.9329802935820929 -10.31220436096191
0.7375720956943225 0.6044764920916048 0.30099098684464515 -3.943901538848877 0.5984933587177328 -0.7916026436965379 0.12317042690280526 4.378165721893311 0.31271888849868407 0.08929403676215016 -0.9456391868862392 -10.45125770568848
0.7390242537221294 0.6141770703697197 0.27682066151665446 -3.826354265213013 0.616883569663016 -0.7820842830643628 0.08831101665996346 4.448415756225586 0.2707356900932432 0.10550213465029926 -0.9568549972142935 -10.58242511749268
0.7396514051719686 0.6238897800299524 0.25234369657534605 -3.715569019317627 0.633343011718089 -0.7720890336789933 0.052489556870859655 4.51871395111084 0.22757949893387427 0.12099614228071998 -0.9662129709428408 -10.71230792999268
0.7395504341806043 0.6333409169909195 0.22791322508441816 -3.622146606445312 0.6475087451678484 -0.7618879260983384 0.016100093065911363 4.584864139556885 0.1838411820959546 0.1356689755643261 -0.9735483289672311 -10.85067653656006
0.738416838888322 0.6428188344334167 0.2037756564063573 -3.552366256713867 0.6596469200096644 -0.7513004176651675 -0.020337731877195633 4.64633321762085 0.14002325866777166 0.1494377078043183 -0.9788063437259945 -10.99850177764893
0.736261584681204 0.6522497686248819 0.18024738070637966 -3.501210927963257 0.6698037474294921 -0.7403558115984381 -0.056887715385901136 4.701310157775879 0.0963421966333122 0.16261461054040027 -0.98197488236037 -11.15212059020996
0.7337851406045193 0.6608821468064044 0.15746159995555686 -3.451508522033691 0.6772664137190026 -0.729856843876387 -0.09283960520704429 4.746651172637939 0.05356838877739849 0.1747677758608753 -0.9831513882634944 -11.30375957489014
0.730249334873415 0.6696810924294859 0.13514119786129306 -3.393754005432129 0.6830820750132883 -0.7190778222606963 -0.12777309704454626 4.791206359863281 0.011609811043909991 0.18561874898636965 -0.982553251641996 -11.44619560241699
0.7258838151186755 0.6782278526747997 0.11445377584372943 -3.334937334060669 0.6872318807525944 -0.7082901754739581 -0.16136099096225587 4.833818912506104 -0.02837303342979635 0.19578561536333444 -0.9802361775566091 -11.58225154876709
0.7213140856465614 0.6860619571426949 0.09499989899678878 -3.273185014724731 0.6894365984872337 -0.6981136987076797 -0.19316946017172598 4.873916149139404 -0.06620548704010797 0.20483225975958524 -0.976555466344623 -11.7128381729126
0.716264040198397 0.6936782271585852 0.07600224920876626 -3.203186273574829 0.6900837178238569 -0.6879180501526289 -0.2248404293462555 4.912607192993164 -0.10368359133957696 0.21349302902045195 -0.9714270118987839 -11.83898448944092
0.7111059388368525 0.7005217201444784 0.059980524812473145 -3.142638921737671 0.6897508550602329 -0.6785407621036222 -0.2526384612593919 4.951452732086182 -0.13627949843845263 0.2210243284565225 -0.9656998211326889 -11.95909976959229
0.706143998032448 0.7066171036228271 0.04530919233926893 -3.081000089645386 0.6882924656615074 -0.6699975190908893 -0.27813091544388996 4.986758708953857 -0.16617501543960483 0.2275864523203001 -0.9594739553338105 -12.07248878479004
0.7012764005336046 0.7121520373092526 0.032417368969613294 -3.022580623626709 0.6862245818821996 -0.6620270391590807 -0.3013569687975729 5.021561622619629 -0.1931508044902519 0.23358012582097362 -0.9529601731164984 -12.18127346038818
0.6967806374957644 0.7169746707476155 0.02107284312437306 -2.967240333557129 0.6834817757127376 -0.6547453256953446 -0.32274017529378063 5.054384708404541 -0.21759918538349154 0.2392820093246577 -0.9462529865390097 -12.28666591644287
0.6924916552003881 0.7213441725976992 0.01085781456683077 -2.912312746047974 0.6804506217685606 -0.648085752365068 -0.34201141635358223 5.087643623352051 -0.239671147225957 0.24422825848116894 -0.939633066120307 -12.38678455352783
0.6889069589982804 0.7248476325552012 0.0017639225782516699 -2.858040571212769 0.6768261822654368 -0.6423917504783565 -0.35949848110575844 5.113431930541992 -0.2594484936239483 0.24885487436751863 -0.9331440031741034 -12.47686290740967
0.6854932387394013 0.7280546886321008 -0.005948949771267031 -2.804482221603394 0.6733558220845032 -0.6370575113642492 -0.3751661819504689 5.146260261535645 -0.27693132092175704 0.25316812116695153 -0.9269384801146874 -12.575364112854
0.6849522185113897 0.7284743109303835 -0.012869991096683936 -2.74966835975647 0.6676782374703751 -0.6346628327323114 -0.38911291414787547 5.174907207489014 -0.29162686701464813 0.2579307408253258 -0.9211001592511641 -12.6726713180542
0.6846171820185096 0.7286605666782805 -0.01879075978034414 -2.693579912185669 0.6622134575710942 -0.6325453922311073 -0.40169598377246896 5.20444917678833 -0.30458603168361476 0.26256447843393105 -0.9155802771837902 -12.77217197418213
0.6837923641155965 0.7292855271762845 -0.023887708730900598 -2.637858152389526 0.6578738406972123 -0.6303357678311128 -0.41216359557712057 5.241147994995117 -0.31564222230795147 0.26611922073381 -0.9107966556002101 -12.87357330322266
0.6833437934886024 0.7295598568359327 -0.02799419929449315 -2.579831123352051 0.6537258159153045 -0.6284865204258019 -0.42148220751170246 5.274890422821045 -0.32509047587783296 0.26971671979430883 -0.9064044756933423 -12.9743709564209
0.6828858968716658 0.7298608091259943 -0.031145644249716192 -2.521734714508057 0.6501884706804585 -0.6266728820639773 -0.42957659559132777 5.309787273406982 -0.33304925228558546 0.2731012599523801 -0.9024931564086429 -13.07709503173828
0.6826077218576975 0.7299980438093583 -0.03390507476403248 -2.460997343063354 0.646980788449619 -0.625250352932537 -0.4364376880321489 5.344572067260742 -0.33979781847056306 0.2759798039571886 -0.8990954289564584 -13.18153667449951
0.682247094698575 0.7302544466861084 -0.035599787506658015 -2.401945352554321 0.6445251392952623 -0.6237124736540163 -0.442233077714468 5.383265972137451 -0.3451467030000086 0.2787672744486945 -0.8961933720490629 -13.28954696655273
0.6822117788280604 0.7302149649509092 -0.0370566295012906 -2.338000059127808 0.642176712056545 -0.6226511755899051 -0.44711808734243186 5.418825149536133 -0.34956567240004954 0.2812323212190442 -0.8937070113752323 -13.39744663238525
0.6820635775326751 0.7303126430290906 -0.037851283137992936 -2.275613784790039 0.6404894472073287 -0.6215520929212726 -0.45105017880634546 5.45756721496582 -0.3529341924769812 0.28340155119026766 -0.8916955851430304 -13.5103588104248
0.6822082200090397 0.7301865423504829 -0.037677021144785716 -2.213501453399658 0.6390954581878822 -0.6205489266241694 -0.4543963302990159 5.49541187286377 -0.3551745203075792 0.2859136985802499 -0.890002481506902 -13.62531280517578
0.6821112096481546 0.7302879432897366 -0.037467553402611736 -2.148508548736572 0.6381589504537463 -0.6195124741462191 -0.4571186370440429 5.53714656829834 -0.3570398459949592 0.28789549191134745 -0.888616190550802 -13.74123001098633
0.6824396797431558 0.7299832039317128 -0.03742466418887688 -2.078214883804321 0.6370772478347934 -0.6191242294925952 -0.45914896139101247 5.573483467102051 -0.3583415462980871 0.28949906810349413 -0.8875706314225951 -13.85331439971924
0.6829896389766629 0.7295004538740383 -0.03680001152309009 -2.00818943977356 0.6360254977291796 -0.6187361026762351 -0.46112601475450554 5.608391761779785 -0.3591611327647756 0.2915385446945141 -0.886571236657567 -13.96848106384277
0.6849153543645985 0.7277285185807305 -0.0360854624455951 -1.940438032150269 0.634860825125769 -0.6203488963914416 -0.4605637626502423 5.653814315795898 -0.35755096150932764 0.29253794623982804 -0.8868928119753476 -14.09105396270752
0.6870308233426881 0.7257763886328561 -0.03517501215518587 -1.875149369239807 0.6336662925865628 -0.6221231230278019 -0.4598150165378845 5.700522899627686 -0.3556060705565479 0.29361786985329064 -0.8873177948661615 -14.21771240234375
0.6892440267533346 0.7237295397189014 -0.034032703729140246 -1.812172293663025 0.6324400153503349 -0.6238933692763338 -0.4591042264635473 5.747661590576172 -0.353500068696622 0.29491120207833943 -0.8877302993140384 -14.34759712219238
0.691410564462882 0.7217112062534188 -0.03292971480827603 -1.756965279579163 0.6313741630902703 -0.6257646240173679 -0.4580232543337327 5.799417972564697 -0.35116676598331464 0.2958911456881357 -0.8883300807538731 -14.4855318069458
0.6938744886290645 0.7194022781313778 -0.03159994065085561 -1.708796381950378 0.6299901252845272 -0.6277200479706159 -0.45725264725286535 5.845779418945312 -0.3487845123765383 0.29736829621725186 -0.8887752586177841 -14.62515163421631
0.696460289763784 0.7169613574459661 -0.030157531586388314 -1.670750141143799 0.6285224402877743 -0.6297510970842423 -0.45647902227363624 5.891889095306396 -0.34626955805679427 0.298964826778053 -0.8892229335283258 -14.7697639465332
0.6986529837802494 0.7148893388887136 -0.028587434271242218 -1.644068479537964 0.6274993372158737 -0.6314633767544789 -0.4555201264614662 5.94312572479248 -0.34369839983420614 0.30031189946635306 -0.8897663586528305 -14.93082809448242
0.7013401400736969 0.7123048748756761 -0.027272204710196646 -1.624309062957764 0.6259285568235221 -0.6336979536850518 -0.45457710594375605 5.98512077331543 -0.3410798288879455 0.3017427194212406 -0.8902897739511806 -15.08704566955566
0.7037055579232747 0.7100197986911677 -0.025891566473399102 -1.611600160598755 0.624592314648777 -0.6355852955166439 -0.4537794316677473 6.027319431304932 -0.3386486796513106 0.30315543470235556 -0.8907378145003444 -15.24232578277588
0.7057828146607943 0.7080099409563481 -0.024342186353624617 -1.611258387565613 0.6235524493486386 -0.6371654052691207 -0.4529929240501996 6.073859691619873 -0.33623349244356915 0.3045359910342697 -0.8911817259818418 -15.41165447235107
0.7079642124822383 0.7058765106730244 -0.022913435457836556 -1.612390279769897 0.6224059134311256 -0.6389221646843013 -0.4520943998780491 6.11443042755127 -0.3337627192638071 0.3058051980513131 -0.8916757415531875 -15.57184028625488
0.7100440902253496 0.7038289232921093 -0.021499690079753775 -1.617216944694519 0.6212772958681256 -0.6405505220335813 -0.451341943941947 6.152069091796875 -0.3314391521453746 0.30711541065204834 -0.8920920428774032 -15.72856140136719
0.7118598341485135 0.702027267730542 -0.020329581619912468 -1.62421441078186 0.6202886947288188 -0.6420252513887797 -0.45060571653141773 6.189863681793213 -0.3293896047504673 0.3081579009890287 -0.8924915665373915 -15.88182353973389
0.7138294588996924 0.7000592379134403 -0.01909363818201354 -1.632874727249146 0.6191372251870368 -0.6435880414879273 -0.449959475110182 6.221307277679443 -0.32728672444000684 0.3093727464819537 -0.8928448374379189 -16.03146934509277
0.7150944362809564 0.6987922197364052 -0.01814885219205392 -1.642613530158997 0.6184839202757986 -0.644585104797117 -0.4494303984311361 6.258337497711182 -0.325756945528873 0.31016040416139135 -0.8931309736707944 -16.17864418029785
0.7169068985670318 0.6969569242282402 -0.01719140940443986 -1.653850555419922 0.6173644372055137 -0.6461060335472958 -0.44878518813314294 6.283347606658936 -0.32389141770185764 0.3111238325556117 -0.8934742919384916 -16.3198299407959
0.717793495550548 0.6960545637201268 -0.016749390129490088 -1.663828611373901 0.6168220870085721 -0.6468769424139023 -0.4484202653221987 6.31715202331543 -0.3229597664163686 0.31154175594553224 -0.8936658903520149 -16.46013450622559
0.7186810930679794 0.695146102725473 -0.01641287093107588 -1.675416350364685 0.6162928043124759 -0.6477336081401635 -0.4479110985880893 6.345121383666992 -0.32199482265912005 0.31179010367763615 -0.8939274385706091 -16.5951099395752
0.7192101848996124 0.6946119747687459 -0.015840279180895117 -1.688020706176758 0.6159665257862114 -0.6479956544043644 -0.4479808823866537 6.372235298156738 -0.32143731744701065 0.3124353315182571 -0.8939027992861119 -16.72525024414062
0.719501016514092 0.6943042623945412 -0.01612074613536446 -1.698970913887024 0.6155847646605084 -0.6483272528300568 -0.44802585947208295 6.399332046508789 -0.3215177829499565 0.31243137559887324 -0.8938752434139459 -16.86207962036133
0.7194930232560931 0.6943037366120901 -0.016495781651578084 -1.71065080165863 0.6154727900003965 -0.6484461910660496 -0.4480075692006332 6.428849220275879 -0.3217499561071222 0.3121856156494428 -0.8938775683093537 -17.0075740814209
0.7191525662340048 0.694640228314928 -0.017162158536446454 -1.722900748252869 0.6155224303108235 -0.6483146114429656 -0.4481297829578099 6.458585739135742 -0.322415452891611 0.3117099898882634 -0.8938037580702805 -17.16020393371582
0.7183877365154403 0.69541026904348 -0.017989378341049855 -1.735269546508789 0.6157914388858092 -0.6477425530152665 -0.4485872142718845 6.490696430206299 -0.32360464122006555 0.3111818483172496 -0.893557996695622 -17.32038307189941
0.7175502120074116 0.6962402616106705 -0.0192663271129562 -1.746279001235962 0.6160825871995085 -0.6473567684466778 -0.4487443148339982 6.522441387176514 -0.32490604641600396 0.310126929592674 -0.8934524881289111 -17.48812484741211
0.7166500069267364 0.6971160675146556 -0.02102274922104519 -1.754929900169373 0.6164066580127273 -0.6472048839657113 -0.44851830523236297 6.553693294525146 -0.32627534312216966 0.30847208396195686 -0.8935263700007282 -17.66225814819336
0.7152054407299586 0.6985750824495993 -0.021772269766865027 -1.765482664108276 0.6173339941198313 -0.646022515959936 -0.4489472670335019 6.586931228637695 -0.32768875057639946 0.3076487657269729 -0.8932929640898044 -17.84383583068848
0.7136570121829399 0.7001404072597041 -0.022295270447662913 -1.773710012435913 0.6183680104453474 -0.6446210511187017 -0.4495383232967826 6.616920471191406 -0.3291119454228021 0.30702949463664825 -0.8929827640011775 -18.03055000305176
0.7120880331967425 0.7016983692700245 -0.023452751262561494 -1.779257893562317 0.6195880944062209 -0.6437713816339765 -0.44907571907101484 6.64840030670166 -0.33021390983431187 0.3052504000863383 -0.8931858524400549 -18.2236442565918
0.7106115626554258 0.7031718987098609 -0.02409331619315433 -1.780686378479004 0.6208494018860257 -0.6427934144400945 -0.4487344944733015 6.675399780273438 -0.33102451147638345 0.3039175993870945 -0.8933402854369702 -18.42248725891113
0.70875612675376 0.7050003687637358 -0.025283054245975906 -1.78046703338623 0.6226829095934261 -0.6420403334535788 -0.44726972211304766 6.712033748626709 -0.33155805960536355 0.30126183007778146 -0.8940417008444922 -18.63110733032227
0.7070783661296516 0.7066610693389966 -0.0258904853582978 -1.777346849441528 0.6246691256076048 -0.6413591706318231 -0.44547379020441874 6.745898246765137 -0.33140408516500364 0.29881189288099924 -0.8949205467575438 -18.84618949890137
0.7052741011865004 0.7084526986681328 -0.026138399825045122 -1.770905375480652 0.6270852842200167 -0.6406212388302533 -0.4431348267449675 6.783090591430664 -0.3306848779582686 0.29614051075364767 -0.8960738303177332 -19.06830978393555
0.7035507878118574 0.7101654540917252 -0.026102045590501333 -1.761511564254761 0.6297778275619089 -0.6400869251531311 -0.4400779660008125 6.823410511016846 -0.3292357466629606 0.29317871011160357 -0.897580117346958 -19.29532241821289
0.701797935495472 0.7119133018263396 -0.025673106882736413 -1.749294877052307 0.6328859871588602 -0.6396263980925283 -0.43627216060749674 6.87221622467041 -0.3270091512362433 0.2899267520355746 -0.899448438467628 -19.52935218811035
0.7003177277608426 0.7133939196493291 -0.02498390664521752 -1.737274646759033 0.6362050515821605 -0.6396511724055753 -0.43138093372507047 6.932011127471924 -0.32372552034900026 0.28620882768974754 -0.9018238710675324 -19.76657485961914
0.699103869939912 0.71462386068126 -0.023801612971596248 -1.730384707450867 0.6397856765034085 -0.6400608055659599 -0.4254367794623901 7.004371643066406 -0.3192617533875841 0.2821965678800248 -0.9046750963194575 -20.00502777099609
0.6977991157149469 0.715953475983676 -0.0220684012635759 -1.731151819229126 0.6438129958605029 -0.6403970111238587 -0.4188036467185461 7.096906661987305 -0.3139764648322585 0.27803289080704197 -0.9078086203385144 -20.2490177154541
0.6964675718486084 0.717315183240244 -0.01979518265434224 -1.741163492202759 0.6483223204525101 -0.6408252802052643 -0.41112179345410194 7.205467700958252 -0.3075891580767701 0.27349933846877905 -0.9113654709778969 -20.49955368041992
0.6954920030900041 0.7183316654737021 -0.017043826320123467 -1.7615886926651 0.6532117734378441 -0.6419686565334349 -0.40148552037507285 7.315722465515137 -0.29934136479952095 0.26809674076055773 -0.9157067679740748 -20.74383926391602
0.6947524743591877 0.7191239811550686 -0.013405189273969026 -1.78820276260376 0.6583809838343267 -0.6433508352205299 -0.39068424967790916 7.432169437408447 -0.289574652718656 0.262603127454209 -0.9204271388622451 -20.9968376159668
0.6943097306385247 0.719618457400722 -0.009125442940730172 -1.819547057151794 0.6637330404431839 -0.6451883198142624 -0.37840518363164066 7.550718307495117 -0.27819498371592877 0.2566735431310643 -0.925595075230978 -21.25139236450195
0.6940638336851392 0.7199012608698895 -0.0041915830220617956 -1.857213854789734 0.6692711272148116 -0.6473740872583729 -0.36466827312367633 7.672565460205078 -0.2652386718540548 0.2502977541735685 -0.9311280691767192 -21.51206207275391
0.6940296824583939 0.7199453675306892 0.0012114610197117154 -1.897915005683899 0.6748211729150094 -0.6499416024640906 -0.34956014929053525 7.792053699493408 -0.25087683123858273 0.2434226389584815 -0.9369131413264394 -21.76946258544922
0.6940780214234685 0.7198669717196845 0.006873369189415293 -1.941352009773254 0.6803293443841835 -0.6527751786500238 -0.33322147185950735 7.909521102905273 -0.2353883670589315 0.2359578546384082 -0.9428235293456404 -22.02407836914062
0.6943903561055008 0.7194699355741851 0.013603130248371814 -1.993353962898254 0.6856712354886096 -0.6557972921430993 -0.3158874300147165 8.022077560424805 -0.2183506129398308 0.22867646014108395 -0.9486991548463316 -22.27777290344238
0.6942043294320848 0.7194851101150812 0.020531081813662116 -2.051972150802612 0.6912839686213719 -0.658505121242984 -0.2974852601791378 8.133936882019043 -0.20051639265864532 0.220708363274826 -0.9545056284044173 -22.5255298614502
0.694253887145571 0.7191920197261399 0.027827665110459893 -2.123566389083862 0.6964752344058152 -0.6615707906953212 -0.2779322521013563 8.236588478088379 -0.18147668732547764 0.21233682596526354 -0.960197523583751 -22.77481079101562
0.6943772526583963 0.7187319743886924 0.035560933366676636 -2.207387685775757 0.7012153143217352 -0.6646976258085061 -0.2578258117512769 8.32422924041748 -0.16167038674799816 0.20396424989656103 -0.9655367785915178 -23.01578903198242
0.6947864870792138 0.7179574579837072 0.042530293882116724 -2.297354221343994 0.7052045716956444 -0.6684431877183399 -0.2363688153130771 8.39767074584961 -0.14127366857163726 0.19421841652767627 -0.9707321758599505 -23.25521469116211
0.6944119190784251 0.7177937996507795 0.05063741526495297 -2.401854991912842 0.709419336125219 -0.6711289105465724 -0.21519802731489943 8.467113494873047 -0.12048357636405166 0.18535923664999063 -0.9752567155447126 -23.49082374572754
0.6942725252404345 0.7172894362175918 0.059004452263533846 -2.513577699661255 0.7129004070257127 -0.6741336435298124 -0.1931756721841371 8.521509170532227 -0.09878598260301708 0.17618085977730172 -0.9793883980777429 -23.72870445251465
0.6939348106491169 0.716866062901312 0.06750945437304637 -2.624070644378662 0.7159343834019264 -0.6769453286689376 -0.17083026855978295 8.571364402770996 -0.0767622122680029 0.1668774096565382 -0.982984991194701 -23.9653205871582
0.6936333345836047 0.7162917565778325 0.0761506179428126 -2.729127883911133 0.7182588586207371 -0.6797572795599512 -0.14843939132888576 8.617583274841309 -0.05456197547069634 0.15765836591788404 -0.9859852080476855 -24.20084953308105
0.6937957286311178 0.7153319391544126 0.08335288692543455 -2.820319652557373 0.7194212596127783 -0.6831319947979628 -0.1255536893146518 8.657965660095215 -0.03287154012789938 0.14707445226464141 -0.9885790647898003 -24.43344879150391
0.6932624742786486 0.7148006004319505 0.09190888629054816 -2.91709303855896 0.7206071364928437 -0.685650452152923 -0.10299908882158361 8.704632759094238 -0.010606441091625833 0.13763560253297566 -0.9904261427904428 -24.6644287109375
0.6915348403758622 0.7151362553780257 0.10178261536346132 -3.01884913444519 0.7222469308324043 -0.6868434947293917 -0.0812735175262432 8.767457008361816 0.011787088253819328 0.12971565052765047 -0.9914811720646467 -24.89999389648438
0.6902328348237363 0.7150704492427696 0.11069275654229736 -3.10896110534668 0.7228283172725468 -0.6883980670072387 -0.06022727861721584 8.827634811401367 0.0331339324579384 0.12158270419940838 -0.9920281188350621 -25.1358814239502
0.689644570180446 0.7144886245985975 0.11788287466732393 -3.188315153121948 0.7221637947850192 -0.6906236097331583 -0.0389677197285462 8.878432273864746 0.05357070395587614 0.11200462043302681 -0.9922626389617445 -25.37009429931641
0.6887203467344263 0.714135264390654 0.12520027215506638 -3.269007205963135 0.7212661723632483 -0.6924209908887378 -0.018118498313261726 8.92846965789795 0.07375223792184793 0.10278129951673842 -0.9919660336277498 -25.59366607666016
0.6884569508672445 0.7133673091496248 0.13089732250584932 -3.339034080505371 0.7193468959366532 -0.6946472600847118 0.0022863427356325725 8.974781036376953 0.09255846859622507 0.09258653408259065 -0.9913932941056718 -25.82614898681641
0.6881008953344463 0.712468829580652 0.13749663528941225 -3.416729211807251 0.7170858921529171 -0.6966608215422725 0.021249070645592 9.027606964111328 0.11092781939256165 0.08397539284827565 -0.9902742813386549 -26.05260848999023
0.6876139173859555 0.7117840511262177 0.14335468314460706 -3.492837905883789 0.7146696525271072 -0.6983483360448641 0.039457436563387335 9.079906463623047 0.12819667848241864 0.07531975906573128 -0.9888844955404832 -26.27649116516113
0.6872302831254542 0.7111813034074509 0.14810702764888253 -3.562577962875366 0.712088562137371 -0.69982953722756 0.05628941727350274 9.13293743133545 0.14368165376428246 0.06678152819109649 -0.9873681227708451 -26.49790573120117
0.686901119135512 0.7104326389818802 0.1531414966611682 -3.63483190536499 0.7093039830320147 -0.7012527843245834 0.0716407156018074 9.18482780456543 0.15828680357282046 0.05941378582670012 -0.9856040228552431 -26.7186450958252
0.6864816921112179 0.7099154012218255 0.15736266871203364 -3.706787109375 0.7066237694419565 -0.7023502255651465 0.08594771147755102 9.236760139465332 0.17153930994311362 0.052194671726547084 -0.9837936680969227 -26.93596076965332
0.6862273454082911 0.7094182651454936 0.16067904496806285 -3.775718688964844 0.7039968818897085 -0.7033215339984887 0.09862661964997448 9.289703369140625 0.18297655779759942 0.04543726325353732 -0.9820667158623039 -27.15375137329102
0.686013878498257 0.7087394244573856 0.1645399244183389 -3.850017786026001 0.7014276206346376 -0.7043106800449321 0.10929665587508255 9.338839530944824 0.19335007504164495 0.04043382488040389 -0.9802963094324753 -27.36822700500488
0.6859225004900936 0.7083405276489237 0.16662538885614558 -3.916624307632446 0.6993191672288502 -0.7049783283003067 0.118145075958552 9.388728141784668 0.201154233531797 0.03548596225198106 -0.9789166056489623 -27.58135986328125
0.6857269387276013 0.7083373030460869 0.16744202165725464 -3.978061437606812 0.6978988358498381 -0.7051892801710016 0.12508114986417962 9.439509391784668 0.20667796307955305 0.031086077998049175 -0.9779150655000597 -27.78652954101562
0.6855013749090499 0.7082983992983367 0.16852668200975224 -4.052001476287842 0.6967412939342335 -0.7053582211522516 0.13046589278344656 9.493627548217773 0.21128046366063358 0.027984949604128548 -0.9770247736219395 -28.00264358520508
0.6855764059924281 0.7083048359578505 0.16819408701029773 -4.117280960083008 0.6961753294278072 -0.7054324957869393 0.133059778234798 9.545254707336426 0.21289645897146656 0.02586992938784099 -0.9767322276401442 -28.21490859985352
0.6855514151681766 0.7085584082762317 0.1672251154042459 -4.18278980255127 0.6963911429889682 -0.7052029554635214 0.13314716509198776 9.595724105834961 0.21227018897487415 0.025174861798381847 -0.9768866839127267 -28.4230899810791
0.6866529456744652 0.7080122011398521 0.16500440974010946 -4.246670246124268 0.6962706461665852 -0.7057556450113773 0.13082873087109304 9.645549774169922 0.20908113134222842 0.025053793558594113 -0.9775773053549153 -28.63175582885742
0.6877765097158814 0.7075682337919023 0.162205632490514 -4.310894012451172 0.6969286634477048 -0.7061308904221559 0.12517828748073198 9.69543170928955 0.2031105874838522 0.026951068999594464 -0.9787848226917617 -28.83644104003906
0.6890145612677546 0.7072389286663749 0.15834150479214953 -4.374454498291016 0.6981636019489323 -0.7063365341230018 0.11686011071704011 9.744728088378906 0.19449040921006094 0.03002995740829862 -0.9804446350423665 -29.03868865966797
0.6908935350911682 0.7065174783973827 0.1532944091877881 -4.437323093414307 0.6993914121263849 -0.7068713507041122 0.10575701488603655 9.791620254516602 0.18307860555807762 0.0341459554376239 -0.9825051032509511 -29.23938941955566
0.6927278061825547 0.7060178209460553 0.14719722500131927 -4.498696327209473 0.7012306906281727 -0.7070648585014029 0.09129514989049092 9.838448524475098 0.1685339878559849 0.03997652284747838 -0.9848848524362551 -29.43780136108398
0.6947791741946692 0.7054668044323397 0.13999459614355175 -4.561238765716553 0.7032482079514336 -0.7071502661827689 0.07335161246173097 9.885188102722168 0.15074434357039862 0.04748777612882861 -0.9874315439562722 -29.63651084899902
0.6967632896334789 0.7050703137614514 0.13189681903465758 -4.623632907867432 0.7054624679862684 -0.7068487585192124 0.051841478012988905 9.92972469329834 0.1297829899557564 0.05692701671593594 -0.9899069099091932 -29.83018112182617
0.6986973587101831 0.7049432236855762 0.1219715225419511 -4.681713581085205 0.7076335478002957 -0.7060584721998208 0.027132929484695555 9.974825859069824 0.10524620163683068 0.06735343506193817 -0.9921626639953637 -30.02237701416016
0.7005715233700625 0.7048980415905647 0.11098779935081377 -4.741090774536133 0.709410631224744 -0.7047934210526727 -0.001670313198186224 10.01945304870605 0.0770460702973233 0.07990609865746448 -0.9938203652819171 -30.2148494720459
0.7021902006030313 0.7050704087142773 0.09901838684081204 -4.801456928253174 0.7105149485922054 -0.7028720492553143 -0.03375485450495591 10.06367206573486 0.045797707410856786 0.09405637209204379 -0.9945129304663628 -30.40525436401367
0.7034592671466408 0.7055162609063234 0.08597595630332915 -4.859632968902588 0.7106350886003691 -0.7002287513984672 -0.06839200658621856 10.10680198669434 0.011951163769979775 0.1092085221569473 -0.993947014871939 -30.59391784667969
0.704131903334567 0.7063760535067024 0.07232657698754985 -4.917819976806641 0.7096747992161946 -0.6966861371822699 -0.10483370457778017 10.15007209777832 -0.02366309497706773 0.12514510493960015 -0.991856219744456 -30.77880668640137
0.7044888846153486 0.7073432944371657 0.057973056398633205 -4.974669456481934 0.7070880100403371 -0.692513943588802 -0.14300693686769772 10.19310665130615 -0.061007847942851565 0.14173885053104773 -0.9880223381784033 -30.96760559082031
0.7039882895071347 0.7088837582622094 0.043408587962107816 -5.031874179840088 0.7032733389878973 -0.6872849499171568 -0.1817856107787006 10.23571681976318 -0.09903079776328472 0.15850304378596858 -0.9823796039235294 -31.14837074279785
0.7030024177492157 0.7106002893279997 0.028893415265781083 -5.088646411895752 0.6978205529631993 -0.681380088014569 -0.22083399086054095 10.27604484558105 -0.13723729996211775 0.17540924851393114 -0.9748833361150894 -31.32707595825195
0.7016124513563974 0.7124068051316702 0.014714350266117032 -5.145596027374268 0.6908385372387736 -0.6750211903545521 -0.25901449387653125 10.31467914581299 -0.17459118983344799 0.19189303419981285 -0.9657613472582814 -31.50062561035156
0.6994443511452361 0.7146867062409012 0.0007152437010746193 -5.203317165374756 0.6827908927817741 -0.6679324802490042 -0.29607904107295746 10.35553359985352 -0.2111260201521552 0.20757917465619166 -0.9551631744700831 -31.67495918273926
0.6970911921652523 0.7168753979363596 -0.012390869187143508 -5.262199878692627 0.6735716784811983 -0.6607090644514424 -0.33130760042552665 10.39230060577393 -0.24569302748276772 0.22260547159781427 -0.9434414344627153 -31.84286880493164
0.6944373140736375 0.7190663248455285 -0.026465775925467228 -5.277594566345215 0.6631314841536917 -0.6538291578078932 -0.3643680380114908 10.41326236724854 -0.27930888196817916 0.23548047238224662 -0.9308788834108979 -31.95039749145508
0.691673765647336 0.7211218963650936 -0.039630953786723794 -5.297507762908936 0.6522487393800449 -0.647290763278062 -0.3944442289501091 10.43135643005371 -0.3100951207168159 0.24697748552796242 -0.9180648875487551 -32.05194473266602
0.6887833287290486 0.7231251823325259 -0.05164781448892364 -5.318130016326904 0.6414650549836142 -0.6410941527101992 -0.42133225677090075 10.44909477233887 -0.33778707686914233 0.2570763661586624 -0.9054344993774299 -32.14910888671875
0.6858803130615194 0.7250479470738076 -0.06223881906566686 -5.356605529785156 0.6313213444460748 -0.6353864460853904 -0.4446542748898039 10.46205234527588 -0.3619413712211306 0.2656869183362889 -0.8935372992905968 -32.23252868652344
0.6884518413254953 0.7217249612103376 -0.07174358885274262 -5.374948501586914 0.6153532935281625 -0.6335982766713694 -0.46892808397782454 10.36619472503662 -0.3838937174786504 0.27868674917370434 -0.8803177321373316 -32.23627853393555
0.6857437779106608 0.7240885672464604 -0.07383236309222854 -5.465000629425049 0.6118466082735491 -0.6284240557003264 -0.4803404356925486 10.31278991699219 -0.3942070509275153 0.2842163841162598 -0.8739690200452819 -32.19923400878906
0.6931179923632627 0.7151407408456575 -0.09033919108030877 -5.404873371124268 0.5817312647578395 -0.6289671767053622 -0.5157412396061909 10.16503143310547 -0.4256479581362571 0.30491640069043524 -0.8519681944324127 -32.23760223388672
0.6808038675157173 0.7283804653052534 -0.07725277818528109 -5.646666049957275 0.6045649851969418 -0.6183352095221222 -0.5021580899866644 10.19632720947266 -0.4135302560266457 0.29516684506721963 -0.8613183272888141 -32.11044692993164
0.6692137864861226 0.7403793477707117 -0.06317696867943681 -5.883840084075928 0.6258635005820392 -0.6074476876095453 -0.48918522612300197 10.19719505310059 -0.4005593421905208 0.28782933869297 -0.8698887774718475 -31.94035148620605
0.658052032675779 0.7513218080564668 -0.049830342463575455 -6.107712268829346 0.6457157378125744 -0.5971205927050041 -0.47591825317882824 10.18198585510254 -0.3873224860919361 0.2810027375425131 -0.8780767354059527 -31.74601745605469
0.6811613306548779 0.7317443694982247 0.023862508839641527 -1.598105311393738 0.6717475142846782 -0.611685689617783 -0.4178467352620739 7.172711372375488 -0.2911606406656512 0.30065061919853603 -0.9082040995848372 -24.01390838623047
0.7006407242637862 0.7074662288311888 0.09270442581933937 2.775195121765137 0.6870170167268803 -0.6338246633692359 -0.35535041133024275 5.050471305847168 -0.19264006392963745 0.3126624876256365 -0.9301247091658915 -17.86013793945312
0.7156206274269837 0.6807952361691614 0.1562208821201111 6.983164310455322 0.692423528455109 -0.6620248637815526 -0.28683224535744456 3.683600902557373 -0.09185191801365179 0.313434085804962 -0.9451572879752982 -13.19826984405518
0.5652790380143479 0.7721668679524655 0.29020326879284697 10.85344505310059 0.8186622671281331 -0.4819601324882462 -0.31226034502084593 3.030946016311646 -0.1012506867245802 0.4140926934013592 -0.9045858387734186 -9.700765609741211
0.389412118219216 0.8261009974953566 0.40732707265930745 14.61953639984131 0.911765728692908 -0.2830592714154105 -0.29759150667797624 2.682068347930908 -0.13054293609810666 0.4872726041990811 -0.8634372884187547 -7.360255718231201
0.12496584657193277 0.8498622863531935 0.5119742487909746 18.49071502685547 0.9522008049089379 0.042241134034948884 -0.30253811945970105 2.259663581848145 -0.2787421107786389 0.525309224009977 -0.8039608540524252 -6.02072286605835
-0.15765873761921598 0.788545839969382 0.5944234018940515 22.33236122131348 0.8823110737601735 0.3828178107578516 -0.2738205486933654 1.830988168716431 -0.44347591994660224 0.48129614795211867 -0.7560972995547379 -5.581010341644287
-0.39850212497392423 0.6519789291630402 0.6450732767048112 26.17151832580566 0.7112888796901833 0.6637143041187745 -0.2314118668893505 1.22367525100708 -0.5790200221238903 0.36661532760585175 -0.7282369226729055 -6.0128173828125
-0.5885204145237323 0.4375325511872982 0.6798595357427509 30.08196067810059 0.4352927801557987 0.8801001478153426 -0.18958883237060054 0.2072799652814865 -0.6812957634045952 0.18436104921307644 -0.7084116644296617 -7.163165092468262
-0.7224182478579085 -0.2142439548865504 0.6574278690141444 31.40365219116211 -0.2629388619532426 0.9644787653838499 0.02537451474172367 -3.099645137786865 -0.6395115558272915 -0.1545323232149639 -0.7530901214629911 -7.531557559967041
-0.17622666768381798 -0.8452063977923869 0.5045496077967696 31.43170166015625 -0.9033663893318451 0.34246398586223714 0.25816193563903655 -6.802814960479736 -0.39099018941989044 -0.4102981397936948 -0.8238823388441041 -9.36446475982666
0.6957964284778847 -0.5801157422167494 0.42347733794115805 32.39548110961914 -0.6962443927150851 -0.6895729167900929 0.19933122696257594 -5.506908893585205 0.17638332044221816 -0.4335376777881174 -0.8837047053217858 -12.05234146118164
0.891199644884124 0.2779905654133602 0.3584472604157721 31.70356750488281 0.31754888709726625 -0.9466239811433508 -0.055369148698543286 -3.711095333099365 0.32392267173154105 0.16316949428577038 -0.9319065505043018 -13.51710605621338
0.3103352127981004 0.8301297925088549 0.4632241177732043 29.81121826171875 0.8860335642187667 -0.07602954719667054 -0.45734454302074956 -1.854526519775391 -0.34443661067799786 0.5523622321830802 -0.7591175045290277 -15.20989799499512
-0.0986723953188639 0.5627062647482368 0.8207468659794717 34.56227874755859 0.6313142805445231 0.6729432042861978 -0.38547337519675134 -4.79273509979248 -0.7692243090169399 0.4801136359426918 -0.4216454185678999 -14.99571514129639
-0.20804463012296626 -0.30496491410834226 0.9293620570261567 24.56896018981934 -0.697511601684302 0.7123579016887605 0.0776130492725649 -1.484521389007568 -0.6857076617573976 -0.6320938388123061 -0.36091880186923603 -17.60725402832031
0.9161108740561886 0.2389835973570319 0.32191257606732004 38.7526741027832 0.22479666724316943 -0.9710216117303055 0.08113869575636297 -3.49726939201355 0.331974885845857 -0.0019671672455440353 -0.9432861736613435 -15.85747718811035
0.2054678273938355 -0.6570657957049598 0.7252913290676133 49.47072982788086 0.9620659726332969 0.27152055363715943 -0.02656413472558322 -11.40946674346924 -0.17947711889599044 0.7032361829905927 0.6879293820775618 -13.91510200500488
0.7536595379859339 -0.4025798581884432 0.519544760904969 65.11991882324219 -0.6544303663418509 -0.5329658198979539 0.5363472107041972 -11.26284408569336 0.060977015444340504 -0.744229059229398 -0.6651352576626999 -5.396010875701904
0.6859587970052743 0.19556485929209302 0.7008672589165088 45.21932601928711 0.6648285182382422 -0.5599332209825152 -0.49444699349605603 -4.984616279602051 0.2957424050558526 0.8051268060685903 -0.5141082142910871 -8.150944709777832
0.761333471280135 0.14994962340064943 0.6307824156954153 47.57932662963867 -0.08558975681936203 0.9876180179642908 -0.13147259836136316 -11.05853366851807 -0.6426863457676245 0.04610597612337529 0.7647408057175767 -8.10689926147461
0.2472198311192395 -0.315640928911395 0.9161076132733131 41.80510711669922 -0.9577282888113927 0.06393428455741135 0.28047982470853966 -7.953447818756104 -0.14710159724413574 -0.9467223517241385 -0.2864924236941363 -6.741426467895508
0.2971126360079044 -0.8702414861292271 0.3929425369491431 41.36374664306641 -0.38390929524358053 -0.4856722058021554 -0.7853255131070467 -12.81018829345703 0.8742641102950595 0.08247584089212456 -0.47839314493324947 -2.184883832931519
0.9698481311148903 -0.1017023371136898 0.22147513900789847 44.10832595825195 0.2403066522342862 0.5504184530790823 -0.7995575272624103 -15.74068737030029 -0.04058713422877233 0.8286713227424027 0.5582620562060905 -10.15038013458252
0.722780192072098 0.0378772231756008 0.6900392089676696 46.23055267333984 -0.38183994638936625 0.8541297544748079 0.35307310554922006 -8.921874046325684 -0.5760095913173559 -0.518678781603133 0.6318111048605448 -9.692981719970703
0.5481828214733608 -0.4782140475947002 0.6861537137730869 42.764892578125 -0.8298947954428199 -0.41281843798059015 0.3753072951065378 -6.596748828887939 0.1037796836496705 -0.7751724078850842 -0.6231673252949121 -4.079639434814453
0.8211353921284164 -0.5424771701176178 0.17735610419518466 44.52062225341797 -0.207964401304071 -0.573779842187272 -0.7921663338528018 -11.17532348632812 0.5314955085269784 0.6135920571525764 -0.5839668756144634 0.6064931154251099
0.6333017945704097 0.6575226341733575 -0.40815784023295154 51.62503433227539 0.6216104737611046 -0.11801162031414869 0.7743859996031206 -11.69907569885254 0.46100895425619837 -0.7441352316753711 -0.48345992706226243 -3.314855575561523
0.38523939435815446 -0.626720251670169 -0.6773568743144502 50.52426147460938 -0.10160480800388805 0.7007412630574981 -0.706143147838365 -14.3178882598877 0.9172061229762125 0.3408568737682459 0.20627534893894284 -9.743685722351074
0.963192027038995 0.11870065295935771 0.24118721781125646 54.31026840209961 0.13038714149905903 -0.9909128960610939 -0.03302765131704734 -10.47136783599854 0.23507512071722242 0.06325968231692461 -0.9699164398096082 -14.06991100311279
0.5091666154694384 0.2894629991064894 -0.8105310171977835 58.72931289672852 0.5308979023914466 0.6356035788564817 0.5604957696371976 -14.30572032928467 0.677419201770779 -0.7156949508646188 0.1699528239810446 -15.5123405456543
0.49563874539127856 -0.8683370890033675 -0.018246477142657314 57.59841537475586 -0.023654118049484196 0.007505104268574536 -0.9996920306320438 -13.03762435913086 0.8682066094923839 0.4959177081644454 -0.01681992754632411 -17.53136253356934
0.9053235716146099 0.19969878658098678 0.3748461355236944 60.17960739135742 -0.08197943679401326 -0.7838079902135778 0.6155683604769567 -13.05875015258789 0.41673565076904895 -0.588018221754593 -0.6932286551078682 -18.14862823486328
0.8465509485662043 -0.32076082778307835 -0.42481052581306633 55.10110092163086 0.40649569631462434 0.9048016591263459 0.12686688504058222 -8.95864200592041 0.3436753415061201 -0.28008293236490855 0.8963485988378214 -11.54435539245605
0.215745609506741 -0.8938414600080229 0.3930665037233405 60.38082122802734 -0.24782881414290397 -0.4394903232288285 -0.8633823803325741 -16.76221084594727 0.9444758921534666 0.08885775238517923 -0.31633777672286845 -15.33067321777344
0.30188602550329613 -0.8823538107659988 0.36099387838652125 63.54124069213867 -0.8144164994672757 -0.041852501074110426 0.5787694994981246 -11.15481376647949 -0.49557097675438117 -0.46872179465068703 -0.7312381870622917 -2.0370032787323
0.3637424699722228 -0.822447352345481 0.43734627946104077 52.40571975708008 0.9227203079759728 0.25382302557500347 -0.2901053342092782 -5.691032409667969 0.1275878081449494 0.5090719244938374 0.8512150885087202 -7.20082950592041
-0.10735917254589783 -0.9923026567001225 0.06172070621873112 63.8531494140625 -0.9472112174389129 0.08322239923634173 -0.309620641791272 -8.905981063842773 0.30210084016459204 -0.09170316118447458 -0.9488548954400887 -3.662376642227173
-0.14978448996327925 -0.8805627418665001 0.44963748086985855 49.80913543701172 0.8768995215060593 0.0917681302888983 0.47183242729355157 -7.653502941131592 -0.45674044680637294 0.4649600712962694 0.7584196044085909 1.006012439727783
-0.49035471784936036 -0.8702037803078957 -0.047933614726218876 60.5601921081543 -0.5828070079830281 0.3683079346167695 -0.7243516112663794 -15.77505397796631 0.6479878410346485 -0.3272531833858562 -0.6877623948974516 0.06016091257333755
-0.2748007500370911 -0.8197834180678822 0.5024337719938741 49.40397262573242 0.6253758394070448 0.24452788414841686 0.7410203596122259 -11.84469795227051 -0.7303352704511719 0.5178428925213113 0.4454762972372104 5.380319118499756
0.04676161433459222 -0.9989004401209649 -0.00335591283635317 58.40684509277344 -0.46611292487103523 -0.018848531015915687 -0.8845244338890307 -14.7863130569458 0.8834885922823175 0.04292602479480723 -0.4664817935378872 -4.898035049438477
-0.017964949926537577 -0.7720094712844465 0.6353570939410734 51.78689575195312 0.31961670741650994 0.5976825389722603 0.7352691636046635 -10.07135486602783 -0.9473765993069313 0.21627981610585306 0.23600978842169298 -0.529782235622406
0.4809058764811985 -0.8508094243716766 0.21178494131119585 56.99763488769531 -0.26135999134861937 -0.3696788676923631 -0.8916437010958705 -11.0688419342041 0.8369112813722253 0.3734445851555873 -0.4001482836772781 -9.799484252929688
0.1278813555013512 -0.5235960993085662 0.8423143615681681 53.18146133422852 0.0692111443332222 0.8519282951201748 0.5190645407593526 -9.37629222869873 -0.9893716068369975 -0.00808113621255202 0.1451844303714805 -4.890817642211914
0.737771092343773 -0.6129042960225399 0.28291719498643053 59.21591949462891 -0.2573629662261319 -0.6428310229455649 -0.7214794380673957 -9.021965026855469 0.6240657969454521 0.4594742646284695 -0.6320010136281149 -11.49748706817627
0.6814785975222591 0.6188468466990947 0.3906603402569576 52.50518798828125 -0.36120338054911405 0.748677490946343 -0.555890396058594 -6.828121662139893 -0.6364896220669954 0.23771957193482363 0.73373725959647 -6.256984233856201
0.9126057881110908 -0.30451504931443557 0.27280260307988596 61.45771408081055 -0.14603225547684345 -0.8660330795900119 -0.478185409037317 -9.364923477172852 0.38187073187988746 0.3965567926500152 -0.834815820607547 -10.91116333007812
0.9493392077805808 0.2911489364343627 -0.11826819261187163 61.53913879394531 0.0009208905546374546 -0.3789226345876785 -0.9254278950613707 -10.41061687469482 -0.3142518425262224 0.8784360726941217 -0.3599942300351523 -3.418069839477539
0.9691792869586744 0.2287463184332205 -0.09146929284477517 61.27347946166992 -0.2148586444487506 0.6031919291401705 -0.7681114889947975 1.998749256134033 -0.12052913604569196 0.7640907134780577 0.6337492476845017 -16.66524505615234
0.9542115121785074 0.1490306451386148 -0.2593651033496496 57.71528244018555 -0.09579056692663347 0.9736334543354137 0.20703155287724598 5.644265651702881 0.2833805873977261 -0.17270716084881368 0.9433279807562488 -26.16713333129883
0.8389641253875484 0.058777423901663156 -0.541003152257166 59.84290313720703 0.5377578066595714 0.06281588456756237 0.840756032403385 -0.5201882719993591 0.08340106527732774 -0.9962928179433389 0.021092255098211887 -30.17115020751953
0.9658554249412008 0.08512613548195042 -0.24469744414186456 60.8572998046875 0.19294217014292003 -0.8666643017763327 0.4600720671884808 -8.228241920471191 -0.17290638245071466 -0.49157555785906415 -0.8534968387893167 -39.09142303466797
0.688591780945201 0.6138324472252531 -0.3860713482611385 74.14151763916016 -0.24065664605846812 -0.3087846437179993 -0.920182820156863 10.206374168396 -0.6840509761140654 0.7265409627387883 -0.06490370975521553 -35.03671264648438
0.5857565180206978 0.7731666079898184 0.24311046436915612 59.80362319946289 -0.8053485723988082 0.5215183336368505 0.28183737263862757 5.315946578979492 0.09112068114028692 -0.3608767434598155 0.9281513871661072 -17.2867374420166
0.9481254319079077 -0.06081745125867677 0.3120246833054104 57.84006118774414 -0.31674019832726624 -0.2643673652610111 0.9109256517128907 1.739901661872864 0.027088966998525643 -0.9625025370394351 -0.2699167539438839 -19.52795219421387
0.7397362317586723 -0.6695956956343606 -0.06657260556277698 58.33497619628906 -0.6699064092342287 -0.7235185186361354 -0.16657237483290793 -2.302166938781738 0.06336963224118027 0.16781703601991493 -0.9837793106846212 -18.50432395935059
0.5944388518216832 -0.3341966346526287 -0.7314062214882892 62.25718307495117 -0.6068490691351334 0.41034104400516985 -0.6807014285974208 -1.746574401855469 0.5276141191578757 0.8484885603186437 0.04111574240670196 -17.25966262817383
0.8900803636780916 0.17912233352821755 -0.41913259933591707 61.82930374145508 -0.07053261882797272 0.9625971438915358 0.2615948934003221 2.085621118545532 0.4503133307775202 -0.20327795798675263 0.8694227831847932 -17.91491317749023
0.26218756407687066 -0.46749568096210165 0.8442188516760438 52.95124435424805 -0.625639545539723 0.5837159768776801 0.5175430584932863 -0.2635483145713806 -0.7347331762621627 -0.6638700525099148 -0.13944071528860258 -15.19825077056885
0.6065330514971159 -0.7902813199570263 -0.08702351847964751 57.35176849365234 -0.756691268928514 -0.6073867318501187 0.2418670740299056 -0.9253302216529846 -0.24399996100194904 -0.08085043784304898 -0.966399102716696 -15.96316528320312
0.911883474400931 0.23965828762765432 -0.33321529719667264 58.77136611938477 -0.187266560893707 -0.4794843014735066 -0.8573365965660783 3.904065370559692 -0.36523932467018094 0.8441911571509403 -0.39235382743465896 -16.69906997680664
0.4050457276773683 0.8265799465711723 0.39077301649002044 56.57043838500977 -0.1912133853952745 0.4945346608220438 -0.8478637334450063 6.72187614440918 -0.8940779606589069 0.26870255148030253 0.35836230143806413 -13.5861701965332
0.1223751545938902 -0.36536757330832526 0.9227842965248743 54.88930130004883 -0.7162711463941485 0.6110857470252865 0.3369419158041337 1.945717692375183 -0.6870079813083207 -0.7021970849820819 -0.18692053782645984 -12.33966541290283
0.5494738174883058 -0.7536343288484234 -0.3607129361084994 60.7387580871582 -0.7313148733538476 -0.6426004283039985 0.22856781390861547 0.651485800743103 -0.4040508382694854 0.1382027059239581 -0.9042361042167151 -14.34297275543213
0.7342076536765536 0.5873423948046844 -0.3405407942491887 61.04165649414062 -0.12860038749423505 -0.3721958016695755 -0.9192019503655737 6.909267902374268 -0.6666341287536235 0.71867878533086 -0.1977365466884085 -15.20627593994141
0.054051254829354245 0.4508463485013118 0.8909635412823611 56.09284973144531 -0.4800376478885846 0.7941288904187875 -0.372723975633203 6.498337268829346 -0.8755811318552766 -0.40754984412370826 0.259346883717105 -12.57971668243408
0.32402814070912467 -0.9211833050708746 0.21546944676052635 59.36389923095703 -0.9069477839460862 -0.2376707752983236 0.34779062633195973 1.009051442146301 -0.2691681281724691 -0.30811348725395543 -0.9124771765629733 -14.09696388244629
0.6031841521026607 0.40105258342835326 -0.6894386876130738 64.89054107666016 -0.09632031935756188 -0.8214367202157867 -0.5621068499493562 9.177517890930176 -0.7917646586777229 0.4054608982461497 -0.4568480986743558 -15.92704391479492
-0.04533194264990764 0.5175004216805296 0.8544813213500104 56.85956192016602 -0.4380510981076754 0.758440973187218 -0.48257489122154434 7.815295219421387 -0.8978063546345867 -0.39618253842300993 0.19231002528847796 -13.06460571289062
0.5839403804956205 -0.8111299236563702 -0.032891928733977976 62.79864120483398 -0.626083596144731 -0.4757753253297534 0.6177840807643467 2.329032421112061 -0.5167523223606368 -0.3401559741597646 -0.7856595640468651 -17.24814796447754
0.3840970889527964 0.8518744080077288 -0.35606097685574717 61.63911437988281 -0.07945846635055487 -0.35371336387502555 -0.9319727508577873 11.27592849731445 -0.9198672612845862 0.386260079736044 -0.06817163940451748 -15.77599716186523
0.11715615440685517 -0.17742819909773203 0.977135440790852 55.48891830444336 -0.6408855197762842 0.7381065628845256 0.21086595829548713 4.026427745819092 -0.7586436489061773 -0.6509361996322892 -0.027237437151707455 -15.53561687469482
0.4013588802072138 -0.7898050420320709 0.4638092763836556 56.20741653442383 -0.8725473891460672 -0.17572101981232713 0.4558324000008086 4.826147079467773 -0.27851768879766486 -0.5876479547967767 -0.7596695191002284 -16.50394630432129
0.2146023810796539 0.9365487451652202 0.27716829898888906 56.45816802978516 -0.2613145353866363 0.3284906318059612 -0.9076390353060995 10.73860836029053 -0.9410953892303422 0.12235339286334318 0.315228671957706 -16.75049018859863
0.39842151806561604 -0.6801768244826193 -0.6153208767618976 60.61153030395508 -0.5424055850990747 -0.71571397574734 0.4399428214816862 2.020515918731689 -0.7396326623369338 0.15847079338690898 -0.6540875571723584 -19.29147148132324
0.21339180458122808 0.19861662116137058 0.956564360373105 51.64242172241211 -0.4406848821759797 0.8934168325701132 -0.08719631816727763 6.382845401763916 -0.8719293390860924 -0.4029364727582088 0.27817517244007106 -20.21837997436523
0.3847940013463983 0.29186598877234426 -0.8756413770064603 60.89534378051758 -0.4151897786874281 -0.792555580526113 -0.44662411427328996 6.912415504455566 -0.8243488486079863 0.5354156295578772 -0.18379085783528357 -22.78347206115723
0.26793104747102653 -0.7756487535636089 0.5714735032320382 53.12073516845703 -0.47723055146619375 0.40842914623106 0.7780980871691177 0.6524662375450134 -0.8369372464816887 -0.4812012506261671 -0.2607324334398418 -24.14396095275879
0.6349483463346692 0.6238691303049503 -0.45566205211693245 56.2943115234375 -0.633557640729315 0.08297571778453272 -0.7692332195970518 4.163216590881348 -0.4420919738701139 0.7771115354379233 0.44794234911307507 -20.43596458435059
0.38964881444256116 0.13164238786523302 0.9115064909920532 47.35251235961914 0.36044593150368326 -0.9325784081141733 -0.01939698898480069 3.078484058380127 0.8474978064077503 0.3361068199789673 -0.41082803421587166 -15.88619995117188
-0.10038961667276902 0.9761846120298613 -0.1923162190258635 56.35214614868164 -0.9938582857786445 -0.08934350075650832 0.06529507379355755 7.690236568450928 0.04655784201859908 0.19769001519723045 0.9791583249086381 -15.69219398498535
0.9614075117191794 0.06321033696342161 0.2677686496042935 50.17463302612305 0.2640903273342827 -0.484928634522024 -0.8337268847944614 1.571336507797241 0.07714852829709462 0.8722664000874827 -0.48290727045677867 -20.88906288146973
-0.31421652845250664 0.7312593604980826 0.6054153292832866 51.22365188598633 -0.46995388443043873 -0.6739086871747115 0.5700793171648999 7.52895975112915 0.8248704866559337 -0.10538894170828333 0.5554114251702167 -12.76534557342529
0.7314149166028683 0.5373348028923417 -0.4198851383074508 55.48755264282227 -0.5151715973502011 0.031966020576485676 -0.8564907464836649 4.381557941436768 -0.4468002294700182 0.8427630053159378 0.30020005299197916 -21.39933776855469
0.9420722037154404 0.12715295487558648 0.3103741114415651 53.53510284423828 0.3114836737447448 -0.6748932455368984 -0.6689521867212556 2.866775989532471 0.12441014418933619 0.7268777291918354 -0.675404236607759 -20.29709815979004
-0.46824735260979616 0.8803335656172484 0.07587641281412186 53.30559539794922 -0.8714751534206717 -0.47429293214635543 0.12480893992991539 8.107519149780273 0.14586114542376852 -0.0076829527939791115 0.9892752389967272 -13.69540023803711
0.9268620482346304 0.2678358601741866 0.2630412430533644 52.66250991821289 0.3753678877240124 -0.6517614393232833 -0.6590189489512839 5.866966724395752 -0.005068767889609083 0.7095568886396604 -0.7046299237018576 -19.58966636657715
-0.4437459023208416 0.8960390516510067 -0.014268569999347691 52.33840560913086 -0.8952168474521728 -0.44249888330130366 0.05274025326913109 11.84322261810303 0.04094350023208831 0.03617673552800699 0.9985063212595509 -15.13327980041504
0.9386542793966965 0.3384691370497063 0.06608166943332824 53.30423355102539 0.2564482876061141 -0.5569631789605698 -0.7899533486643552 6.611460208892822 -0.230569771553342 0.7584396222158779 -0.6095957020016434 -19.77857780456543
-0.29148669983433456 0.9514429143538022 -0.09895395164232515 50.14857864379883 -0.8652602901088565 -0.3063551161553965 -0.39682637660083886 11.81011199951172 -0.4078726935949817 -0.030048686017139337 0.9125442138812876 -17.73930740356445
0.5173684480410117 0.7100378248498906 -0.4776779001105984 57.83814239501953 -0.4306232844926625 -0.26636024920074497 -0.8623316093582958 2.282063007354736 -0.7395224647192176 0.6518423927055934 0.16795243150207922 -15.67709827423096
0.5901554277830217 0.7318793635035603 -0.34068925479953427 50.60023880004883 -0.12067528508909336 -0.3372974802171134 -0.9336315576328018 9.3654203414917 -0.7982192973280616 0.5921005042362397 -0.11073818788604955 -13.24491500854492
0.5185632019433488 0.37776715389792564 -0.767062046399196 53.49702453613281 -0.2897543678246208 -0.7663859915834168 -0.5733192114618672 7.837907791137695 -0.8044467738246053 0.5195618243679608 -0.2879598908574254 -10.39485740661621
0.3845661821226062 -0.13464023752764143 -0.9132255241757878 54.81481552124023 -0.3864347317584296 -0.9219270897115144 -0.026807449465543864 5.429610252380371 -0.8383179883901053 0.36321129896323073 -0.40657164515864785 -7.151753425598145
-0.5533691421966578 -0.5564036570830329 -0.6198367227336262 57.52762222290039 -0.44673217615719013 -0.4298171190741761 0.7846576367669131 6.190296649932861 -0.7030028131169864 0.711106331384697 -0.010715886067006748 3.508151292800903
0.487684488374417 -0.6646450193955586 -0.5660484413825908 54.5869255065918 -0.013561910944187405 -0.6540691722737463 0.7563131576620086 0.3701667785644531 -0.8729146088653372 -0.3611654967931098 -0.3279932462043408 -6.782515048980713
-0.304375465129165 0.5307813343591374 0.7909657080577752 51.98882675170898 0.9522076732394085 0.1472136537066826 0.2676353623614051 23.85368537902832 0.02561490291599955 0.8346252543856207 -0.5502222837093582 11.14084339141846
