0.9999999999532097 -9.617304698493451e-06 1.0430791432418354e-06 1.3709433935956424e-05 -9.617225863991438e-06 -0.9999999970996774 -7.55523291117341e-05 -8.282099338361247e-05 1.0438057499863176e-06 7.555231907667126e-05 -0.9999999971453788 -1.806320399503636e-06
0.9995906973128466 0.017048696602043886 -0.022973458376757842 0.20984502777716665 0.01682454896333629 -0.9998092951073216 -0.009915037527962217 0.02318624512224206 -0.02313811569245576 0.009524461201141865 -0.9996869071069354 0.11595485027710271
0.9984783386274092 0.032166152387032694 -0.044792253040714915 0.4115935911953169 0.0313153453867615 -0.9993179775396672 -0.01956856942490485 0.050592352183901956 -0.04539114930420995 0.018136107814072898 -0.9988046481460726 0.23680310361529952
0.9973113038502136 0.0318202817138557 -0.06601236917607209 0.6090488563419428 0.030047072004449973 -0.9991650602672896 -0.027683132138967496 0.07965461866741767 -0.06683813788958046 0.02562522219835365 -0.9974347153126056 0.35968804938131993
0.9957637409961603 0.03207063224155704 -0.08617451285013877 0.7995331673331976 0.029170432912258036 -0.9989717515447109 -0.034706274063980566 0.11209216038139584 -0.08719895619239593 0.03204550145214581 -0.995675362693904 0.4842569792681915
0.9938264140109941 0.032328825498708275 -0.10613154976689318 0.987659210765087 0.028125014892343994 -0.9987685416864739 -0.04087032755900081 0.1446674851490931 -0.10732214287533529 0.037633059659675054 -0.9935118069098615 0.6080076189425698
0.9915862545056274 0.03295090058570649 -0.12518361724319846 1.1708465664444616 0.027338808231136526 -0.9985539720395448 -0.04628773583303622 0.17870135567739398 -0.1265278208142457 0.042475911698734506 -0.9910532314085653 0.7309907578238871
0.9890451809985574 0.033612427772436594 -0.14373529365738136 1.3516748373444971 0.02651243392787566 -0.9983451467376352 -0.05102997974357726 0.2123777499522864 -0.14521267434611534 0.04666018307564396 -0.9882996036246279 0.8524960554094958
0.9862908502171636 0.0347673521818727 -0.1613120888221555 1.5284984549368557 0.026140496665751314 -0.998127688332448 -0.05529730751304213 0.24756012375756442 -0.1629326032811518 0.050322450321757306 -0.985353042204489 0.9720591169462741
0.9832967162747565 0.0357552727867516 -0.17846324056013768 1.704059135300091 0.02559436220950402 -0.9979347064648975 -0.05891731711396396 0.28115221392464756 -0.18020126632842876 0.05336555162990127 -0.9821810533261507 1.0890611209591632
0.9800609994463306 0.03675130435982876 -0.19526847925897006 1.878188360193791 0.025042287718257963 -0.9977558186985344 -0.06209839030968164 0.3139552863966722 -0.19711245823157797 0.0559702410310051 -0.9787819016148774 1.2045714815503654
0.9767700344515211 0.03826985572490477 -0.21084524642583072 2.0482849296148973 0.02500559220218562 -0.9975574479372398 -0.06522161009634271 0.3478955784039692 -0.21282626754278314 0.058434204090894684 -0.9753411831949226 1.3158907870863097
0.9733015651571456 0.039583617593730636 -0.22609113313185047 2.2175463070542176 0.0247742296097475 -0.9973798186735298 -0.06796863136771474 0.3801686582997076 -0.2281891776791668 0.06055274164684936 -0.9717319922021482 1.4248715441872106
0.9697127771595659 0.04102792228730293 -0.24077757247357776 2.3859106496443454 0.024741157477393784 -0.9972203722622557 -0.0702808954966203 0.41140967198092715 -0.24299177957322085 0.062195166515695524 -0.9680324149128086 1.5300917932909146
0.9659795599333783 0.04252163897149691 -0.25509880440741917 2.5523999587471793 0.024655796637588285 -0.9970395834314034 -0.07282966952485284 0.4421809217446232 -0.25744044259417154 0.06406230787374947 -0.964168262922404 1.6329393631417382
0.9622505505034902 0.044094996540467335 -0.26856937527541436 2.7175748563441635 0.024761044786342362 -0.9968793261159137 -0.07495665296536869 0.4710623931580921 -0.2710364711931199 0.06547702225039057 -0.9603395185247783 1.7294718654439314
0.958413879760813 0.04552368478741881 -0.2817275797737983 2.8816235047179486 0.024723328858503306 -0.9967282050869368 -0.07695220720894111 0.49863748013672177 -0.28430897293610075 0.06678681986402141 -0.9564036431342524 1.823505476012773
0.9545181777176561 0.04719088181885196 -0.29439441074810485 3.044169649173858 0.024914206019874412 -0.9965657671237806 -0.07896805769037092 0.5254111613413773 -0.2971099640620691 0.06804184352403779 -0.9524158633626838 1.9124618054807037
0.9505547513657372 0.049054726536193506 -0.30665827636064463 3.2047994621516946 0.025212026441696046 -0.9963760062824315 -0.08123550841458253 0.552360928232418 -0.30953193434397924 0.06948732193092323 -0.9483467159811033 1.9986300411562619
0.9466812708873166 0.05090335702067116 -0.31812484906904337 3.363003827361408 0.02556524403122106 -0.9961945049289093 -0.08332422605143085 0.5772197750167699 -0.3211557093510866 0.07074854481522512 -0.9443800367213026 2.078742653579083
0.942500483562896 0.05234964739627298 -0.3300793130464155 3.5214160770899685 0.025498628797960103 -0.9960408659195003 -0.08516110231647044 0.5997217577730775 -0.33323063846701056 0.07184781023676641 -0.9401038420041962 2.1583713471153443
0.9382810972443024 0.05407813017235992 -0.341619874116085 3.6835022705513456 0.02564067885003136 -0.9958590537052968 -0.0872198414427642 0.6225654871636174 -0.3449219305033214 0.07307736304939219 -0.935782325579838 2.235074334574508
0.9340314000064094 0.056192759986652185 -0.35274313250175365 3.8467274740783455 0.026090745049359446 -0.9956430293677696 -0.08952223798666264 0.646760465767689 -0.3562367426653749 0.07441325014037378 -0.9314279636014318 2.311449195369096
0.9297840870418617 0.05530379305993538 -0.3639272481649541 4.012464992749101 0.02357625659745026 -0.9955666491355601 -0.09105606654058858 0.6712902802724173 -0.3673495768455211 0.07608243951252323 -0.9269658843718251 2.383663838235931
0.9251834518204278 0.05429204986754185 -0.37561676453377174 4.184857977316759 0.021128158248399486 -0.9955480624027948 -0.0918567165485037 0.6919966119263813 -0.3789316315731232 0.07704822364741391 -0.9222116838481875 2.4583840285165404
0.9206585298592104 0.05434821189299496 -0.38656712646254854 4.359994031585444 0.019557992310158912 -0.9954392818277121 -0.09337087945995186 0.7138448054271683 -0.3898786430856064 0.07840221972854604 -0.9175226076818835 2.5286902719449134
0.9162547158505863 0.05509483629556246 -0.39678943369894115 4.537227882594797 0.018720361387828507 -0.9953040018561552 -0.09497100588406757 0.7364163385346465 -0.40015852327680135 0.07958959041663469 -0.9129833806517191 2.5976096283786916
0.9118898575179754 0.056162659805250384 -0.40657427783794564 4.718647923174963 0.01820919602124837 -0.9951541612104372 -0.0966261900615531 0.7576945193012878 -0.4100308682722644 0.08070905196538578 -0.9084936631560742 2.664736175258791
0.9076794644460735 0.05766126135270509 -0.4156839770331597 4.903990927264924 0.018239141810414375 -0.9950001376511735 -0.09819399055016464 0.7785711639210855 -0.4192676037197592 0.08154694974897142 -0.9041928839897657 2.7286597815175053
0.9037453348528693 0.05953291972515118 -0.42391060519957985 5.0916082072819915 0.018634503829391472 -0.9948147457467512 -0.09998188291815249 0.799263298925452 -0.42766473434070734 0.08245879646117485 -0.9001685519320629 2.790138004741777
0.9001180166083229 0.061143968373274266 -0.43133394407195363 5.2851285945124715 0.01913420396123662 -0.994694914533016 -0.1010737811745774 0.8164358606985387 -0.43522573271334614 0.08272509978068686 -0.8965127547616971 2.8495803413817815
0.8969006639391206 0.06310295907076972 -0.4377067689470629 5.481516293988396 0.020105156241585306 -0.9945621212314426 -0.10218595649165631 0.8340814202854312 -0.4417748088314522 0.08285048924494044 -0.8932921217126053 2.9054490412051526
0.8941514771667726 0.06515915858705584 -0.4429982166247464 5.681430331567592 0.021394886912678063 -0.9944423604307647 -0.10308564689074237 0.8510521147401965 -0.44725316622073513 0.0826962866948451 -0.8905761783656757 2.9578577862274105
0.8919963726549806 0.06732615320594908 -0.44700073855067185 5.880110513323785 0.022929211983639005 -0.9943123979007636 -0.10400532014585959 0.868424586418044 -0.4514606543301048 0.08252299361585519 -0.8884667878522591 3.005673148138135
0.8904976805015202 0.06922036073004821 -0.4496914749934836 6.078223524897329 0.024622876666488578 -0.9942427995889512 -0.10428312140606336 0.88427062485403 -0.454321026330589 0.08179118000082194 -0.8870753112943645 3.049813716848237
0.8898711564516142 0.07110809917415659 -0.4506361760304033 6.273447470376268 0.0266161084881508 -0.9941876790795723 -0.10431894140241145 0.901771045479781 -0.45543485558794605 0.08083623567566144 -0.8865915605944912 3.090858442309225
0.8899166411710776 0.07227456666521274 -0.4503606985296824 6.465637884056448 0.028562478202065287 -0.9942586989070833 -0.10312043680352971 0.9153924885712372 -0.45522802704330967 0.07890517512147056 -0.886871702521456 3.130360710303252
0.8908839786195025 0.07336744364584313 -0.44826661135083357 6.657871131455325 0.03059958866043027 -0.9943212306869232 -0.10192622517808882 0.9362990876429369 -0.45319907525600456 0.07708766709478264 -0.8880698676168367 3.1779513874509844
0.8926727471968283 0.07410204961222171 -0.44457198815865095 6.84524459807472 0.03276042187604401 -0.9944503898689241 -0.09997588133169487 0.9588960674437998 -0.4495132046676399 0.0746813787554391 -0.8901463758824251 3.227694198587612
0.8953453199963715 0.07431856201212482 -0.4391281240151278 7.03026675098152 0.0348813272016404 -0.9946518734544403 -0.09721596394741146 0.9836006473452815 -0.4440045618833748 0.0717244865720366 -0.8931492300017565 3.2827121997645317
0.899042859378806 0.0738851622524785 -0.4315818807583394 7.21025709839243 0.03691805343336152 -0.9949416254271293 -0.09342493951356678 1.0097384603540884 -0.4363014947609875 0.06805986182286206 -0.8972228602069727 3.3389962036480156
0.9036348783965374 0.07276560978044769 -0.4220772116314206 7.38960534266267 0.038627859640282786 -0.9952923305874798 -0.08888793581444931 1.0369392942902644 -0.4265581965041652 0.06401829978234866 -0.9021916438806622 3.400189025879577
0.9090032399928545 0.07110599394194494 -0.4106787641308241 7.56734212631158 0.04016121818844332 -0.995697807495955 -0.08350420768660916 1.066528604924186 -0.414849594716101 0.05941223588854566 -0.9079482364048133 3.464907086810351
0.9152167511226176 0.0683611883487502 -0.397120946806017 7.742210026004456 0.04104007889058316 -0.9961934574905914 -0.07690453288068363 1.0953902538832163 -0.40086657429775235 0.054086441743639774 -0.9145384882170332 3.5311883565474336
0.9225228879895191 0.06513768653720696 -0.38040583976597714 7.912009449522939 0.04182384886284722 -0.9967226596257948 -0.06924381167137157 1.1215242552864353 -0.3836695020480197 0.04796896476955935 -0.9222237752395901 3.5888648996287476
0.9297292521863946 0.06171751835256019 -0.363035074830696 8.08508798726919 0.04229243407089671 -0.9972277361907279 -0.06122248110191919 1.1493474527194407 -0.3658071454322435 0.04156669460418273 -0.9297619815040815 3.655427096132445
0.9372505798470969 0.057728867506290464 -0.3438440466733752 8.25806188830749 0.042299712192335685 -0.9977397404802395 -0.05221249481561139 1.175392958028766 -0.34608103808895196 0.0343916868278635 -0.9375740647823019 3.7169776821382268
0.944721409711267 0.053686731756764 -0.32344890302246215 8.426418542645335 0.04209517435816401 -0.9981993347917971 -0.04273270781227947 1.2027070932284591 -0.32516065925771626 0.0267548659965089 -0.9452802350713764 3.78108967563531
0.952292855588233 0.04980706940753912 -0.3010939604718798 8.588992725365037 0.04170841597020558 -0.9985757313478528 -0.03327035918587712 1.2314976740954644 -0.30232222087181354 0.019124973206087317 -0.9530139086954613 3.833219900142603
0.9589898357965463 0.04580539572987919 -0.2797147843088425 8.758514174086471 0.04084430985500837 -0.9988881281672235 -0.02354250961661465 1.2587953666406708 -0.28048215128842185 0.0111522701101387 -0.9597944517864276 3.8961374149965184
0.9653807608059352 0.04162987538278486 -0.25750134007683945 8.924092428330002 0.03944861980494819 -0.999128586539011 -0.01363355991819095 1.2830234213458505 -0.2578445133432917 0.0030035039823605733 -0.9661817561424918 3.9539279905724496
0.9712243956784473 0.03770827382113767 -0.2351621979070293 9.081604578446893 0.038035791285160964 -0.9992714293446269 -0.00314469026427947 1.3055486626551935 -0.2351094464719493 -0.005890380376230759 -0.9719510541167581 4.011083466154958
0.9764230477087705 0.03407855019178511 -0.2131588241662589 9.23347275161412 0.03641068914226154 -0.9993122294659731 0.007023514500038195 1.3284558672651685 -0.2127728686165172 -0.014619181118401674 -0.9769923162052636 4.065241805392269
0.9808117644024266 0.03119277430357146 -0.19244556020091938 9.387733850081734 0.035037104379962 -0.9992480612912094 0.01660461750319568 1.3545862679794032 -0.19178290884869506 -0.02302873937075664 -0.9811671585599098 4.118373028414644
0.9844318420872967 0.028710403114338083 -0.17340605824948552 9.53635135454453 0.03365728614340128 -0.9991041190400364 0.02565436428162337 1.400480051762298 -0.17251415992338998 -0.031091350408839286 -0.9845162225965004 4.177098628937547
0.9875057025647832 0.026225774174601424 -0.1553856369519943 9.663190108304066 0.03200715390406396 -0.9988808624630011 0.03482189977776193 1.4624774790203925 -0.1542985077730687 -0.03936027660108275 -0.9872399602553023 4.252273549770937
0.9896329268207031 0.024706727877590724 -0.14147878904582045 9.799261122050492 0.03097472211749697 -0.9986258071463461 0.04227367846607258 1.5269919424527538 -0.14023992563472404 -0.046217690324071 -0.9890382643553663 4.334594069441054
0.9913705078122723 0.023437265691020705 -0.12897755935419908 9.928278299844239 0.030067248547315024 -0.9983115461382692 0.04969926973117686 1.5852429312010197 -0.1275949717066916 -0.05314839060542467 -0.990401318542752 4.405660652793417
0.9925273194158412 0.02323030529991737 -0.11979095595610631 10.053641309606924 0.030070259383822774 -0.9979995861137735 0.0556112004665153 1.6538923377801757 -0.11825945929943527 -0.0587977808459636 -0.9912403952895562 4.4867194900305565
0.9932679843776056 0.023435146190095547 -0.11344384132026498 10.170696288467326 0.0305030856207631 -0.9976731609530936 0.06097397544424284 1.7151094071115893 -0.11175094173232279 -0.06402388489393301 -0.9916716539182853 4.559048480748641
0.9935972333716028 0.0244569045717259 -0.11030139461977136 10.283070809310058 0.031854516482674684 -0.9973234778307516 0.06581162775095158 1.7791920101489789 -0.10839662179215752 -0.06890384885000479 -0.991716911218975 4.630803030506888
0.9933732713136029 0.026365846971979988 -0.1118677163133398 10.385259889721825 0.03422070552397217 -0.997037393786392 0.06888670920490594 1.8483187341074063 -0.10972003988858789 -0.07225840785050433 -0.9913325553726949 4.706057532846945
0.9924445203659666 0.029114168766856838 -0.1191899289897496 10.485839103893177 0.03767918150198468 -0.9968176102661699 0.07024906507977931 1.9277158175857971 -0.11676537704691005 -0.07420927866687259 -0.9903831731622037 4.791931451851695
0.991017934045304 0.03286584750343176 -0.1296275066043416 10.542698789813684 0.04228512571347359 -0.9966084700291864 0.0705940904713691 2.0267053015289926 -0.12686773641857566 -0.07544132510743219 -0.9890466035137382 4.879723611637858
0.9886942220934188 0.03712441124519595 -0.14527736674646646 10.56204496673928 0.04753901921118316 -0.9964913084194552 0.06888478712256801 2.1398535736560897 -0.14221032610724338 -0.07501233454692849 -0.9869900571000153 4.969031019756267
0.9855681170691797 0.039822960182719476 -0.16452847309507582 10.551643658072177 0.05137425898160628 -0.9964590096232273 0.0665592041327708 2.2538202893449926 -0.16129529481916824 -0.07405115787739275 -0.9841241049208251 5.050321723390514
0.9813435753102864 0.04142903701434688 -0.18774563134541597 10.532624920205368 0.0540982099834452 -0.9965547535619701 0.06286498890184013 2.367910980091592 -0.18449436542564665 -0.07184885555877206 -0.9802038415967789 5.127849657470907
0.9761039565089351 0.043233829267795114 -0.21295986028931832 10.507462482103707 0.0568980930272397 -0.996667216519951 0.058455679999778735 2.4841054210431044 -0.20972284829618923 -0.06917583047001385 -0.9753107358074744 5.199726379697042
0.9694945113151864 0.046081961970767735 -0.24074227985680602 10.474976535231804 0.06047019807051761 -0.9967767477920789 0.0527206810119027 2.601551895853877 -0.2375368343542541 -0.06567014422072748 -0.9691561713588727 5.274196316806636
0.9614950566341064 0.04953032471669664 -0.27032203573078417 10.441195988737066 0.06421131903643049 -0.9968878485202212 0.04573318248631368 2.7184574156072414 -0.26721557322839273 -0.06132996336362283 -0.9616831458531642 5.344200909652887
0.9521045415994274 0.05373688590651737 -0.30101376871966257 10.412244535794326 0.06814224869731259 -0.9969685345669326 0.03755496007103239 2.8384356568177402 -0.2980831692803506 -0.05626800313262566 -0.9528800218365632 5.416215331624041
0.9414945537810031 0.058414845177074966 -0.331927267731424 10.373744353784819 0.07197588319202768 -0.9969934255994619 0.02869811056808127 2.952176846899525 -0.3292529080197131 -0.05090987305413943 -0.9428683404305045 5.48259488744677
0.9298009531656274 0.06373824785432264 -0.36250189413677864 10.337943828432692 0.07567094780212885 -0.9969556163088654 0.018799116174386288 3.0700648882129693 -0.3602000765560979 -0.04491029804701273 -0.931793415934192 5.551821984655109
0.9174385034441237 0.06895115625716146 -0.3918575384613744 10.29942972251364 0.07854797633874132 -0.996874172713744 0.008491124152746993 3.1871502908960565 -0.3900471866470716 -0.0385697008944759 -0.9199867229268124 5.620122746840089
0.9041967967197156 0.07502657911033556 -0.420474928180987 10.259676471309904 0.08114299541286712 -0.9966968330597153 -0.0033522028819085847 3.3015438311767134 -0.4193375336137144 -0.031087544060839113 -0.9072979651178726 5.689032239667541
0.8909090812722715 0.0808819389130224 -0.4469218285833298 10.218082933792859 0.0828198082442729 -0.9964480489965104 -0.015236962080082295 3.414610364769873 -0.4465667791819931 -0.023439232255304622 -0.89444324253823 5.7562299753029516
0.8776157066910023 0.08692646361514694 -0.47141750210680283 10.178421258577593 0.08376790194409761 -0.9960994463665803 -0.027727811887644598 3.5315031043810823 -0.47198899348728135 -0.015155291866443692 -0.8814741670379832 5.827286705680168
0.8649532540298662 0.09300012164566442 -0.4931600609508412 10.132254984376498 0.08385545473479529 -0.9956470201775541 -0.0406850577334982 3.644198309975943 -0.4947970604746622 -0.006163488091089898 -0.8689866974587038 5.89769807066204
0.8535294679530911 0.09797582069380553 -0.5117501205618702 10.086487699408433 0.08216284356815104 -0.9951822421543506 -0.053493663526020294 3.7541642522887577 -0.5145257179894014 0.0036115730665184018 -0.8574673416914935 5.966789843473075
0.8430611553719317 0.10310307224158415 -0.527842443156375 10.049575418626342 0.07975791496877117 -0.994568101790663 -0.06688023549862784 3.8703314655009002 -0.5318708144867309 0.014284515912845484 -0.8467050190605684 6.039919439161711
0.8349052891326606 0.107116574944587 -0.5398696116197402 10.009228355942206 0.07586974122450578 -0.993913585206866 -0.07987219483500113 3.9858201500612953 -0.5451393771732463 0.025725950193812692 -0.8379506160519189 6.11140795844185
0.8293141785340861 0.10995770823111484 -0.5478570029514044 9.966008154552437 0.07053893309630938 -0.9932050344089269 -0.09256359188361546 4.100859448814026 -0.5543124138966838 0.03811905068759127 -0.8314353166510962 6.1826127449104975
0.8264892315182865 0.11133920102192499 -0.5518325221478995 9.920703633066177 0.06370443314682728 -0.9924479328103141 -0.10482769604439546 4.215819525094999 -0.5593364777857368 0.051484783930148964 -0.8273403299984307 6.256520641949625
0.8264604864640583 0.10612623860732938 -0.5529016963192032 9.872830859705672 0.051418764555622845 -0.9921965910608792 -0.11358712664181692 4.329034458666362 -0.5606417527844011 0.06544574979500903 -0.8254681573922786 6.330906362576032
0.829005615020425 0.09903258162612252 -0.5504018877520974 9.825811044610003 0.03765081614150714 -0.991846230193796 -0.12175168045753597 4.440588915082558 -0.5579714206914951 0.08020974645777719 -0.8259747515903217 6.406915963744707
0.834234646732734 0.09000444491132803 -0.5440144796665936 9.775094839024952 0.022622119240205373 -0.991344519758711 -0.1293223989317127 4.554176001560893 -0.5509453638173143 0.09557846536001108 -0.8290500365162725 6.485400718669102
0.8414402450745732 0.0790335481037735 -0.534539065216913 9.726584373976458 0.006358776591900282 -0.9906254535961986 -0.13645796659623946 4.670613803904057 -0.5403127612125193 0.11142221035976006 -0.8340546811267525 6.567724126925722
0.8505122610634526 0.0663491730243058 -0.5217534676643026 9.674812805235437 -0.010812957289268177 -0.9895957486585172 -0.14346893110234502 4.784890894858159 -0.5258440583817546 0.1276637829455938 -0.8409458869562454 6.651668830201807
0.8610933370635349 0.05140574661115988 -0.5058415899074881 9.61724767584113 -0.02907585113617387 -0.9882693123700953 -0.14992785301019435 4.89465393318225 -0.5076148734478662 0.14380965003395496 -0.8494974542702401 6.738392401554503
0.8724655222879328 0.03471100416093054 -0.48744133863367034 9.560482889383993 -0.048183087634441825 -0.98650326299951 -0.1564918597158697 5.0015619306824854 -0.4862944606767142 0.16002018085685193 -0.8590176012362517 6.829555525956354
0.8844108406712429 0.016518242226869467 -0.4664167799049688 9.499820897042548 -0.06764290119072656 -0.9842843612240112 -0.16312183841638728 5.104826474390704 -0.4617812283123766 0.17581650640248436 -0.8693944175428884 6.926667841899486
0.8962744987992638 -0.0037524719021396202 -0.4434838686544895 9.440506124349179 -0.08785655759730696 -0.9816493296775296 -0.1692507572532784 5.195914202496598 -0.4347105336764684 0.1906581036784976 -0.8801569402171635 7.032665575291228
0.908138854932272 -0.024773610286159882 -0.41793550745981334 9.374199348357367 -0.10786219863776156 -0.978394511995158 -0.17638005840452917 5.295052098285575 -0.40453623603742883 0.20525702699578038 -0.891190207868962 7.140372038257093
0.919058999821237 -0.04695901609632242 -0.3913124143888785 9.315956483099269 -0.12808918673361797 -0.974566118235021 -0.1838859467992152 5.379996705353179 -0.3727247175725114 0.2191249232643078 -0.9016987040663323 7.245698115430871
0.9289119201429216 -0.07014070690094484 -0.36359720275577734 9.261504993620107 -0.14839445015899744 -0.9701162681609016 -0.1919726892335838 5.456552029417773 -0.3392664613226585 0.23228152635326182 -0.9115610570535578 7.348455736977728
0.9376623460993981 -0.09412556890369239 -0.3345589663810089 9.211738622692726 -0.16843314853008767 -0.9650975337053335 -0.2005418283354487 5.528950901817955 -0.30400591965225643 0.24439134132460466 -0.9207894835965204 7.447390432958913
0.9449196020430797 -0.11847991248448148 -0.3051056472968297 9.165228219093112 -0.18798788204790057 -0.9595487696398333 -0.20958701029841198 5.5940908436284795 -0.2679318978357979 0.2553990388007591 -0.9289692293621763 7.5393927637973945
0.9506164756743537 -0.14315620841861396 -0.27538085657444994 9.12298419400829 -0.20706382064973852 -0.9534719602639553 -0.21912506741206925 5.653754592181708 -0.23119881131702286 0.26532531161126965 -0.9360286259853269 7.6260781051896265
0.9547280469616807 -0.16782673305573645 -0.24561869639050884 9.08329075477845 -0.22540927843740136 -0.9469318289268763 -0.22915228246633434 5.709218750343638 -0.1941262824531095 0.27414284422001456 -0.9418920784378092 7.707152623098036
0.9572047007797124 -0.19226329994661046 -0.2163191722868348 9.046529606485834 -0.2429131328505993 -0.9400505929140748 -0.23937020000535597 5.759256946405857 -0.157328861605011 0.2816730485075502 -0.9465241270303335 7.781388028437037
0.9580451928919884 -0.2161590392109259 -0.18821444722433545 9.014499604519056 -0.25954254060002313 -0.9328853029697719 -0.24972521122602362 5.804145714136086 -0.12160212989679953 0.2880976939692613 -0.9498487462402398 7.849807544212722
0.9574301308988846 -0.23923594194623235 -0.16153547142359787 8.986303723786753 -0.27517565571330116 -0.925471352731037 -0.260348101158698 5.844020490465966 -0.08721182803782876 0.293715745841594 -0.951906065583688 7.911612479740194
0.9555547623970322 -0.2615098895360841 -0.13611639774537276 8.960491970982446 -0.28979533803923474 -0.9180076864100131 -0.27070380444844294 5.879504166617427 -0.05416417737838474 0.2981182070370078 -0.9529909635048817 7.966261438332078
0.9525114182850236 -0.2828572357268589 -0.11275540888850244 8.939830890480557 -0.30361335937452877 -0.9105001931197134 -0.2807282072366049 5.908027977518205 -0.02325781687877087 0.30163087130783733 -0.9531410658596706 8.015977656940205
0.948791997827152 -0.30233536873570366 -0.09158094600192648 8.919526984492949 -0.31585735986358177 -0.9030751344712102 -0.2910144836942204 5.9361994422567586 0.005279496109432152 0.3050387291988543 -0.9523253123852051 8.056510293140139
0.94443604417491 -0.3206226852833037 -0.07239925514099937 8.904755029493312 -0.32718065811696856 -0.8958758494126131 -0.30059820257842 5.956527293552195 0.03151785870574422 0.30758341327346167 -0.9509989844693063 8.090360064242487
0.939751143885213 -0.3373641731561163 -0.05525578917293935 8.893222706190288 -0.3373521966768703 -0.8890075869789172 -0.3096110555054739 5.9724171062880025 0.055328861941346 0.3095980054273823 -0.949256441680362 8.117575594711322
0.9349846904119412 -0.35240294440126496 -0.040196933621919104 8.886239179010564 -0.3464644059947648 -0.8831596973585385 -0.31621411154511936 5.984369095661106 0.07593447223745477 0.30958215991702975 -0.9478358730218672 8.137143493327457
0.9301381032336732 -0.3662337619131791 -0.02675706538067652 8.879685447091084 -0.3555923563465369 -0.8801332381709194 -0.31451479961154366 5.992955265683413 0.09163615564165947 0.3020568070772331 -0.9488753871175734 8.15051061619496
0.9255916687823583 -0.37821615562523037 -0.015251305018295996 8.877382903110218 -0.36365118121921647 -0.8773195527453123 -0.3131584595195126 5.996813669867873 0.10506132056355559 0.2954030162250161 -0.9495784206302317 8.156247790989609
0.921430127891853 -0.3885029751619741 -0.005653114495418471 8.87449246184076 -0.37070858643818205 -0.8746826902399468 -0.31225844317746515 6.002213129605643 0.11636865279880436 0.28981999531589236 -0.9499803718819076 8.16412494055738
0.9177181883975261 -0.39722493953304233 0.002382036383802154 8.870197020233539 -0.3767741496905905 -0.8723385458712769 -0.3115552944697277 6.008547912997189 0.1258354751621952 0.2850224706933771 -0.9502250388147786 8.174063201499935
0.9147061241158059 -0.4040269469815283 0.008656362852016673 8.864811287086923 -0.38152316839378286 -0.8704241985972512 -0.3111298546830615 6.016703387929228 0.13323955300063747 0.2812897804917894 -0.9503279859643574 8.18611021370529
0.9124283058973961 -0.4090209006121317 0.013284933558286902 8.858408938361883 -0.38501608609268834 -0.8689764124845549 -0.3108739422906658 6.026613902592905 0.13869823375614782 0.2785352713893041 -0.9503583021918689 8.200527519602286
0.9109501035852491 -0.41218741127325703 0.01647564159221257 8.850294300376527 -0.38716210516341715 -0.8680645250564069 -0.3107563107388591 6.037774576683855 0.14239175925402173 0.27670474937457457 -0.950346814889227 8.216734772770966
0.9103844077640358 -0.4133710975196175 0.018015710797877865 8.841256007979503 -0.3878609408860287 -0.8677465596931636 -0.31077290531139257 6.0501683658698155 0.14409760801321597 0.27593521681022537 -0.9503134406545893 8.234990449903702
0.9107565827826544 -0.41255228249704906 0.017973901205284942 8.831731911545827 -0.38709357863655885 -0.8680927498589576 -0.310762834040134 6.064394630321174 0.14380892982149793 0.2760717150466318 -0.9503175258064048 8.255655704219716
0.9120656904563996 -0.40971034862368033 0.01654105567832838 8.820930827319001 -0.3847825039291199 -0.8691195371117869 -0.3107630204522898 6.079901617858007 0.14169898010334464 0.2770715799955958 -0.9503434845341007 8.278474850759824
0.9143109576924345 -0.40478566783198855 0.013565978083230776 8.80932894076592 -0.3808950922738479 -0.8707687206793698 -0.310935304795243 6.096443569285033 0.13767498438438458 0.2791243418339304 -0.9503342572329668 8.303069909011029
0.9174559556139846 -0.397730945640201 0.009201325370958559 8.796200286787819 -0.3753808507615413 -0.8730978191313933 -0.3111099726938155 6.1140917371858565 0.1317717207521106 0.28197569595296096 -0.950329374744289 8.329819146731682
0.9214843753011215 -0.3884013976580783 0.003301571315728266 8.781957475040837 -0.3681315257038717 -0.8760418420217415 -0.31149618105218174 6.133378217040952 0.12387786670281793 0.2858234513198756 -0.950241668638433 8.359062786321417
0.9263270039602436 -0.3766959843783204 -0.004291513402888948 8.76687068919478 -0.36005434470577036 -0.8819380558253016 -0.30421396178608523 6.155332593806403 0.11081132880954603 0.2833467858302536 -0.9525940627398048 8.390301411782282
0.9317925680759082 -0.36274300886599864 -0.013420864254819267 8.75014296105338 -0.35077906940359904 -0.8903189439368381 -0.2903208957955641 6.179622449057173 0.09336302558748462 0.27522661133334425 -0.9568352302602131 8.42382568274104
0.9377824886850316 -0.3463683865256532 -0.024350456491076745 8.73219625840639 -0.3394242118451654 -0.8996815920636346 -0.2745254766230844 6.205795336338221 0.0731792889347555 0.2657103191775943 -0.9612714590340984 8.459722432740456
0.9439951178169549 -0.32789112149688576 -0.03688671822306712 8.712813023066213 -0.3260443369002037 -0.9097771380530623 -0.25690591556304426 6.233533207806604 0.050678475835999076 0.2545446356132732 -0.9657322199074888 8.496829279504896
0.9502043165564993 -0.3074004128771996 -0.05115410990647412 8.692739878591834 -0.310547166286593 -0.9204079993936591 -0.23750699392550362 6.264372382430297 0.02592709603414116 0.24156593471574023 -0.9700379811513296 8.536820146825075
0.9561029234091465 -0.2853078789328904 -0.06683273200535203 8.671445527868693 -0.29303082162543653 -0.9311914980953004 -0.21683019036230086 6.296036827953617 -0.0003707101369825813 0.22689602925975846 -0.9739189157625747 8.578400288919648
0.9614838109140426 -0.2617772642331071 -0.08379466141013803 8.649060067486042 -0.27344330363283187 -0.941918902565375 -0.1949808726219128 6.328623617686984 -0.02788621610352613 0.21038404150664494 -0.9772210159583951 8.622101338822215
0.9660438972138664 -0.23721794595009013 -0.10240524779065294 8.626011735196453 -0.25209977399133704 -0.952217535293905 -0.17241655788327856 6.362773326661876 -0.05661177094352098 0.19237830334531306 -0.9796865293514131 8.667994591461408
0.9696622436353616 -0.21157406980173343 -0.12243997000803511 8.602204613116252 -0.22873670020826758 -0.9619907420984369 -0.14917551439405846 6.399742046201603 -0.08622444691542203 0.17265637869603906 -0.9812008559156987 8.716643564015628
0.9720983807921757 -0.1856998231164522 -0.14331892322979767 8.577002712849552 -0.2039729614806922 -0.9708995005558609 -0.12549578002935377 6.437448606458744 -0.11584372683070215 0.15122742977019163 -0.981687575269788 8.767937759343077
0.9732794719121239 -0.15953100132046927 -0.16515728616123979 8.551546943801934 -0.1776837973326691 -0.9788271222429153 -0.10161659769494338 6.4773057296684176 -0.1454494335496024 0.1282471223043286 -0.9810184187367527 8.82143039700551
0.9731034644063493 -0.1334551498607003 -0.18777478674204306 8.52482992406696 -0.15020079116332255 -0.9855806871779905 -0.07791297321802432 6.517713650476524 -0.1746693158350192 0.10402130568983758 -0.9791170502387895 8.876248756738354
0.9715665322128064 -0.10768043360895337 -0.2108634574832006 8.496736531034642 -0.1216783718278066 -0.9910701987164636 -0.054536547795429546 6.559870400262921 -0.20310796959576896 0.07864340680500123 -0.9759930159856613 8.934226844258458
0.9686224664247348 -0.08244856670357509 -0.23446268655329833 8.468506459257773 -0.09237571572925793 -0.9952208229535796 -0.03165818540453158 6.604474778847175 -0.23073197585244098 0.052323488111234495 -0.9716094935266445 8.995479760079185
0.9644001037326825 -0.05802123720893618 -0.25800382933812377 8.43877952202919 -0.06255436502734225 -0.9979973940274139 -0.00938897920527215 6.6504498238364285 -0.25694238913892226 0.025193998238377563 -0.9660982719766905 9.058844738155814
0.9590480629627788 -0.034963045179731846 -0.28107721074306635 8.406986630415147 -0.03280911840874091 -0.999385122962266 0.012366800351664237 6.6971305478052425 -0.281336763819774 -0.0026384604330431122 -0.9596054730200115 9.123562352474224
0.9525407353028895 -0.013120292452500504 -0.304128271481939 8.37546162332644 -0.003226724128712788 -0.9994497895782491 0.033010700740688195 6.744886024674847 -0.30439404698520023 -0.03046269912458428 -0.9520589730274155 9.191372998828776
0.9452357653558746 0.007393591602089267 -0.3263045857712024 8.342703195685917 0.025952879677333264 -0.9982804457287123 0.05256043866005914 6.7947665557468 -0.3253548769091195 -0.05815055011696358 -0.943802266151415 9.263050917056537
0.9372483469239581 0.02621109313711229 -0.3476758760467367 8.308324288928047 0.054151208086440895 -0.9960132224800213 0.0708894019423415 6.845312374970205 -0.34443168096312976 -0.08526804349533004 -0.9349311086424452 9.336292702511122
0.9287851985458987 0.04352893283641844 -0.3680533751620521 8.273843689907965 0.08141709196043588 -0.9927838928893432 0.08804203062280705 6.89769884777359 -0.36156508694668194 -0.11173797038430552 -0.925626984198081 9.411418947267578
0.9202840693802341 0.058678245541647765 -0.38682566505482857 8.238195070140566 0.10684586675415647 -0.988800379080923 0.10420062901430141 6.950584126458603 -0.37637905414954925 -0.13722490236679757 -0.9162467646698205 9.490270160644059
0.9119108942314381 0.07219744279802959 -0.40398768574728156 8.200269353202701 0.1306607915593645 -0.9842547716009277 0.11903907816295509 7.006027516376412 -0.3890324903283778 -0.161338383016042 -0.9069860239467143 9.57194398572676
0.9040144633290759 0.07572020924490175 -0.4207425578709049 8.161198740236756 0.13208496371156783 -0.9855069997303456 0.10644019843934413 7.05750091300357 -0.4065850617683307 -0.15179724435707467 -0.900914082558621 9.654949908883479
0.8966406555952665 0.07927253633869301 -0.43560463693138257 8.11888350968012 0.13330303483784017 -0.9865253540968436 0.09485792864657805 7.111204542064903 -0.42221539009931014 -0.14312089542246553 -0.8951260099319868 9.741054237367008
0.889981270302203 0.08229271852072993 -0.4485100299767495 8.079881085399123 0.1342932559986592 -0.9872603780945 0.08533620121603458 7.16410916722514 -0.4357736337877217 -0.13617949303464483 -0.8896946025307064 9.833529223005161
0.8847308448193758 0.08443683694284121 -0.45839039343367816 8.033479215340419 0.13434386788355526 -0.9879137843121064 0.07731804400150852 7.220992223126569 -0.44632169719528547 -0.12998759684378125 -0.8853813682699105 9.924788624569182
0.880421446745572 0.0864325948100078 -0.4662483058037242 7.9894758685585145 0.13479213701293136 -0.9883039644549607 0.07131867667094659 7.277472810975976 -0.45463079076314356 -0.12563709801255718 -0.8817744403718346 10.020623208174454
0.8773489847859022 0.08792736044783311 -0.47172824611191533 7.944379001710661 0.13512449383167163 -0.9885572627651316 0.06705154286849493 7.335756879223941 -0.4604347185670098 -0.12256964354597719 -0.8791908509641868 10.118670411978085
0.8756336931914427 0.0887937286685708 -0.4747434139585799 7.898007319049201 0.13540779266494238 -0.9886663134097339 0.06483556442581853 7.396173906663803 -0.46360582937828043 -0.12105616249468146 -0.8777328981464342 10.21887683317142
0.875476557427234 0.0888406970633753 -0.4750243445768362 7.854072293429433 0.13543052698401578 -0.9886723788030033 0.06469543842376071 7.451690755038995 -0.46389586089573054 -0.12097213702875725 -0.8775912330387677 10.311685951500866
0.876790731151666 0.0882375097287902 -0.47270726210138636 7.814263925648632 0.13536588953973405 -0.988557986954025 0.06655210273554583 7.502267057734911 -0.4614261476288959 -0.12234070584342639 -0.8787028291624471 10.397726202200449
0.8796258832261664 0.08678640594284812 -0.4676819702555472 7.777421515044345 0.13502182890811332 -0.9883277323108265 0.07055068577730408 7.5487415626523715 -0.4561002206499088 -0.12520548426032663 -0.88107671370559 10.476251911028685
0.8838459890806812 0.08485007755881858 -0.4600181865146803 7.744303696901694 0.1348093667876308 -0.9878910015405663 0.0767971594624128 7.590708428068316 -0.4479315820661798 -0.12989162179848132 -0.8845820845881122 10.548355473217537
0.8894423094415448 0.08241132649716854 -0.4495561716184849 7.714162749200103 0.1343793582282255 -0.9872878637025703 0.08488146009456761 7.628307010473744 -0.43684615857011005 -0.1359082317249125 -0.8892099787406492 10.611879223441644
0.8962321319391718 0.07934559729402932 -0.43643125675164596 7.688237421499135 0.13361870476420232 -0.98646438536889 0.0950476624431948 7.661287870571592 -0.42298227789932796 -0.14350014839306716 -0.894703135120395 10.66986631694987
0.9042428802236986 0.07571173949356351 -0.4202529548588669 7.664598149612832 0.1323979976266946 -0.9853657736750319 0.10735484290076286 7.690319082558493 -0.4059748561046506 -0.1527155020705641 -0.9010340679675457 10.719778121444143
0.9131297469467401 0.06439547968211573 -0.4025509749553376 7.644953944865101 0.12426763117763703 -0.9844187805956401 0.12440747667279446 7.71490230482604 -0.3882674607567333 -0.16362422377845937 -0.9069043457335595 10.762405281540543
0.9227494258785872 0.049795373620731366 -0.3821700116528111 7.62960348308763 0.11278832229322922 -0.9830948282168325 0.1442336752897733 7.73471791077109 -0.36852719220569957 -0.17619585551110126 -0.9127665249699372 10.798024340478321
0.9328381273744821 0.032898439967911565 -0.3587906363941892 7.617079011010101 0.09853223671897049 -0.9811545075567856 0.16621441161391107 7.75136396970365 -0.3465608553250443 -0.1904035843903145 -0.918499890368907 10.825338287494759
0.9430680547001102 0.013556578203911748 -0.332323431902644 7.60879015177609 0.08099153822521199 -0.9784525514264004 0.1899236039650719 7.764233041860963 -0.3225879956539984 -0.20602626967105114 -0.9238453124118602 10.846071745963542
0.953013931354343 -0.008457985355296339 -0.30280837030747565 7.603770932703089 0.0595610308886175 -0.9748659257580258 0.21468327926373942 7.77150469281599 -0.297013350279116 -0.22263173466439407 -0.9285570421230448 10.85941932253392
0.9622806327358749 -0.0334274881944528 -0.269997383125197 7.601557984283806 0.028049643355319356 -0.9749440731301705 0.2206745834390367 7.773102894555597 -0.27060894547129083 -0.2199242080839731 -0.937232170451673 10.864444980166649
0.970179703567818 -0.0611439928464573 -0.23454798000377827 7.596233496064498 -0.01088835848933847 -0.9776770607702004 0.20983090452349754 7.775905346097217 -0.24214207902483212 -0.20101984226074268 -0.9491881987166707 10.876183505071813
0.976160541901814 -0.09166916999590295 -0.19674186058441964 7.587949967780668 -0.05252817228791788 -0.979265960581347 0.19565012027285483 7.7817215257041035 -0.21059769122677433 -0.18065143707968112 -0.9607360047021234 10.89453488902688
0.9796455761973331 -0.12486982304055803 -0.15716892927934276 7.576760699043105 -0.09625195860024298 -0.9792939753089531 0.1780979235959948 7.791229766159349 -0.17615364175234197 -0.1593450257065071 -0.9713799757458357 10.919339206333358
0.9801426648174814 -0.16056762857791057 -0.11635460135874502 7.562642810255046 -0.14141618002688888 -0.977346069526716 0.15746785198027652 7.804254019700169 -0.13900295187904776 -0.13788653681032775 -0.9806454417042711 10.950873108777651
0.9773132058701287 -0.19789894928829233 -0.07546458442502271 7.545796000719192 -0.18680393153153485 -0.9733223006325648 0.13322158329524972 7.820536232478375 -0.09981577428549615 -0.1161021315993872 -0.9882090397491138 10.988409999549015
0.9709975363092109 -0.23642569289609047 -0.03559039505325207 7.526334412754315 -0.23158438704131443 -0.9670430072181244 0.10581348623509967 7.840775961227494 -0.0594344694612623 -0.09450245461960477 -0.9937488766840081 11.031972007885766
0.9610475374128463 -0.27636019304467724 0.0035601310387154165 7.503933058331811 -0.27582876084898417 -0.9582248769777059 0.07565434441970079 7.86414708404508 -0.017496443101899416 -0.07368940793200562 -0.9971277479026509 11.083581796099327
0.9478043476936422 -0.31628564471809323 0.04037709051293635 7.479018213128478 -0.3179062005873851 -0.9471329028454247 0.0433002537601436 7.892145310339414 0.0245472222689858 -0.053876296205842625 -0.9982458507732541 11.139815568099657
0.9313221732206 -0.35645568653249793 0.07468837397014656 7.451471862127775 -0.3580489721504453 -0.9336622839155843 0.008699030724446902 7.922305312472286 0.0666328988538583 -0.03484369573080371 -0.9971689794905129 11.203287858838557
0.912258750189705 -0.3957763249711579 0.10557022920616603 7.421114416967283 -0.39518274570085 -0.9181943443112388 -0.027381445819972053 7.956750580327868 0.10777091538376819 -0.01674056949984592 -0.99403479975812 11.27259569088386
0.8911416039903736 -0.43385440861719415 0.13280434390820553 7.387603749609361 -0.42907969786734135 -0.9009829656682745 -0.06418962886379576 7.995210663104388 0.14750340509810375 0.0002184010656264071 -0.9890615237615096 11.347914086909554
0.868838956839076 -0.4700034674070171 0.1556136488363657 7.35422430640719 -0.45939009394278724 -0.882521296253159 -0.10058281785116815 8.034909260355795 0.18460663223737078 0.015902901780025798 -0.9826838194704091 11.422720257215884
0.845444521899588 -0.5048117576233702 0.1743234056435949 7.319102707325501 -0.486687951453277 -0.8626509573039493 -0.13772495697146828 8.075088186803919 0.21990543035630172 0.031597709217344484 -0.9750093263513052 11.502856666935987
0.8227460147786494 -0.5363799564568339 0.18811043957530837 7.283291111164699 -0.5099161699903281 -0.8427137489272825 -0.17268189526212818 8.117343332437185 0.25114636120845096 0.046152786267901855 -0.9668481915851443 11.582543532207083
0.8006330454676619 -0.5657534947813888 0.1972554426316859 7.2455904516273995 -0.5301192365779844 -0.8223138093918344 -0.20681777944235147 8.160436296213668 0.2792137559561708 0.061016243953027294 -0.9582884202883352 11.666657481800634
0.7805357148389895 -0.591758323333245 0.20145988341755316 7.207126357199423 -0.5469365128126334 -0.8025423316558773 -0.2382986715294561 8.20534321516891 0.302695306889855 0.07581485781938936 -0.9500671863193055 11.752372554625067
0.7632525999173693 -0.6140927141220233 0.20083726542059832 7.167108144907248 -0.5605768507053891 -0.7839705810642562 -0.26672780597268253 8.251945955643848 0.32124610997271963 0.09099596962514417 -0.9426137439796726 11.839738975106071
0.7490068143632249 -0.6330296718658073 0.1956073275082567 7.125478901300699 -0.5715178573332569 -0.7666442339745834 -0.2926157160214192 8.298980583736471 0.33519566045320004 0.10737808459361377 -0.9360095171323581 11.92980646305558
0.7392306555288344 -0.6474535477430008 0.18531578842994478 7.082382073595962 -0.5798955911577093 -0.7518798147774688 -0.313684311826477 8.348478685611887 0.34243122124342174 0.12442125077815802 -0.9312680661724302 12.020912215485097
0.7337694640177613 -0.657692141873364 0.1703626138362364 7.037343491818652 -0.5858645946802045 -0.7395038855488968 -0.33150668161936675 8.398328661561859 0.3440131543637357 0.1434400563863225 -0.9279439098612597 12.113961546161434
0.7331554040864312 -0.6632313264145451 0.1503574445156094 6.991188425398341 -0.5901509499429587 -0.7303487763726244 -0.34396587204609924 8.449814736500079 0.3379423171789602 0.163446849200017 -0.9268657495809745 12.209516822472072
0.7369106795961466 -0.6641861637473042 0.12577515726002764 6.943449619701624 -0.5969808272444604 -0.7267068599817346 -0.3398691388726076 8.502690464732535 0.31713804912004057 0.17536784067247702 -0.932024451534512 12.304572574565448
0.7444728765645028 -0.6605223952661178 0.09731547364980264 6.893728277115588 -0.6011167409945412 -0.726553705460445 -0.33283385761938217 8.559635041783928 0.29054913483931866 0.18928781903125208 -0.9379505966790127 12.404110241270015
0.7549015995562536 -0.6525972472857043 0.06511841385146495 6.8434014713278 -0.6021014536487276 -0.72898529580505 -0.32565975805142516 8.616005478281167 0.2599950278399545 0.20663318062485694 -0.9432419170941018 12.504676790414361
0.7674698267088391 -0.6403983980923614 0.029664066009946893 6.792288105765084 -0.5999303689393641 -0.7337441802468014 -0.3189091255800439 8.672050181544213 0.22599472895575126 0.22695675727919454 -0.9473209660983597 12.60660007602949
0.7815305085561363 -0.6238103370028167 -0.008409972914319302 6.7390083926697795 -0.5949166653695834 -0.7411372757380387 -0.3111104301966326 8.732051194573621 0.18784095789130334 0.24814552577072793 -0.9503365575302504 12.711033854669765
0.7959446047791803 -0.6033724666892181 -0.04913097357353173 6.684599119885402 -0.5872445846690392 -0.7498561262843799 -0.3047287115627144 8.792118009760461 0.1470237528421935 0.27139907206022773 -0.9511711516783112 12.818133379374164
0.8098819759232728 -0.5793656675739883 -0.09179655936451385 6.629977907095258 -0.5772630484922893 -0.7593815531507678 -0.30017832963043317 8.852997890350245 0.1042044045134594 0.2960997804303053 -0.9494558242009582 12.92692413250425
0.8229583940963419 -0.5515862250191856 -0.13598572702844475 6.57393067040922 -0.5650302244854006 -0.7698568726487589 -0.29675114330605473 8.917065434977664 0.05899429637132779 0.3210498902110967 -0.9452230641446997 13.038246119097746
0.8341718744297365 -0.5208136782201133 -0.1814122280586854 6.517687609150187 -0.551357975532753 -0.779957690587313 -0.29609185012446654 8.979713840764166 0.012714823113370702 0.3470145724210177 -0.9377735439863156 13.150921357387555
0.8429702627979083 -0.48751199708141163 -0.22744931026520931 6.46034973458993 -0.5368474173635829 -0.7895189860594023 -0.29741321611822336 9.044693795427097 -0.03458303787229787 0.37281607174775566 -0.9272605837293506 13.267406779011226
0.8492151834356468 -0.45158521121062467 -0.27368662597616433 6.40238672813469 -0.5215549050902886 -0.7983427138014757 -0.30104715958858624 9.112914068424686 -0.08254727856581012 0.39839642108828127 -0.9134912361185673 13.38568030944457
0.8523712305500429 -0.41448642810861613 -0.3188483750066273 6.34260049510152 -0.506662710108616 -0.8055034080033655 -0.30733883236642373 9.1802347696703 -0.12944567785754169 0.423515360534568 -0.8965927480608332 13.505782558131308
0.8524393910237885 -0.37626630391711097 -0.3630024148233027 6.2822761573082655 -0.4914595443935999 -0.8135454257707467 -0.3108236741818904 9.250769900798932 -0.17836647906887676 0.44335934493822393 -0.878417833607971 13.627797068437875
0.8494062137793904 -0.33752057436233285 -0.4056956320631043 6.220846555275548 -0.4740842923437588 -0.8257383917597715 -0.30561445012777766 9.324075816365845 -0.23184729402319565 0.4519247395928967 -0.8614005235649759 13.753748876616132
0.8436502699904226 -0.2988034151560877 -0.44606136465305524 6.1579523552029265 -0.4559022787806272 -0.8374981789086015 -0.30124726144383057 9.400181791123263 -0.28356187005258393 0.45750772607228724 -0.8427807226298228 13.881785487339055
0.8350418333364823 -0.26134522809850363 -0.48415267047511756 6.094961722459903 -0.43822739557453766 -0.8479996749117135 -0.2980827085182671 9.47511136413034 -0.33265881372061123 0.46108049524976613 -0.822643841862459 14.012340464518875
0.8243539493674694 -0.2252300374542199 -0.5193380367262024 6.031767611001442 -0.42076271766843076 -0.8575261198461674 -0.2959859611566954 9.553219732602006 -0.378681002405101 0.4625152797583525 -0.80167344624075 14.148791419797696
0.8124219598275757 -0.19109479450968692 -0.5508659897844679 5.965224443237193 -0.4037420215309985 -0.8659967034671139 -0.29502896405972523 9.632235203967454 -0.420669631944099 0.46209575749555676 -0.7807077376743643 14.28559803107728
0.7996399485897442 -0.1598012692381475 -0.5788259729566986 5.8978577764888795 -0.38786174048263955 -0.8733295037441792 -0.294718252165901 9.713159772998134 -0.4584094489527558 0.4601729373179426 -0.760329957893945 14.424201911239962
0.7866525330030175 -0.1315121532321582 -0.6032266123706566 5.8307180878924285 -0.37358118510143395 -0.8792764369931282 -0.2954827329758509 9.793741513323 -0.49154337596812864 0.4577963530882605 -0.7408155024302233 14.568583419395043
0.77406872275114 -0.10599168275834084 -0.6241661442632679 5.760117836439331 -0.3605291168384639 -0.8842119837272933 -0.2969645159690343 9.877209706583988 -0.5204194158273657 0.4549010123302659 -0.7226539286621247 14.714057804973919
0.7623645936374039 -0.08341906196159438 -0.6417487720825993 5.6882189873675095 -0.34902858718068597 -0.8880675423538793 -0.2991907176838803 9.965600466922812 -0.5449580458152082 0.45208107715208423 -0.7061468883895765 14.86488650174822
0.7514356193526535 -0.06340433329941625 -0.6567529219477833 5.617207401764539 -0.3384961495147015 -0.8914473138736145 -0.30123420016863756 10.04926029890017 -0.5663610745203235 0.4486664430357752 -0.6913273871052776 15.011353980535876
0.741846785077631 -0.0459453621224474 -0.6689935509176606 5.542214999417978 -0.32940750436842237 -0.8939488879099277 -0.3038849813175564 10.138239843684673 -0.5840839353515479 0.44580759247016083 -0.6783078555937619 15.162660616043025
0.7335082977439118 -0.030513052111233008 -0.6789952362069163 5.467625447144972 -0.32128920980374437 -0.8958976232224127 -0.30682355249901777 10.230016264123375 -0.5989480952507609 0.44321146460272115 -0.6669518549642068 15.317243476150706
0.7265873307406939 -0.017144643515732277 -0.6868601837388976 5.388829955232085 -0.3140909114729935 -0.897404711734385 -0.30985751997811817 10.325373316199947 -0.6110791684693383 0.44087508951589016 -0.6574278708019444 15.477785682156073
0.720970116441218 -0.005553243704172817 -0.6929439029842884 5.312448524041938 -0.30743888558116367 -0.898731471332567 -0.31267087179494646 10.419115554678879 -0.6210341559297275 0.4384642561495312 -0.6496658165917993 15.634763584483451
0.7167716832908448 0.004257441923845473 -0.6972949363222669 5.231977798868895 -0.3014882182923729 -0.8997920301826876 -0.3154031652514103 10.517778424124966 -0.6287632370481753 0.43629826564860763 -0.6436618795056279 15.800163522050468
0.7138691427463398 0.012789165413732734 -0.7001623270946713 5.1489308273529195 -0.2960452962579555 -0.9005820826025887 -0.3182908969146354 10.621941970281862 -0.6346243216251208 0.434497813277816 -0.6391115870164229 15.97343317262718
0.712200596460677 0.01976990884767152 -0.7016975567188554 5.071307296216031 -0.2906481294715215 -0.9015915210788967 -0.3204003650955276 10.718292030822838 -0.6389788535121973 0.43213641344232545 -0.636367932049881 16.136809102761227
0.711737155748555 0.025897184891089164 -0.701968344686336 4.9891667406196065 -0.28551111027456627 -0.9023854232822401 -0.32277539211891215 10.822846248056964 -0.6418049758585097 0.4301510010013342 -0.6348673005446166 16.31027431060075
0.7125425750249029 0.031147598632111695 -0.7009371625733177 4.899220142276983 -0.2802491683303778 -0.9032267147872873 -0.3250260071820346 10.932505685293687 -0.6432289502401244 0.42803192497057657 -0.6348584005736796 16.49509443865019
0.7139586564372666 0.03531700917595397 -0.6992966078576088 4.81865247379009 -0.27491852096578995 -0.9043841411348141 -0.32635736868320664 11.034911313863088 -0.6439587282802177 0.42525525761207184 -0.635983586380195 16.667040585141898
0.7164524658473466 0.039092990841031766 -0.6965397348668341 4.733825392287519 -0.2690473752962038 -0.9057099003583213 -0.32757149790411116 11.144133404864164 -0.6436686834292005 0.42209159487014475 -0.6383802248758159 16.849559121066875
0.7196997843729276 0.042489786870513274 -0.6929840101945066 4.64693671785493 -0.26282818442526024 -0.9071684203659354 -0.3285830223284445 11.25539305045583 -0.6426146324550066 0.41861685955354455 -0.6417214029874996 17.03479198109847
0.7236302199442031 0.04572159532702515 -0.6886717944741575 4.557000343400245 -0.25585452238105405 -0.9089410901505341 -0.32918772457842543 11.369817684735207 -0.6410130795550643 0.41440997859210665 -0.6460391640470589 17.222993730488604
0.7277448711270381 0.048874883598807733 -0.6841042671270907 4.471416449513582 -0.24812792966967298 -0.9111300458026049 -0.32905101451535645 11.483047374060655 -0.6393902822737711 0.40921056363313313 -0.6509429940823704 17.415768016141786
0.7324244443194337 0.05220605458064155 -0.6788438415633539 4.38058134756532 -0.23947949651214767 -0.9135891036762747 -0.3286404119919969 11.599143932920525 -0.6373413560358822 0.4032734525221122 -0.6566327119305271 17.60904192387721
0.7374293335547695 0.05589541971915429 -0.6731074803234535 4.287504949768871 -0.2295977422328625 -0.9164795580196976 -0.32764324576220455 11.715481177565254 -0.6352030028066152 0.39615769812845986 -0.6630054475183591 17.803381536062947
0.7425210107330457 0.06015150314709969 -0.6671164405777457 4.194142821567279 -0.21848390376824064 -0.9197379339885171 -0.32610874961694075 11.834984123397962 -0.6331882282656291 0.38789680257986 -0.6697826051295709 17.998616782564895
0.7476151879270606 0.06485440358858609 -0.6609579692506583 4.096922709997671 -0.20635586750783347 -0.9232759099019706 -0.32400439833399997 11.95550057967122 -0.6312596824808906 0.37862316428060316 -0.676872006175664 18.19273050851302
0.7522436080548359 0.07006256796614783 -0.6551494415098219 4.001470613657885 -0.19333614515077024 -0.9270893680417253 -0.32113305442173856 12.07379573169788 -0.6298814881538296 0.36823435504306756 -0.6838514243950461 18.388829731207913
0.7568400206402819 0.07580397446068582 -0.6491894489385833 3.903972014779688 -0.17926383680260977 -0.9310878641291194 -0.31771034935343545 12.193760980837265 -0.628536124635669 0.3568320987907876 -0.6910956469986891 18.584133291548405
0.7603097477250369 0.08174240286143164 -0.6443968242385514 3.8173722295867396 -0.16523080806882426 -0.9350796039801756 -0.31356803772897734 12.311723600198608 -0.6281941320795781 0.34488304364627353 -0.697443774526713 18.7790707704645
0.7634414422797915 0.08824982266954999 -0.6398196097405465 3.7250981740735263 -0.15056620753856673 -0.9390105736579253 -0.3091746427281317 12.428666672152868 -0.6280819861747394 0.33237194730814396 -0.7035921455540755 18.97405306256599
0.7656574836678411 0.09521156385617761 -0.6361630104080954 3.6380654204736613 -0.13537376633085296 -0.9429847559386286 -0.30406198949682045 12.54434441753897 -0.628842238636074 0.3189271204764906 -0.7091141873716424 19.160245085659774
0.7670341935309829 0.10227298175560869 -0.6334025443247698 3.5523335490782326 -0.12024882710833633 -0.9468056073806251 -0.29849516145437804 12.654908345064966 -0.630237070897408 0.30512190848154896 -0.7139340693868258 19.343411590972416
0.7673218017424881 0.10960170492309333 -0.6318264942597873 3.4662418117623037 -0.1053163289835863 -0.9503683844390234 -0.2927599779822742 12.766981210129025 -0.6325549173155505 0.29118276071345955 -0.7176955318540064 19.521970762834876
0.7664015774996621 0.11672094891555182 -0.6316683006850058 3.385621783878987 -0.09070613141855344 -0.9538352915305571 -0.2863051420318844 12.872564695140998 -0.6359253255918574 0.2767209003943695 -0.7204335663722367 19.70706571396523
0.7641464094824069 0.12374867375485271 -0.633061237653247 3.304544807472948 -0.07677141482815092 -0.9570015304277295 -0.2797395585616511 12.974434887016777 -0.6404579726574022 0.26236298615257925 -0.7217889225782506 19.88546782438429
0.760597807469876 0.13074605729544028 -0.6359217277100344 3.220398828176773 -0.06315948255818798 -0.9599636107857794 -0.2729116079064999 13.074113489375614 -0.6461438346335897 0.24774045787643692 -0.721888364289226 20.057037997699673
0.7554342219312273 0.13755514518505946 -0.640622914332822 3.1381596438233528 -0.05010217585265117 -0.9627257105530826 -0.2657987551041051 13.173888399844042 -0.6533061367460059 0.23289007766149944 -0.7203841360113572 20.226848809200504
0.748922604651244 0.14368023285742534 -0.6468932855799577 3.0565192285252047 -0.03842874226796412 -0.9651507541807203 -0.25885759303541717 13.267911646781581 -0.6615422616961816 0.21872359815626502 -0.7173017660646583 20.391006811097032
0.7400872811122128 0.14983150967889727 -0.6556076075239484 2.9753124128879884 -0.02743978493800423 -0.9673259590392678 -0.25204671624783714 13.363627169531808 -0.6719507977065652 0.20452630069529973 -0.7117942945721096 20.556761072859544
0.7287814185203905 0.15509406214700772 -0.6669508796801665 2.8977587687400064 -0.018107157929954 -0.9693059098573495 -0.2451900975718965 13.457569552089105 -0.6845069574891899 0.19076657202549016 -0.7036038232887427 20.731397869640134
0.7155069028316527 0.1599255714226334 -0.6800541769634242 2.8170530665375084 -0.00960654794092522 -0.9711005982615395 -0.23847713159281947 13.560118545064979 -0.6985396096406523 0.1771650068755803 -0.6932928487312278 20.91335193987463
0.699703282123709 0.16389962801098124 -0.6953791979367601 2.7321926215710066 -0.0026767538139415986 -0.9727211585190796 -0.23196202869935326 13.666070115403564 -0.71442854924361 0.1641659517292243 -0.6801774682525945 21.100667066027594
0.6810491186968555 0.16692721251868314 -0.7129568034902107 2.6423151017910538 0.0024544131200763125 -0.974183428078431 -0.22574459974403122 13.775370082871937 -0.7322336196723507 0.15199327017371278 -0.6638764734824005 21.291833790828047
0.6591087380205926 0.16899603846323874 -0.7328137624585346 2.549762552601204 0.005746457378035377 -0.9755279231138722 -0.21980047646158044 13.886590238646757 -0.752025697494776 0.14066133160491154 -0.6439501068395198 21.49207474015739
0.6339230260938138 0.16983617163934767 -0.7545179068722969 2.4569404577001475 0.0070642369619386275 -0.976821303839631 -0.21393979742252006 13.998623205094674 -0.7733638817168846 0.13029127049780953 -0.6204292798440922 21.696794236488177
0.6054824982051558 0.16984345551865876 -0.7775243693831887 2.360276136350274 0.006913468080977259 -0.9780485367699908 -0.20826248745555098 14.114189490375404 -0.7958285923025995 0.12072390127709426 -0.5933654787178823 21.906119977952464
0.5740207481606199 0.1689659901317404 -0.8012182442131005 2.2632247356993904 0.005153204324744545 -0.979204759868757 -0.2028089809045892 14.233280581194778 -0.818824538693309 0.11228772163140194 -0.5629545651333854 22.121707004978436
0.5398816946697674 0.167214890749564 -0.8249648089901238 2.163738048399818 0.002285644866347303 -0.9803573691502029 -0.1972161367141081 14.35541493389977 -0.8417378045377581 0.10458780552485175 -0.5296591916954249 22.343538170743198
0.5032598733958173 0.16480342716204616 -0.8482743248650583 2.0602337285722054 -0.0019740740741915064 -0.9814236513740777 -0.19184295544825836 14.47965779325437 -0.8641328618107148 0.0982214178232883 -0.4935858083652807 22.569476566436098
0.46455523263384024 0.1618760332990627 -0.8706231019654139 1.9528939404676482 -0.007503468464703553 -0.9823955774699715 -0.18666179932819885 14.609441985307097 -0.8855123566577251 0.09324740860100247 -0.45516237431896767 22.80211888585358
0.4244205690209919 0.15821671155903627 -0.891534998065327 1.8443197851060962 -0.024841530993693364 -0.9822102047019365 -0.18613439262336687 14.73687767845282 -0.9051243444575928 0.10114635911798822 -0.41293986863390675 23.038609944451018
0.38319090775081394 0.15464774298229325 -0.9106309921189758 1.7385999535483148 -0.0417009993751023 -0.9819826181548769 -0.18431268077050866 14.870744121198497 -0.9227273458981399 0.10860116588773938 -0.36983784541282244 23.282283021977193
0.3419390570652609 0.15040874575829263 -0.9276070776210895 1.6291391911290916 -0.057535520089487736 -0.9819050644166841 -0.1804220285910233 14.993812719826712 -0.9379591383324505 0.11506369397983524 -0.3270978464410343 23.512212607102768
0.30094267806824077 0.14626384225485267 -0.9423589512314101 1.520288968192414 -0.071698243801275 -0.9819011913535727 -0.17529806688679764 15.12073390342776 -0.9509431456995359 0.12032015154280191 -0.28500911350304053 23.746765942799794
0.2603378429935845 0.1426446235723096 -0.9549223627454546 1.4125215300484157 -0.0846260616426077 -0.9818489496517993 -0.16973823894019865 15.248222067695604 -0.9618017660600906 0.12500060573282243 -0.24354098499044913 23.980209642629152
0.22128808668615407 0.1392645820951853 -0.9652134265874232 1.3073476803780864 -0.09580742864784345 -0.9818583063567498 -0.16363130157199024 15.37550563445317 -0.9704908651330367 0.1286842741445458 -0.2039309644983367 24.214053991864716
0.18455835671447968 0.1362447574276237 -0.9733322038442677 1.2053733855608364 -0.10550032378351865 -0.9818761148531991 -0.15744515477575088 15.505578449329642 -0.9771427196926884 0.13174468169256548 -0.16683957623208284 24.451417084504392
0.15059388760541376 0.13387412002348784 -0.9794892551752801 1.0963350104732896 -0.11342012773876745 -0.9819065186773468 -0.15164255076545982 15.629780204387522 -0.9820678976728696 0.13393023768690235 -0.1326851001187403 24.679350370364418
0.11980308114542093 0.13199366629112655 -0.9839841938807203 0.9947978350320135 -0.11998390232964021 -0.9819329394610017 -0.1463269133933633 15.754548805502333 -0.9855207176563137 0.13559267849151813 -0.1018014764612023 24.913604638291286
0.09292534211261047 0.13081055802252492 -0.9870427947678309 0.8917368566027406 -0.12499192761586543 -0.9819573698251224 -0.14190398823499825 15.877379312968062 -0.987796486541699 0.13655885821126326 -0.0748984607312562 25.148991938172543
0.07103041816197678 0.1304033896200644 -0.988913361054108 0.7847145274306264 -0.12880615411790067 -0.9819176312486525 -0.13873262090939908 16.001949366402588 -0.9891226690138543 0.1372323628690882 -0.05294926084731085 25.38172274624957
0.054284873497174195 0.1308767585907994 -0.9899113225790286 0.6773107412996637 -0.13150313281985365 -0.9818011866095084 -0.1370158970000393 16.125416387882826 -0.9898283076210539 0.13761433076873597 -0.03608624944647482 25.612111661530204
0.04345633610028384 0.13224674884065896 -0.9902637750992487 0.5712555417164253 -0.13318214515920618 -0.9815864835442852 -0.1369324341927701 16.24857227305121 -0.9901384060137914 0.13783603572448264 -0.02504324643946646 25.841453638955425
0.03829458218158367 0.1346969193737896 -0.9901465875751677 0.46636240558440534 -0.13411196420983043 -0.9812160398520481 -0.13866890131837575 16.37035267811908 -0.9902259873540583 0.13810077135293305 -0.019510789845770357 26.073895233275824
0.04065688364345291 0.1375205885282145 -0.9896641377473757 0.3595999360083617 -0.14360818627171498 -0.9793950183499658 -0.14199326345647184 16.48931322055245 -0.9887991235069696 0.14789687543056523 -0.02007006700847633 26.304920726262015
0.049408867117862736 0.14124547213168234 -0.9887408560651411 0.2503277985514245 -0.15301616566326284 -0.9771928044142577 -0.14724223594713481 16.611401380600835 -0.9869877491113265 0.15856840669974887 -0.02666914885894845 26.5317408918682
0.06418089995319709 0.14528758206891182 -0.9873055912825406 0.14190592757224252 -0.1617755090848271 -0.9747442668346874 -0.15395550959044257 16.732637889885545 -0.98473828845107 0.16960286781029688 -0.03905599171676777 26.76015183256247
0.0833622509038546 0.14973391792378082 -0.9852058104515206 0.03262321648855959 -0.17024661558025833 -0.9719725397239852 -0.16212794918203893 16.852672117227737 -0.9818690467713659 0.18124330565761737 -0.05553412596403177 26.988236283928153
0.1065962957283959 0.1548336034799102 -0.9821729913668013 -0.07406750576613064 -0.17855044705941236 -0.9687631555831178 -0.17209789725480212 16.977457273720294 -0.9781395440282888 0.19371242504823066 -0.07562095470215424 27.221195366288246
0.1340581023519798 0.15920940464552383 -0.9781006035506797 -0.1790344308694216 -0.18529643016588512 -0.9655746796380247 -0.18256716848794433 17.092958234774734 -0.9734955871299907 0.2057131583403066 -0.09994217490174284 27.44525459593108
0.1648106901603557 0.16371477892510652 -0.9726432581220986 -0.2878943136371568 -0.19137508168264192 -0.9620800359702344 -0.19436456080899958 17.215623453834453 -0.967581011864035 0.21817304038083316 -0.1272301455283062 27.670589219698883
0.19771532014488033 0.16796154985301212 -0.9657626882164074 -0.39868517902193545 -0.1966188346518201 -0.9583944148742402 -0.20693278956710348 17.33636610888627 -0.960338318531635 0.23080091704505207 -0.1564648543635129 27.89754311274286
0.23282917641622466 0.1717505471230785 -0.9572315938017643 -0.5105368184339447 -0.20072036473878965 -0.954603111153614 -0.22010051193708777 17.459424216349767 -0.9515786408849612 0.24338169557048464 -0.1877856237116308 28.11901984450463
0.2695168111623522 0.17497500717143613 -0.9469659103506489 -0.6179967649087601 -0.20396855829012053 -0.9506712575378437 -0.23371133331626207 17.575505711967065 -0.941146915061579 0.2561404047720139 -0.22053248584574153 28.326012704760988
0.30542228856220893 0.17742887279797243 -0.9355406034732346 -0.7266606493242982 -0.20612353818666168 -0.9468727930478245 -0.24687041295227005 17.695757676193598 -0.9296398833176399 0.26823666580736766 -0.25262378839236804 28.56075757030448
0.34151886963209294 0.1794604793980527 -0.9225826781483807 -0.8343597036400929 -0.2071979903190903 -0.9430761581574371 -0.26014679072158314 17.811671627064516 -0.9167517954675343 0.28000231472120035 -0.28489445283792775 28.782938999428076
0.37672298207625793 0.1809088493855813 -0.9084887357527098 -0.941042381208959 -0.20739420364596686 -0.9393754041336444 -0.27305950707274074 17.93095643362848 -0.9028108545368887 0.2912830896614803 -0.3163648567834855 29.006555709736748
0.40932233557474423 0.1823500916169255 -0.8939819179865638 -1.0482692583227546 -0.20743840397180446 -0.9355648606118998 -0.28581060187800417 18.051374158629798 -0.8884956579282011 0.3024348453395134 -0.34512118185819557 29.233911559940505
0.4407522652019102 0.1824072240412759 -0.8788999063243441 -1.1552009987690042 -0.2065107630649844 -0.9322650640971875 -0.2970440287266938 18.170104653025547 -0.87355065420255 0.3124251188387751 -0.37322888374410995 29.46731758934584
0.46958699846116186 0.18217252205372125 -0.8638872745241839 -1.264827502746126 -0.20473755035297597 -0.9293389608498451 -0.3072647576960169 18.28852219440474 -0.8588192978454192 0.32115769966655916 -0.39910793727159183 29.702103290911907
0.49629721586839115 0.18183867362632078 -0.8488956180209107 -1.3783019359772553 -0.20117006384033975 -0.9271162229494094 -0.31620581044391727 18.41131401290771 -0.8445233442219092 0.32770444903577567 -0.4235447026541609 29.925806647618348
0.5181199963867256 0.18112640862077614 -0.8359096203803132 -1.4861623190832933 -0.1991266142566641 -0.9249204171238086 -0.32383763444386443 18.533206741482328 -0.8318054224630286 0.3342386065188459 -0.4431526746770722 30.16953425275247
0.5366467858826888 0.17994874208689393 -0.8243959469958135 -1.59579620842314 -0.19681304970832186 -0.9233551096812419 -0.32966644489552105 18.656065101716813 -0.8205332721262979 0.33916631856198004 -0.4600992911174981 30.405434392210203
0.5504858385219545 0.1793682773839541 -0.8153480009511851 -1.7040028571949097 -0.1939313621614303 -0.9224560008628112 -0.3338645732065652 18.781409417059688 -0.8120073696445083 0.34190926799445304 -0.4730138307729537 30.64056880228443
0.5598405546846541 0.17890426506164966 -0.8090561273936007 -1.8134838209169928 -0.19194001982950223 -0.9218550667698038 -0.3366634293455278 18.90720364544147 -0.8060630137391428 0.34376809016194604 -0.4817529637357503 30.87757251384221
0.5652134403410419 0.17859716387819063 -0.8053799227150567 -1.9225393560286648 -0.18948976341698348 -0.9220715987392948 -0.33745754749084633 19.033554180154635 -0.8028869138415569 0.3433467924024163 -0.48732492623397883 31.116071064815532
0.5665717915211875 0.17808101249277983 -0.804539345241747 -2.0283327706933836 -0.18775713566025629 -0.9227844150591297 -0.3364761229755188 19.158526221381834 -0.8023363777500859 0.3416958827869115 -0.4893876384067594 31.35321102922166
0.5656008885644718 0.17767629489002854 -0.805311597513181 -2.141476252799169 -0.18598025865103388 -0.9238777661747931 -0.33445659891825896 19.288928768899794 -0.8034344890824483 0.3389410087345971 -0.48950180219361716 31.59552890607496
0.5614089412016783 0.17748992452033696 -0.8082804757215011 -2.2484038823058405 -0.18430584307572484 -0.9253791142615733 -0.33121722644906726 19.41508343150968 -0.8067535912203659 0.3349191269280265 -0.4868036785715691 31.82937247804079
0.5549086324488242 0.17702689772276098 -0.812857851728352 -2.3519579401736745 -0.18311562599653447 -0.9271410305481265 -0.3269222797394759 19.536649735200506 -0.8115079033192922 0.33025896953271977 -0.4820621701539262 32.05834682853114
0.5465851179135129 0.17628902794675413 -0.8186372136062835 -2.451573819656387 -0.18211401833849036 -0.9291681846138858 -0.3216845800251295 19.655210687602906 -0.8173611155420101 0.32491331663525963 -0.4757647984802958 32.28086218283871
0.5361848915000708 0.17547569293400256 -0.825659762442369 -2.544664332578174 -0.1817270191928559 -0.9312183029413844 -0.31592366603698346 19.76801686646136 -0.8243064070006595 0.31943818409247776 -0.46741651010780905 32.497684525245326
0.5255781290761619 0.17417927121845012 -0.8327239709018897 -2.640934723123406 -0.18095140961415151 -0.9335323639333519 -0.30947360605980534 19.881210843104288 -0.8312786642248513 0.3133351352255562 -0.4591262086155936 32.70961877736627
0.514101192734673 0.17321597874215766 -0.8400572530114737 -2.7307824342744667 -0.17998731199516915 -0.9358045552749239 -0.30310790462714077 19.99043327184006 -0.8386325364243511 0.30702778218770144 -0.4499215596249653 32.913780764810014
0.5024289448695909 0.17178757695488248 -0.8473807784940607 -2.8169442890525254 -0.1794877908046306 -0.9379900535401948 -0.29657847597513853 20.096295393784178 -0.8457832395533168 0.30110411465742704 -0.4404395802230588 33.11207575594891
0.4911842378128599 0.17008059830215505 -0.854289549629036 -2.9005879772871275 -0.17892080181871367 -0.9401389291378783 -0.29004506649145434 20.19886112340658 -0.8524819008053771 0.2953157361209602 -0.43135046632475893 33.3038879237198
0.4798033429587236 0.1690273965979926 -0.8609404690714326 -2.979726029184029 -0.1780055563140831 -0.9421062019000543 -0.2841653150241386 20.296876788054252 -0.8591290787809172 0.28959565525186853 -0.4219378893300454 33.487873473420834
0.47097683189955913 0.16672597043782011 -0.8662466592116942 -3.059094432529321 -0.17756233276261663 -0.9439613446330987 -0.27822400655293833 20.393814995927805 -0.8640905287050378 0.28484983872215697 -0.4149796712878944 33.669996920340374
0.4635207262666347 0.16457796830606244 -0.8706679210063392 -3.1350192570543136 -0.17710003138305577 -0.9455665796098259 -0.2730190879940377 20.486822161068556 -0.8682074148527946 0.2807453220860931 -0.4091429443622407 33.84445523536209
0.4582338364679909 0.16229811749027556 -0.873888478110874 -3.2072173620678193 -0.17691678087478913 -0.9468602748017724 -0.2686188240745878 20.575810415034432 -0.8710466139999218 0.27769577069416307 -0.4051701558331343 34.01308625826441
0.45574459915359733 0.16002574984463386 -0.8756075717631671 -3.2766317685339033 -0.17680204510700837 -0.9478312279824087 -0.26524893987976444 20.661585978152445 -0.872374860474731 0.27569498118032937 -0.40367608321979087 34.17544532651788
0.4564362757391395 0.1580014273417338 -0.8756149125884961 -3.3433977996311484 -0.17655171627862207 -0.9484551925295429 -0.2631772012215747 20.743815504013554 -0.8720638839376721 0.2747149372016802 -0.4050139326119777 34.33208653998837
0.4606950363430563 0.15584872098193825 -0.8737684245022617 -3.4070306128878762 -0.1768513592537015 -0.9486031995095977 -0.2624415489404705 20.82254176879018 -0.8697607028481966 0.27543265247324816 -0.40945472732960675 34.483027819644164
0.4685220991963327 0.1544196505675015 -0.8698514896712387 -3.4669244188673467 -0.17706727526499072 -0.948212945032894 -0.26370322505096216 20.89683744291123 -0.8655254026283078 0.2775730217269991 -0.41691605271858867 34.62626035759189
0.48206816268919067 0.15141431539407216 -0.8629507469231443 -3.5265301420750443 -0.17797645520618152 -0.9474932212930651 -0.26567080568992296 20.96966546168537 -0.8578663461831979 0.28165635213400597 -0.42980813322790284 34.76766093996272
0.49902941767325676 0.14877920907887554 -0.8537179787509193 -3.582967662996941 -0.1791042071598512 -0.9461742745549424 -0.26958472721589766 21.037599194788555 -0.8478745917140882 0.2874351911584472 -0.4455218149646272 34.90156867225647
0.519702868673841 0.14589195528124932 -0.8417983521464001 -3.636250201585561 -0.18019589584451873 -0.9444282763182128 -0.2749266629692378 21.102261714139075 -0.8351277551446676 0.29456878360549926 -0.46453295288085283 35.02970216318273
0.5434423737457155 0.14270009974095904 -0.8272285463833694 -3.686874538159122 -0.18135780109188615 -0.9422139980137891 -0.28167735075789674 21.16380110266688 -0.8196217020069306 0.30309975829880115 -0.4861592353524413 35.15189391412448
0.5698967918516549 0.13909535007545287 -0.8098580926462234 -3.725908949267863 -0.18217589728495936 -0.9396553560730929 -0.28958548694913727 21.214799010889944 -0.8012674890981236 0.3125704646804241 -0.5101667526641189 35.2549773127932
0.5982554163879283 0.13508373336594537 -0.7898372248396659 -3.7808228920456486 -0.18289004626019517 -0.9366518431089446 -0.2987215355135303 21.276914445018026 -0.7801549126561023 0.323165143201639 -0.5356515681653644 35.37819830410132
0.6283400211985675 0.13023534651291196 -0.7669599548078412 -3.826492889922747 -0.18370657470569834 -0.9331638018329067 -0.3089615078916073 21.328295633640305 -0.7559369763214945 0.3350284666523396 -0.5624190736119277 35.48224242280614
0.6588596028045015 0.12503485329780978 -0.7418020687845847 -3.8680244832611113 -0.18409252622642353 -0.9293086862295323 -0.3201488833119897 21.378563024506384 -0.7293928746429238 0.34749338289978365 -0.5892659698820186 35.58275460813459
0.6903292138063348 0.11846359080171681 -0.7137310097087636 -3.9002508058325285 -0.1840181598404157 -0.925311513630072 -0.33156586011314926 21.420182029900108 -0.699702003294599 0.3602290665645801 -0.6169701177427773 35.66645365116861
0.7214989283809864 0.1108056098845629 -0.683492072494772 -3.945647394023924 -0.18390167074346098 -0.9209947999991673 -0.34343668102323804 21.46666086603898 -0.6675473555058489 0.3734845313966882 -0.6441194244583409 35.762769660341306
0.7518113404833358 0.10285900448226917 -0.6513061749419902 -3.9787384929963014 -0.1829298454305245 -0.9164488778704634 -0.35589060945848666 21.5067769195374 -0.6334953669691785 0.3867059340725006 -0.6701806775651629 35.84136947320431
0.7812110373496999 0.09410225351088203 -0.6171337626537535 -3.9984133315281003 -0.1807098700794456 -0.912159474497124 -0.36784376566825283 21.53847226410826 -0.5975393359259921 0.39888577183111495 -0.6955838432941208 35.90016758227735
0.809268585681263 0.08398798687164234 -0.5814037962472363 -4.038106846220941 -0.179401122660298 -0.9071076172778253 -0.3807505848515161 21.577696839819666 -0.5593742874119918 0.41243398106581336 -0.719026159360375 35.98126849699335
0.8351948133558323 0.07293884085982837 -0.5450959082927895 -4.054257308974553 -0.1766694240263399 -0.9030467160023684 -0.3915284706525687 21.60295581384806 -0.5208047027031515 0.4233043281273683 -0.7413338704193405 36.03367779893383
0.8590947115691971 0.061478505772721286 -0.5081108834514287 -4.085352022916705 -0.17451571834058385 -0.8980805198760449 -0.40372718990828826 21.636702992833598 -0.48114503074011683 0.4355132295890982 -0.7608072595913933 36.09688155876006
0.8807297850533448 0.04876691039672389 -0.47110172380309473 -4.10346220767199 -0.17161989162331082 -0.8942241292684673 -0.41341240841713356 21.65989034940617 -0.44143137464286847 0.44495504838624955 -0.779200453283042 36.1455856827871
0.9001567453333599 0.03542143209640257 -0.4341234340358657 -4.119914174951754 -0.16894821665901366 -0.8902620037618043 -0.4229539747369168 21.680334370592004 -0.4014652337607724 0.45406925331523756 -0.7953909600159854 36.18844596507165
0.9171932667584427 0.022066673920616092 -0.3978310864111275 -4.133750672652669 -0.16598788816672644 -0.8865371252936706 -0.43185639564325706 21.69705533391713 -0.3622216619625711 0.46213092017102286 -0.8094630814477936 36.22463617685342
0.9317120811347938 0.009057793340679299 -0.36308477556525237 -4.144118792671021 -0.16295848590200315 -0.8829905595358117 -0.4401956424627137 21.711217605459282 -0.3245876302941915 0.46930334342558455 -0.8212169275590765 36.25365280777072
0.9440148574186953 -0.004411313105520606 -0.3298734443532024 -4.153554609407766 -0.16044170598721347 -0.8798359978761094 -0.44737800104750736 21.7217752259223 -0.2882610066461866 0.4752569380430295 -0.8312860126871444 36.27758405034501
0.954067938609705 -0.01652074743889538 -0.2991344738091698 -4.151664219172137 -0.1518534753277999 -0.8873778461778744 -0.43531721783497873 21.725521158189956 -0.25825353927467853 0.46074681009940516 -0.8491274853844534 36.283320711772774
0.9620598379532804 -0.02971921528555041 -0.27121511100991225 -4.160210660380849 -0.14679176253707782 -0.8942990322064562 -0.422707250287778 21.73795698640454 -0.22998488352186555 0.4464818128853707 -0.8647317179993036 36.30137824625019
0.9685113960782784 -0.04183074624944561 -0.2454299581035681 -4.1617687131293755 -0.14321679581431457 -0.8999630432799802 -0.4117711380450526 21.740209237945695 -0.20365319801855714 0.43395473196918977 -0.8776153289103169 36.30469212866893
0.9735905188178738 -0.053797555854559406 -0.22187231610099376 -4.162786344505446 -0.14154911360216194 -0.9047419589638116 -0.4017534519189192 21.742039340558104 -0.179123840139681 0.4225491813675665 -0.8884631895690523 36.30769980008507
0.9774959476577852 -0.06511382383482447 -0.20065358770332536 -4.1635006739172145 -0.14112613159414755 -0.9088245302107231 -0.39258296991659 21.74324884470964 -0.15679632423586976 0.41206572683598214 -0.8975615574840837 36.309935396703565
0.9803727244132134 -0.0757017331116632 -0.18204001985965593 -4.164027892456117 -0.14187938241746118 -0.9120206903076467 -0.38482268812480835 21.74455248399553 -0.13689252014428407 0.4030973927658851 -0.9048607240199416 36.31214957100719
0.9824441741165446 -0.08540648490184069 -0.16585890715054397 -4.164651760346212 -0.14328721665853866 -0.9147766953937917 -0.377693488303232 21.74568140327886 -0.11946638977850677 0.394828228348894 -0.9109546925133896 36.31434445196593
0.9839023569859231 -0.0941651335224826 -0.1518850866485533 -4.165205352054132 -0.14517035413504117 -0.9168083482560871 -0.3720054043266741 21.7467866591035 -0.10421957684548641 0.3880662059451178 -0.9157198805341673 36.31637426539882
0.9848550010339945 -0.10187168696278037 -0.1402953539276628 -4.166016509423157 -0.1473100438768948 -0.9183895584006188 -0.36723339988855014 21.74895823652906 -0.09143510218356082 0.3823385651697638 -0.9194872721645515 36.319949375933696
0.98545276363789 -0.10847846108571907 -0.13082535732387227 -4.167764669254415 -0.14948150957581258 -0.9195076123344275 -0.3635395840262466 21.752028835190035 -0.0808586973267624 0.37780705967400113 -0.9223468418805936 36.32507446290019
0.985761689175141 -0.11391476173457071 -0.123682331856774 -4.169102576941549 -0.15158728612400973 -0.9203643436673187 -0.36048685078846304 21.75444858903901 -0.07276803446658979 0.37410279598631974 -0.9245279396508727 36.329242642108824
0.9858475693431367 -0.11849313482483392 -0.11859151326976708 -4.17092926774781 -0.15379107453171942 -0.92080683924736 -0.35841745240663997 21.756645377895847 -0.0667298689839021 0.3715832905213455 -0.9259983708358893 36.334133664532075
0.9858317705878757 -0.12157183196257951 -0.11556820398724207 -4.173226900493523 -0.15544820156803021 -0.9210188854289093 -0.35715552538432754 21.75959850720571 -0.06302044691082023 0.37006013343313854 -0.926867801207167 36.33972305952203
0.9856938198529241 -0.12353004655675273 -0.11466482067939446 -4.17570493376091 -0.15691598605108878 -0.920913987250628 -0.3567839702225491 21.762498523070878 -0.06152289675694484 0.3696724978732348 -0.9271230649114484 36.34604925438557
0.9854104584048414 -0.12481552765361709 -0.11570355449557229 -4.176668413532991 -0.15850818961804458 -0.9206175090005103 -0.3568452829248351 21.76354452091714 -0.06197888584325099 0.36997903478203287 -0.9269704048843118 36.34939133001179
0.9851194532085634 -0.12436455702234392 -0.11863018109527453 -4.1777538227782625 -0.15922261138762814 -0.9202525939057842 -0.3574679334326095 21.764959753207656 -0.06471339067740008 0.37103722234610426 -0.9263603816553911 36.35280181837534
0.9847686064946701 -0.12253098636657296 -0.1233569983526694 -4.17904510311342 -0.15938882355917935 -0.9196627710512952 -0.3589088888097841 21.766312964860877 -0.06946937877199248 0.3731039331369852 -0.9251850952597247 36.35589731325268
0.9842418134885972 -0.11953741835221388 -0.13030294775777512 -4.180080756362843 -0.15941998153886383 -0.9186834757609067 -0.36139443942873284 21.767730459154997 -0.07650700665184842 0.376472411974035 -0.9232633432318359 36.359315455144454
0.9835996936728396 -0.11520295267053546 -0.13878012214538005 -4.181476291732287 -0.15892683818417427 -0.9174063462233778 -0.3648394934952263 21.769251577574806 -0.0852871778843545 0.3809119000570373 -0.9206694421362426 36.36281583565439
0.9827402443037863 -0.10959119704223408 -0.14903483403749732 -4.183193256606344 -0.15808064464127264 -0.9159442131696129 -0.3688586560606899 21.770847768494583 -0.09608393214025861 0.38605176840930133 -0.9174594868943899 36.36651139554794
0.9815610276893785 -0.10267772679297227 -0.16123037350945799 -4.18507785300377 -0.1543598683582259 -0.9232775589548063 -0.3517550002073682 21.772638744683213 -0.11274298187382996 0.37015649872868933 -0.9221025900013053 36.370328578172206
0.9799802091225326 -0.09434115352885204 -0.17532408984222014 -4.1869519979612635 -0.14927015429439688 -0.9308754338396324 -0.3334506675818824 21.774581413615564 -0.13174676756977483 0.35294570889121407 -0.9263218208647545 36.374135045446714
0.9777495063482058 -0.08505944120321096 -0.1917571232002549 -4.188967048537288 -0.14333962701080388 -0.9383211057301355 -0.31465418139567136 21.7769036389378 -0.15316544703112334 0.3351393650462057 -0.9296353864995581 36.378681065477494
0.9748203834450002 -0.07502157031854587 -0.20999281894170235 -4.19088758520442 -0.13637712316066336 -0.9456372229453307 -0.2952482393828362 21.77887042974976 -0.17642703959020672 0.31645221845830496 -0.9320576662064708 36.382762495181694
0.9710806394731589 -0.06433651221290623 -0.22991999660029463 -4.192932603730521 -0.12836751208989372 -0.9526651984669198 -0.2755917296833048 21.78111108243096 -0.20130616851018726 0.29713605103767415 -0.933373448140392 36.387079749181346
0.966363024295969 -0.05271833315791352 -0.2517206440135569 -4.1948303877164665 -0.11907165757742813 -0.9592564187312093 -0.2562207319573083 21.783448380506957 -0.22795711358786838 0.27757503575074316 -0.9332671931942434 36.391336382247744
0.9605255665245052 -0.04071872670280192 -0.2751956056125922 -4.197065819634679 -0.10870722167541491 -0.9655153970839676 -0.23656449004320387 21.78569776894513 -0.25607298961114794 0.2571419905217571 -0.9318286434222323 36.396047234040545
0.9533714063978319 -0.028108741450992583 -0.3004877037701567 -4.1993490398749405 -0.0972208402620381 -0.971181947938594 -0.21760912714530561 21.788089620314285 -0.2857115147867924 0.23667598664046963 -0.928629855036977 36.40082487329604
0.9447864152053351 -0.015694491591674513 -0.3273107278674673 -4.201818225798483 -0.08549171962160931 -0.9760649902917198 -0.1999707493684144 21.790622399981242 -0.31633810317379174 0.21691200441769914 -0.9235146922599031 36.406066472508726
0.9346216629674221 -0.002888039650893265 -0.35563184100834627 -4.204266521579603 -0.0730832944190961 -0.9801853581301806 -0.18410729421742564 21.793261405428623 -0.34805341427554265 0.19806141202714092 -0.9163135368840477 36.41122841929752
0.9226491181101159 0.010182222683225405 -0.3855060663489682 -4.206853866290307 -0.059849890433082885 -0.9837585379427126 -0.16922508572893313 21.7958441586003 -0.3809679717059872 0.1792078719421834 -0.9070545425541844 36.41685969209115
0.9088669848724968 0.023296492313999877 -0.41643496161422455 -4.2093964851947785 -0.04648151194859742 -0.986561936150913 -0.15663657039508558 21.79850674581453 -0.4144879646693609 0.1617183340998353 -0.8955707161135993 36.42224022826058
0.8932605159954958 0.035908782804889565 -0.44810290099588956 -4.211791637603769 -0.033475492095023617 -0.9887235990153391 -0.1459624478389941 21.801287194652335 -0.4482912468389906 0.14538295659267053 -0.8819856880584385 36.42779911615009
0.8752601190902541 0.04934502869248847 -0.48112866478048477 -4.214197928007318 -0.01976195841145402 -0.9903022534029401 -0.1375169513362024 21.804286833386406 -0.48324857881825023 0.1298711478674035 -0.8657969138439713 36.43343133919917
0.8550400901579847 0.06310709324543906 -0.5147076247781234 -4.216561124640846 -0.006645533311999786 -0.9911523666575792 -0.13256252470468097 21.807528168776535 -0.5185193160429272 0.11676677974146377 -0.8470556286568101 36.43922034595284
0.8323719423635044 0.07749450131361287 -0.5487727688507894 -4.219044394895461 0.006310965651053824 -0.9914370941732992 -0.13043258798995208 21.810937482739064 -0.5541814876721872 0.10510514051824406 -0.825733484944193 36.445232462264634
0.807247807350412 0.09197068697114816 -0.5830028904439563 -4.221504710319413 0.018038602707017896 -0.991167536531986 -0.13138311663791852 21.814073510295355 -0.5899369342059632 0.09554217531106154 -0.8017768432653191 36.45102257451241
0.779732401253804 0.1070225511275386 -0.6168983352102113 -4.224388718001836 0.028944576483004372 -0.9903909286121382 -0.1352332060368554 21.81755714089792 -0.6254435177753435 0.08758985142663767 -0.7753376193632446 36.45769004153601
0.7498753767020954 0.12217139796520082 -0.6502007912446115 -4.2274267007442266 0.03753955524937471 -0.9890753327902333 -0.1425509307495682 21.82089320040648 -0.6605132104716525 0.08248718436895255 -0.7462694977066346 36.46449458877784
0.7178607938897943 0.1368089450627831 -0.6826120370655083 -4.231241252785898 0.04326826200999156 -0.9873733764281474 -0.15238659069457097 21.823088412853338 -0.694840800542505 0.07985692250323934 -0.7147161211486435 36.47140098485708
0.6831259348238271 0.15469789096976194 -0.7137279031259605 -4.232139173165197 0.04686058385353021 -0.9845781856150714 -0.1685523126267942 21.825846089298853 -0.7287956111640486 0.08169674987685838 -0.6798401269471958 36.47506851913086
0.6463725365783862 0.1726543228485357 -0.7432314772390476 -4.234131457403954 0.0472802508946807 -0.9812540695990944 -0.18682887563369888 21.82785048389244 -0.7615557247060516 0.08562088353275543 -0.6424188216969607 36.479223385810684
0.6077679424909025 0.19192217656974508 -0.7705738162052401 -4.235392792743951 0.044986567479949294 -0.9771186165117952 -0.20788318357300492 21.82883676271837 -0.7928394142742573 0.09167926377762467 -0.6024952910740845 36.481641820191854
0.5667927686912354 0.21348455180345516 -0.7957199906377883 -4.2361422874890575 0.03967807520634582 -0.9717959418314982 -0.23246138988604392 21.83014803407919 -0.8229043733674306 0.10018479715560462 -0.559277568575432 36.48352678154747
0.5250786121433499 0.23537631950304616 -0.8178572242676676 -4.236693878335863 0.023012089968252145 -0.9645689836565661 -0.2628252641642973 21.82999382631039 -0.8507425549394523 0.11918332091756599 -0.5118910442957114 36.484501409193996
0.4845856019014849 0.25504211617315287 -0.8367379000665 -4.238741237000184 0.00286342292882405 -0.9570092840299789 -0.29004315384018003 21.830811517193197 -0.8747391584003238 0.1381548017925821 -0.46448321337024234 36.48809001486519
0.44543649585546485 0.2737636334611673 -0.8524316988205826 -4.240154645354963 -0.019462829698519313 -0.9489182635498705 -0.3149211446721628 21.83193034365187 -0.8951019642588945 0.1568681041373246 -0.4173546111932043 36.490963777975566
0.4083099164473709 0.29050520881335884 -0.8653841550335021 -4.242782626163418 -0.04356786315661901 -0.9407273068825424 -0.33635394361518295 21.832500793589826 -0.9118030782086161 0.17503958905866496 -0.37145159688910545 36.49507754203632
0.3740889172694142 0.3056437831445872 -0.8755794423130673 -4.246050772517801 -0.07004537571879896 -0.9321212217597166 -0.3553078570558011 21.8338838600791 -0.9247438171280787 0.19424702255179566 -0.3272872849854582 36.500392073077066
0.3432364853558241 0.31849264190542403 -0.8836012404771085 -4.249445963948517 -0.09775921411470004 -0.9235293388184411 -0.3708594024657454 21.834950030062508 -0.9341476602637604 0.21367264072331965 -0.28585337400504085 36.50580239278932
0.3161396850403694 0.32959339991881925 -0.8896200819858607 -4.2532285573735535 -0.12669387685754446 -0.9146467358896583 -0.3838880176473333 21.836566331633797 -0.9402150610947378 0.23407165410691494 -0.24739866538498412 36.51244055842013
0.2945058398096869 0.3371280496842306 -0.8942097004808761 -4.257078658638736 -0.15549234549189178 -0.9063351706767223 -0.39291053547573235 21.83716083950603 -0.9429148640314359 0.25475721090972775 -0.21450016941269612 36.5184960865636
0.27913075753461947 0.3400570903458512 -0.8980240506265205 -4.26022716630807 -0.1872423737417349 -0.8979688895984342 -0.39823632027844463 21.83690284334059 -0.9418207439177109 0.27930816067359915 -0.18697763959206715 36.523092163703375
0.27026096351156026 0.33957530345054215 -0.9009148821549546 -4.262719603588831 -0.21952358956783374 -0.8893542321796987 -0.40107161870084007 21.8355344385644 -0.9374264799039211 0.30616607093296766 -0.16581294214991982 36.525782560204334
0.26789464433133253 0.33590777794044385 -0.9029941440882674 -4.264247451666211 -0.25114795379651894 -0.8805004708438892 -0.40204928323218214 21.83472125987592 -0.9301382503920643 0.3344919813131598 -0.15151880937621648 36.52711856124792
0.26990449451051224 0.33015784001324394 -0.9045149885550899 -4.265234175099241 -0.28197869500298284 -0.8710932799781 -0.40210012825341235 21.834353309841287 -0.9206734379830016 0.3635825879422515 -0.14201451453205496 36.527823306445214
0.27666798709078844 0.3212394774289713 -0.9056820761505072 -4.266031730479849 -0.31260450495646397 -0.8611236997916087 -0.4009294166535248 21.83405731727033 -0.9086986565413507 0.3940446317339865 -0.1378244528433601 36.52841586979189
0.2874426116409826 0.31010773524511304 -0.9062063438059559 -4.266797920256426 -0.34034097884565795 -0.8513191557551972 -0.39927899163697295 21.833945616894006 -0.8952903233763844 0.4231889502165734 -0.1391630313093383 36.52903893347934
0.3027614960955577 0.2947185960715819 -0.906353366856203 -4.267480963187797 -0.3677018754119783 -0.8412390360431038 -0.3963738324559064 21.83385521143479 -0.8792785720694513 0.45327456730646687 -0.14632620863208903 36.529674929610536
0.32397262397642923 0.275493737817864 -0.9050662624012508 -4.268048975347806 -0.394025645262045 -0.8304493827133412 -0.3938243436189033 21.833870712002216 -0.8601078593930279 0.48420762403557105 -0.16049126778791045 36.53014022595518
0.35368989689372543 0.2480814638696034 -0.9018642049220165 -4.268627833206935 -0.42184095274528166 -0.818257246269702 -0.3905192562653952 21.833887371799104 -0.8348375095922913 0.5185659709346913 -0.1847583999884768 36.53049910254638
0.38620725938550865 0.21497505655243315 -0.8970115260453531 -4.269176533890779 -0.4481713103212264 -0.8062311196367122 -0.3861785316848788 21.833898413555875 -0.806217358658873 0.5511597833565255 -0.21502665836472107 36.53076529851578
0.42792200821957993 0.1707801840927103 -0.8875341591187249 -4.26964969654615 -0.46992570253873267 -0.7967769434228082 -0.37988990052814775 21.833899160373168 -0.7720444216331082 0.5796383623873315 -0.2607043917430856 36.530797016971974
0.4671375448505182 0.1222122799830114 -0.8756978204908268 -4.269964868491794 -0.49558076039325905 -0.7840190243241971 -0.3737831984262715 21.833892202700614 -0.7322446477230609 0.6085871573727861 -0.30567866749552935 36.53079775843113
0.51181961264284 0.06495570149192811 -0.8566337846231756 -4.270439179072099 -0.5311386339256311 -0.7598020562997103 -0.37495677990182674 21.833294244147847 -0.6752276917201695 0.6469015319864562 -0.35438111158444724 36.53048516934693
0.5276939474406933 0.0290762638999279 -0.8489367872298154 -4.270602465380847 -0.551866368608552 -0.7480212389748916 -0.36865666580339806 21.832916988814734 -0.6457419058983774 0.6630375531748487 -0.3786800681929816 36.5303623452443
0.5458819902840556 0.00029030452582151645 -0.8378620222965119 -4.271316552465162 -0.5659644995479955 -0.7372445702793851 -0.36899136689758977 21.831626670275845 -0.617816346445208 0.6756259018990074 -0.402284231294551 36.52992670541426
0.5622477091978733 -0.027152193982859063 -0.8265230014123391 -4.27156126630938 -0.586563753462458 -0.7176270001057066 -0.37543901214886766 21.830514791541148 -0.5829412291353023 0.6958981585556913 -0.4194106296853019 36.52905202211138
0.579048275828553 -0.061227953440703586 -0.8129909175245706 -4.271472448248733 -0.6007489841162412 -0.7061896843643495 -0.3746955934898155 21.82833687671331 -0.5511839550851281 0.7053703051694507 -0.4457005499681056 36.526701622547
0.6016296960638631 -0.10507505917261928 -0.7918339098283013 -4.272459947078723 -0.6081003360941913 -0.7030254979431304 -0.3687399225523935 21.826173247355598 -0.5179340595637975 0.7033593542291765 -0.4868571954506583 36.525606671794165
0.6208827975169474 -0.14564743611418837 -0.7702540983992834 -4.2734874323699845 -0.6153135806704568 -0.6993385110060241 -0.3637510748662864 21.82427084953397 -0.4856889428327875 0.6997945922749338 -0.5238260965556495 36.524795310845946
0.6349009633485035 -0.17588539456836713 -0.7523065164656442 -4.2741849190765375 -0.6198821500648729 -0.6971646698853907 -0.36014933443579356 21.822782898853323 -0.4611365164136245 0.6950005403171458 -0.5516587370728238 36.52392571090992
0.6342119126084563 -0.16944670621163851 -0.754362687080658 -4.274391565702347 -0.6155577893309065 -0.7010387935575096 -0.3600461330461404 21.82274806657442 -0.46782887672691975 0.6926993746795636 -0.5489113939598725 36.52400973465429
0.6422625172027655 -0.17767034519462727 -0.7456085483917078 -4.274662361749597 -0.6082905890460211 -0.710003886174826 -0.3547915456922413 21.822645230731197 -0.46634903052800747 0.6814159743174995 -0.5640840820928393 36.523917839536914
0.6497094337636024 -0.19750752575257163 -0.7340765824828339 -4.274600967001938 -0.6129691310120937 -0.7072495982862984 -0.3522312452780826 21.822882985143973 -0.4496070463247417 0.6788142477843017 -0.5805727524610286 36.52400135210642
0.6626094290272687 -0.2236023544699245 -0.714808178212633 -4.274291857662558 -0.6169001292672048 -0.7041471041265942 -0.3515836831541496 21.82345597266591 -0.4247151693479562 0.6739279210907037 -0.6045148319934749 36.52370542044794
0.67368415937886 -0.25319926969479084 -0.6942908491605113 -4.273883383586153 -0.6240227995916825 -0.6981980562756923 -0.3508774997098051 21.824385140647216 -0.39591059469501194 0.6696339328609849 -0.6283670877515565 36.52389368811775
0.685997943550648 -0.2626447798455331 -0.6785459019581307 -4.273596531271318 -0.6156495905389272 -0.7065613198313137 -0.3489221732528377 21.82525880482501 -0.3877917006764494 0.6571064000130599 -0.6463967635658021 36.524068667579584
0.6955617446306858 -0.31019651522202685 -0.6480524526228011 -4.273214473121254 -0.6328378286185161 -0.6915703945908486 -0.34820492815992665 21.82578944158666 -0.34016193507757225 0.6523101342686384 -0.6773339993346804 36.52413759533605
0.6977234389929295 -0.34410033901580794 -0.628312787844626 -4.2729114284254255 -0.6450823447686902 -0.6832155298783783 -0.3421773052099391 21.826241594591306 -0.31152972755037145 0.6440586125673757 -0.6986685426081373 36.52433859590281
0.7006052670515143 -0.39617986638288494 -0.5934591588749104 -4.272499904627448 -0.66778322673725 -0.6571080975156803 -0.34967772343646664 21.82674432945733 -0.2514315450934175 0.6412881268604331 -0.7249356636831811 36.52441960708822
0.7016350938325725 -0.42705797609738705 -0.570376787881626 -4.272299737096192 -0.6799828045324491 -0.6405045690985806 -0.3568995411933551 21.82714797828838 -0.21291214301383302 0.6382596509379594 -0.7397925637243264 36.52462530770502
0.6980002582292391 -0.46612534652535836 -0.5436200887003078 -4.27191306151312 -0.696774063571417 -0.6172491476912192 -0.3653893731468374 21.827487487597335 -0.1652317882433369 0.6338222550534798 -0.7556241163123574 36.52449408926611
0.6916122543020176 -0.5063213094135895 -0.515083703229863 -4.271223063857024 -0.7138429784140453 -0.5877882303483568 -0.38070093043347303 21.827443575302517 -0.11000314481071133 0.6309863135581115 -0.7679554545897167 36.522882927416816
0.680480407702464 -0.5479828269718826 -0.48647840247742924 -4.270486760611913 -0.7307231457189903 -0.557005340030593 -0.3947008176935362 21.827440468007786 -0.054681798101662515 0.6240672019272497 -0.7794549560013468 36.52105013983525
0.6609475794984322 -0.5969932053219649 -0.45469485367064594 -4.269564470015668 -0.750429557561537 -0.5273726328181924 -0.3984138367230788 21.826903653659965 -0.0019432686792384968 0.6045471188863731 -0.7965670120919054 36.51840784436489
0.636513372446512 -0.6405557784035063 -0.42958005243568564 -4.268208534007061 -0.7699978207173783 -0.4958482754368871 -0.4015443236266121 21.826780309420588 0.04420500862183166 0.5863640358174634 -0.8088406114387436 36.51570855659523
0.6135862809883567 -0.6703597557124757 -0.4172884777992173 -4.266832390371771 -0.7842632153743906 -0.45587399835127174 -0.4208445159888001 21.825760820684287 0.09188626009094203 0.5854884247774119 -0.805456528720306 36.51098018232927
0.5889292377997155 -0.6990163657153756 -0.40563342234918803 -4.265560832140893 -0.7960760486070715 -0.4151901400831182 -0.44031814908303823 21.824510671988175 0.13937459488299225 0.58223128397556 -0.8009877990714795 36.50627795735694
