1.370943393595642423e-05 -8.282099338361246642e-05 -1.806320399503636006e-06 -4.808632644108522968e-06 5.217212236853991873e-07 3.777616207449724768e-05 9.999999992747832245e-01
2.098450277771666539e-01 2.318624512224206138e-02 1.159548502771027140e-01 8.469278109248435174e-03 -1.152920950824144579e-02 4.860429471495083739e-03 9.998858559264531820e-01
4.115935911953169102e-01 5.059235218390195632e-02 2.368031036152995206e-01 1.587712174007193527e-02 -2.255543596445111487e-02 9.430176849741791004e-03 9.995750302394950104e-01
6.090488563419428347e-01 7.965461866741767316e-02 3.596880493813199298e-01 1.547862393030100502e-02 -3.323793429377906727e-02 1.333724362751395956e-02 9.992385950600222166e-01
7.995331673331975697e-01 1.120921603813958417e-01 4.842569792681915009e-01 1.532865089491686553e-02 -4.339541408561105318e-02 1.670798280422818721e-02 9.988006376693467914e-01
9.876592107650870034e-01 1.446674851490931113e-01 6.080076189425698274e-01 1.513977552998715254e-02 -5.345633911337950572e-02 1.966001916745602901e-02 9.982618347166400952e-01
1.170846566444461612e+00 1.787013556773939804e-01 7.309907578238871162e-01 1.510798516838769354e-02 -6.307631513760121600e-02 2.224326334824396068e-02 9.976464125572921393e-01
1.351674837344497115e+00 2.123777499522863932e-01 8.524960554094958010e-01 1.507710091857327600e-02 -7.245750843503023786e-02 2.449709491089946053e-02 9.969566103096990650e-01
1.528498454936855655e+00 2.475601237575644209e-01 9.720591169462741155e-01 1.528482625741843168e-02 -8.136921394298296528e-02 2.650528098429952642e-02 9.962142817629775493e-01
1.704059135300090899e+00 2.811522139246475649e-01 1.089061120959163187e+00 1.540803837690305628e-02 -9.007904426667463771e-02 2.819998441359651900e-02 9.954160532242041226e-01
1.878188360193790984e+00 3.139552863966721952e-01 1.204571481550365419e+00 1.553289630117770000e-02 -9.863178701276563431e-02 2.967860817541341512e-02 9.945600434060960504e-01
2.048284929614897276e+00 3.478955784039691745e-01 1.315890787086309688e+00 1.591933420531254501e-02 -1.065906073380718799e-01 3.111030102457592109e-02 9.936886667341642276e-01
2.217546307054217625e+00 3.801686582997075847e-01 1.424871544187210626e+00 1.620654475414756365e-02 -1.143965267329347668e-01 3.236415564118588772e-02 9.927755758519676288e-01
2.385910649644345405e+00 4.114096719809271496e-01 1.530091793290914604e+00 1.657758645722401045e-02 -1.219376686978649732e-01 3.339157822154244920e-02 9.918373813703824649e-01
2.552399958747179287e+00 4.421809217446232010e-01 1.632939363141738154e+00 1.694933300769050841e-02 -1.293172074547905004e-01 3.453879550436965429e-02 9.908566251339274711e-01
2.717574856344163514e+00 4.710623931580921187e-01 1.729471865443931389e+00 1.738995331631542837e-02 -1.362802783674560148e-01 3.546725906663167338e-02 9.898824924131376379e-01
2.881623504717948592e+00 4.986374801367217668e-01 1.823505476012772908e+00 1.775921089535520067e-02 -1.431002115580821410e-01 3.633879311295246106e-02 9.888814044138460879e-01
3.044169649173857906e+00 5.254111613413773307e-01 1.912461805480703658e+00 1.824772945633792998e-02 -1.496927904438291601e-01 3.720398913823553394e-02 9.878638327477274883e-01
3.204799462151694645e+00 5.523609282324180025e-01 1.998630041156261861e+00 1.881461089774960280e-02 -1.561045634627567791e-01 3.818386145416213101e-02 9.868228657704066764e-01
3.363003827361407794e+00 5.772197750167699093e-01 2.078742653579082944e+00 1.939240125072820564e-02 -1.621212488542836394e-01 3.907278220547184128e-02 9.858062452299549694e-01
3.521416077089968510e+00 5.997217577730774574e-01 2.158371347115344285e+00 1.976418807970661828e-02 -1.684017074975847905e-01 3.986155929965551348e-02 9.847138152131552635e-01
3.683502270551345603e+00 6.225654871636173704e-01 2.235074334574508104e+00 2.026187695056311938e-02 -1.744961538839443216e-01 4.074223226324236169e-02 9.836059267472717638e-01
3.846727474078345477e+00 6.467604657676889746e-01 2.311449195369096099e+00 2.093761105793256333e-02 -1.804048681160853040e-01 4.171452695766912633e-02 9.824844010181040810e-01
4.012464992749101178e+00 6.712902802724173279e-01 2.383663838235931198e+00 2.009445317994332583e-02 -1.862905511035606587e-01 4.257802700477208990e-02 9.813659639183089922e-01
4.184857977316759126e+00 6.919966119263812887e-01 2.458384028516540365e+00 1.923648632784320453e-02 -1.924531934875202410e-01 4.308046416139738738e-02 9.801713113113710296e-01
4.359994031585443963e+00 7.138448054271683274e-01 2.528690271944913359e+00 1.887323498344437023e-02 -1.982789350174511411e-01 4.386524920029206964e-02 9.789816672656345142e-01
4.537227882594796924e+00 7.364163385346464974e-01 2.597609628378691582e+00 1.887235375474915003e-02 -2.037559234438656164e-01 4.462996006807509741e-02 9.778218266072890019e-01
4.718647923174962955e+00 7.576945193012878388e-01 2.664736175258791029e+00 1.903709817476006982e-02 -2.090278931963316933e-01 4.539282198614734420e-02 9.766700673569973512e-01
4.903990927264923805e+00 7.785711639210854962e-01 2.728659781517505323e+00 1.945046202869581131e-02 -2.139671640785884010e-01 4.606094551009155824e-02 9.755604140809287506e-01
5.091608207281991483e+00 7.992632989254520037e-01 2.790138004741776978e+00 2.005287593116248518e-02 -2.184610142347023221e-01 4.680287697902556915e-02 9.745163714032314406e-01
5.285128594512471523e+00 8.164358606985386846e-01 2.849580341381781512e+00 2.061445864168146708e-02 -2.225219894544110399e-01 4.719731802128745296e-02 9.735663415893952566e-01
5.481516293988396349e+00 8.340814202854311965e-01 2.905449041205152572e+00 2.138537199841287692e-02 -2.260361340470350977e-01 4.755633762989101149e-02 9.727223276561467458e-01
5.681430331567591807e+00 8.510521147401964859e-01 2.957857786227410468e+00 2.226174278969622958e-02 -2.289730906123668974e-01 4.778320408452186446e-02 9.720043744710222811e-01
5.880110513323785426e+00 8.684245864180439867e-01 3.005673148138134909e+00 2.322723238202752810e-02 -2.312191803211424979e-01 4.800309079100482240e-02 9.714390817761043850e-01
6.078223524897328645e+00 8.842706248540299629e-01 3.049813716848237100e+00 2.416004554990162229e-02 -2.327390211122034591e-01 4.790503527345677665e-02 9.710581588381866913e-01
6.273447470376267709e+00 9.017710454797810415e-01 3.090858442309225129e+00 2.516309332784970668e-02 -2.333050374689040751e-01 4.767577156572957997e-02 9.709081310975924417e-01
6.465637884056447682e+00 9.153924885712372284e-01 3.130360710303251803e+00 2.596325501210945338e-02 -2.331685845126599266e-01 4.686747204228760427e-02 9.709591961817469752e-01
6.657871131455324942e+00 9.362990876429369003e-01 3.177951387450984377e+00 2.676125142071402938e-02 -2.320384582620862723e-01 4.607841228748683904e-02 9.712459880127258804e-01
6.845244598074719633e+00 9.588960674437998488e-01 3.227694198587612195e+00 2.749199345569991806e-02 -2.300169921927893157e-01 4.493323226043133972e-02 9.717599385841363402e-01
7.030266750981519763e+00 9.836006473452815202e-01 3.282712199764531658e+00 2.807150045395152491e-02 -2.270227540668074695e-01 4.342872476879450216e-02 9.725156070023462940e-01
7.210257098392429675e+00 1.009738460354088430e+00 3.338996203648015637e+00 2.845336272322472257e-02 -2.228653774374513008e-01 4.146798085482351209e-02 9.735511472199224192e-01
7.389605342662670218e+00 1.036939294290264435e+00 3.400189025879576832e+00 2.856761670425598740e-02 -2.176383515779562738e-01 3.921384936599403570e-02 9.748229137726348581e-01
7.567342126311579875e+00 1.066528604924185997e+00 3.464907086810351089e+00 2.849205554186860431e-02 -2.113920120879022868e-01 3.659643456706631465e-02 9.763003231451916619e-01
7.742210026004456402e+00 1.095390253883216314e+00 3.531188356547433571e+00 2.796551270683346468e-02 -2.039842016866383334e-01 3.348434490546708941e-02 9.780016228041549242e-01
7.912009449522939164e+00 1.121524255286435290e+00 3.588864899628747551e+00 2.728657006787613484e-02 -1.949204943026039416e-01 2.990172705770772349e-02 9.799833318550504879e-01
8.085087987269190535e+00 1.149347452719440721e+00 3.655427096132445097e+00 2.648109291059922571e-02 -1.855643436252314149e-01 2.617028129188260499e-02 9.819265463721311704e-01
8.258061888307489440e+00 1.175392958028766088e+00 3.716977682138226768e+00 2.541527323759095250e-02 -1.752962462881343386e-01 2.200440060849033139e-02 9.839416122298160206e-01
8.426418542645334853e+00 1.202707093228459145e+00 3.781089675635310066e+00 2.428729384015636261e-02 -1.644670863798849136e-01 1.761987406377754986e-02 9.859260849037366770e-01
8.588992725365036662e+00 1.231497674095464401e+00 3.833219900142602832e+00 2.315880911972635972e-02 -1.526998420629167297e-01 1.325910578544781809e-02 9.879122551663618301e-01
8.758514174086471371e+00 1.258795366640670821e+00 3.896137414996518444e+00 2.188885459918939527e-02 -1.415131094494866404e-01 8.764357405067271789e-03 9.896555481264930343e-01
8.924092428330002491e+00 1.283023421345850457e+00 3.953927990572449591e+00 2.044754751520192967e-02 -1.299673705113945366e-01 4.195775388187611074e-03 9.912985301471295418e-01
9.081604578446892617e+00 1.305548662655193537e+00 4.011083466154958366e+00 1.907373255083942565e-02 -1.184229491583255883e-01 -6.914146842970048069e-04 9.927797942066297621e-01
9.233472751614119289e+00 1.328455867265168511e+00 4.065241805392268759e+00 1.772737311701958265e-02 -1.071177687780357074e-01 -5.442932057586480875e-03 9.940733868004926199e-01
9.387733850081733777e+00 1.354586267979403180e+00 4.118373028414644033e+00 1.663830570005583875e-02 -9.652608239340439156e-02 -9.956713204008642293e-03 9.951415708648626568e-01
9.536351354544530423e+00 1.400480051762297951e+00 4.177098628937547353e+00 1.565456378478314106e-02 -8.682749327868341527e-02 -1.424342348910607320e-02 9.959985170325096338e-01
9.663190108304066328e+00 1.462477479020392490e+00 4.252273549770936967e+00 1.460646455784110273e-02 -7.767753800635671113e-02 -1.860698690330986685e-02 9.966978636080101595e-01
9.799261122050491934e+00 1.526991942452753825e+00 4.334594069441053854e+00 1.396003571196441015e-02 -7.063040416541005451e-02 -2.218589258397547087e-02 9.971580865542855054e-01
9.928278299844238930e+00 1.585242931201019667e+00 4.405660652793416787e+00 1.340955435697363703e-02 -6.430342094952058718e-02 -2.577616695346187509e-02 9.975073148219633090e-01
1.005364130960692393e+01 1.653892337780175747e+00 4.486719490030556479e+00 1.335561454914932847e-02 -5.964870369164831237e-02 -2.866765604523564825e-02 9.977183095467341278e-01
1.017069628846732599e+01 1.715109407111589324e+00 4.559048480748640664e+00 1.351396118451355689e-02 -5.642145570880508637e-02 -3.131760489815108017e-02 9.978242329249406017e-01
1.028307080931005757e+01 1.779192010148978875e+00 4.630803030506887907e+00 1.410850821863065922e-02 -5.479355171955472420e-02 -3.375220112035886427e-02 9.978273425825393561e-01
1.038525988972182468e+01 1.848318734107406325e+00 4.706057532846944724e+00 1.518132300476853630e-02 -5.552379467420791997e-02 -3.536708269887461203e-02 9.977152926151691137e-01
1.048583910389317708e+01 1.927715817585797131e+00 4.791931451851694668e+00 1.674098660524017679e-02 -5.913948921405971781e-02 -3.620682579843625959e-02 9.974524178869812463e-01
1.054269878981368436e+01 2.026705301528992642e+00 4.879723611637857950e+00 1.884276677698659697e-02 -6.431160950820684341e-02 -3.661577700383878559e-02 9.970798623465710886e-01
1.056204496673928084e+01 2.139853573656089747e+00 4.969031019756267042e+00 2.123985985795085601e-02 -7.212320920830742055e-02 -3.610005738897298366e-02 9.965158789016973495e-01
1.055164365807217663e+01 2.253820289344992567e+00 5.050321723390513995e+00 2.289638742475529759e-02 -8.180279279037862283e-02 -3.530227515730195026e-02 9.957599147903615222e-01
1.053262492020536811e+01 2.367910980091592066e+00 5.127849657470907374e+00 2.400787748074928452e-02 -9.355123817313330814e-02 -3.385624075239857672e-02 9.947489847279357145e-01
1.050746248210370659e+01 2.484105421043104389e+00 5.199726379697041878e+00 2.519703741805947098e-02 -1.063632034628768375e-01 -3.211698998003037486e-02 9.934890423195870124e-01
1.047497653523180361e+01 2.601551895853877028e+00 5.274196316806635920e+00 2.685568958157388136e-02 -1.205467389832879793e-01 -2.983953821792017028e-02 9.918955880618355314e-01
1.044119598873706600e+01 2.718457415607241412e+00 5.344200909652887077e+00 2.872386072082222519e-02 -1.357476022191098086e-01 -2.703729951715334867e-02 9.899578338251953102e-01
1.041224453579432563e+01 2.838435656817740238e+00 5.416215331624041340e+00 3.085022556725995624e-02 -1.516442969014514808e-01 -2.374860625348274371e-02 9.876680993637138029e-01
1.037374435378481863e+01 2.952176846899524865e+00 5.482594887446770038e+00 3.309214804919598935e-02 -1.678023624594975616e-01 -2.020388422455306893e-02 9.850579069033161828e-01
1.033794382843269233e+01 3.070064888212969301e+00 5.551821984655108899e+00 3.548537184425212127e-02 -1.839573640881538574e-01 -1.621666521336970895e-02 9.821596083896808604e-01
1.029942972251363997e+01 3.187150290896056504e+00 5.620122746840088723e+00 3.766313439208451158e-02 -1.996552944093945570e-01 -1.201673628286250607e-02 9.790683580686131426e-01
1.025967647130990379e+01 3.301543831176713351e+00 5.689032239667541013e+00 4.001354563907665723e-02 -2.151755511333288129e-01 -7.106309557842929725e-03 9.757294188064260521e-01
1.021808293379285892e+01 3.414610364769873119e+00 5.756229975302951551e+00 4.208952443734683552e-02 -2.297257741231972239e-01 -2.108894113695818431e-03 9.723425801649092648e-01
1.017842125857759328e+01 3.531503104381082281e+00 5.827286705680167600e+00 4.404263269946726012e-02 -2.434181446798876769e-01 3.243966955712210363e-03 9.689155432873866047e-01
1.013225498437649819e+01 3.644198309975942962e+00 5.897698070662039882e+00 4.578870835501764464e-02 -2.557865656602121840e-01 8.937790465329720213e-03 9.656069298200645745e-01
1.008648769940843337e+01 3.754164252288757719e+00 5.966789843473074839e+00 4.678576595518074699e-02 -2.665452271706277299e-01 1.483142025605647084e-02 9.625719520896782733e-01
1.004957541862634152e+01 3.870331465500900237e+00 6.039919439161710812e+00 4.763339662981735251e-02 -2.760443475957093384e-01 2.114257860751776047e-02 9.597309878584679987e-01
1.000922835594220572e+01 3.985820150061295308e+00 6.111407958441850141e+00 4.778007354638632437e-02 -2.833097598134798334e-01 2.757302972959078599e-02 9.574405321469638963e-01
9.966008154552437048e+00 4.100859448814025754e+00 6.182612744910497504e+00 4.721256111482152740e-02 -2.882947880311682587e-01 3.418269837967362335e-02 9.557659924890230529e-01
9.920703633066176863e+00 4.215819525094999243e+00 6.256520641949625094e+00 4.583439120854110316e-02 -2.909546233064517762e-01 4.092972242008831307e-02 9.547614223363645181e-01
9.872830859705672424e+00 4.329034458666361829e+00 6.330906362576032009e+00 4.126463336605933063e-02 -2.916624535334220170e-01 4.689279798354085982e-02 9.544796010021922017e-01
9.825811044610002654e+00 4.440588915082558152e+00 6.406915963744706843e+00 3.578724065955918993e-02 -2.902007337960438860e-01 5.287871319422225019e-02 9.548333096416021792e-01
9.775094839024951909e+00 4.554176001560892750e+00 6.485400718669102282e+00 2.945704510311459440e-02 -2.863825398438706316e-01 5.882195690758416917e-02 9.558542256808458815e-01
9.726584373976457698e+00 4.670613803904056560e+00 6.567724126925721606e+00 2.229900477589144905e-02 -2.806824395089907997e-01 6.473042242953117031e-02 9.573557828463674646e-01
9.674812805235436741e+00 4.784890894858158994e+00 6.651668830201806770e+00 1.447305456940353209e-02 -2.730098902232386826e-01 7.065873167678919653e-02 9.593036402357461023e-01
9.617247675841129606e+00 4.894653933182249617e+00 6.738392401554502698e+00 5.805274253000531140e-03 -2.634760525343435300e-01 7.636519237060752918e-02 9.616210407046882347e-01
9.560482889383992600e+00 5.001561930682485446e+00 6.829555525956354067e+00 -3.493420559031006067e-03 -2.524975937882009691e-01 8.207414034300190842e-02 9.641040382816180587e-01
9.499820897042548395e+00 5.104826474390703694e+00 6.926667841899486255e+00 -1.322134304481161100e-02 -2.400411959486746794e-01 8.765281214020370637e-02 9.667069901782729957e-01
9.440506124349179018e+00 5.195914202496598300e+00 7.032665575291227711e+00 -2.362790585499665794e-02 -2.265049064927195377e-01 9.282810579852787680e-02 9.692884979063195461e-01
9.374199348357366901e+00 5.295052098285575326e+00 7.140372038257092768e+00 -3.412052513345940896e-02 -2.115806283629979856e-01 9.817603458603361977e-02 9.718183439815787361e-01
9.315956483099268937e+00 5.379996705353178754e+00 7.245698115430871056e+00 -4.492656789160127950e-02 -1.960920793577929921e-01 1.034337680835950984e-01 9.740795427123226657e-01
9.261504993620107484e+00 5.456552029417773397e+00 7.348455736977728137e+00 -5.597514794472284450e-02 -1.800300606596173802e-01 1.086676066365479115e-01 9.760365317647416994e-01
9.211738622692726253e+00 5.528950901817954566e+00 7.447390432958912676e+00 -6.713718007145702549e-02 -1.632832692052487988e-01 1.137709637798068746e-01 9.776949119486676443e-01
9.165228219093112472e+00 5.594090843628479526e+00 7.539392763797394537e+00 -7.826374907845796980e-02 -1.463385955879183131e-01 1.187451083635342602e-01 9.789583240676144049e-01
9.122984194008289194e+00 5.653754592181708283e+00 7.626078105189626477e+00 -8.935909305579663175e-02 -1.292544569872496052e-01 1.236081403317271787e-01 9.798108314776424743e-01
9.083290754778449383e+00 5.709218750343637794e+00 7.707152623098036059e+00 -1.002898331702320317e-01 -1.121513525636074621e-01 1.283590078617343200e-01 9.802489421476525688e-01
9.046529606485833597e+00 5.759256946405857391e+00 7.781388028437037363e+00 -1.109829191098191253e-01 -9.529134942903913497e-02 1.328815081522861929e-01 9.802779479214199787e-01
9.014499604519055964e+00 5.804145714136086376e+00 7.849807544212722199e+00 -1.213654093826568720e-01 -7.904328535293753122e-02 1.372143794232008329e-01 9.798953059003293609e-01
8.986303723786752684e+00 5.844020490465966056e+00 7.911612479740194104e+00 -1.313436160932143493e-01 -6.351211744317862562e-02 1.414679403470621155e-01 9.791332326621349225e-01
8.960491970982445764e+00 5.879504166617427252e+00 7.966261438332077560e+00 -1.409153244840997132e-01 -4.863630461933570598e-02 1.453926687303536969e-01 9.780789094331713285e-01
8.939830890480557457e+00 5.908027977518204743e+00 8.015977656940204810e+00 -1.501078399475971048e-01 -3.481274542110789072e-02 1.490554924395943170e-01 9.767487749242903528e-01
8.919526984492948785e+00 5.936199442256758552e+00 8.056510293140139112e+00 -1.584756922108585542e-01 -2.212365396387416111e-02 1.528001562259809487e-01 9.752169559492348538e-01
8.904755029493312435e+00 5.956527293552195346e+00 8.090360064242487326e+00 -1.663483475134210632e-01 -1.049786607359905720e-02 1.561739497267315979e-01 9.735644403501020339e-01
8.893222706190288207e+00 5.972417106288002486e+00 8.117575594711322395e+00 -1.735639009242936626e-01 1.879722399374325140e-05 1.592852121399958576e-01 9.718558499778262583e-01
8.886239179010564371e+00 5.984369095661105753e+00 8.137143493327457122e+00 -1.800635202167470694e-01 9.207794588413271281e-03 1.612367204078643534e-01 9.703066861555098566e-01
8.879685447091084427e+00 5.992955265683413302e+00 8.150510616194960534e+00 -1.861478214437259082e-01 1.673131659249193354e-02 1.590043065023558078e-01 9.694259549499082418e-01
8.877382903110218493e+00 5.996813669867872676e+00 8.156247790989608504e+00 -1.914857691204239765e-01 2.318115254211167500e-02 1.570777637086282208e-01 9.685671946434463164e-01
8.874492461840759461e+00 6.002213129605642905e+00 8.164124940557380583e+00 -1.961297744798759513e-01 2.860153171679080328e-02 1.555370259536281718e-01 9.677413381185216990e-01
8.870197020233538510e+00 6.008547912997189044e+00 8.174063201499935261e+00 -2.001051626932546790e-01 3.314859974030660850e-02 1.542356992653375058e-01 9.669904049528595946e-01
8.864811287086922675e+00 6.016703387929227986e+00 8.186110213705289240e+00 -2.032225770253520969e-01 3.670861110518930381e-02 1.532595344131953974e-01 9.663666887726178878e-01
8.858408938361883145e+00 6.026613902592904637e+00 8.200527519602285764e+00 -2.055198188800277936e-01 3.933765497360548757e-02 1.525562119523262705e-01 9.658885831934524990e-01
8.850294300376527090e+00 6.037774576683855088e+00 8.216734772770966089e+00 -2.069614615378738420e-01 4.113273204496230295e-02 1.521009234354080142e-01 9.655777342517384287e-01
8.841256007979502840e+00 6.050168365869815545e+00 8.234990449903701659e+00 -2.074743798625447444e-01 4.197830175977357303e-02 1.519246584793619848e-01 9.654590110553359361e-01
8.831731911545826819e+00 6.064394630321173985e+00 8.255655704219716284e+00 -2.070435903166245872e-01 4.188866573996595510e-02 1.519426759647302394e-01 9.655525436826336572e-01
8.820930827319001466e+00 6.079901617858006979e+00 8.278474850759824477e+00 -2.056442662499456953e-01 4.095839999709082607e-02 1.521534330951098135e-01 9.658582598008735864e-01
8.809328940765919214e+00 6.096443569285033171e+00 8.303069909011028926e+00 -2.032575821840127139e-01 3.912641612123670537e-02 1.526499097445669917e-01 9.663609490770996846e-01
8.796200286787819067e+00 6.114091737185856523e+00 8.329819146731681556e+00 -1.998597007896485700e-01 3.644341083488146504e-02 1.533205479855051234e-01 9.670681399841568604e-01
8.781957475040837124e+00 6.133378217040951874e+00 8.359062786321416638e+00 -1.953941217869474278e-01 3.284736702609073605e-02 1.542731867831761972e-01 9.679576289747005013e-01
8.766870689194780297e+00 6.155332593806402741e+00 8.390301411782282059e+00 -1.899532856745703713e-01 2.746356279351427551e-02 1.514883538387829798e-01 9.696467298100569510e-01
8.750142961053379409e+00 6.179622449057172950e+00 8.423825682741039600e+00 -1.835236485084872637e-01 2.056177035615350951e-02 1.454633921978800704e-01 9.719756609958090099e-01
8.732196258406389688e+00 6.205795336338220558e+00 8.459722432740456100e+00 -1.759313632396395100e-01 1.252641553382778661e-02 1.385906179971235774e-01 9.745172573873135402e-01
8.712813023066212637e+00 6.233533207806604359e+00 8.496829279504895638e+00 -1.673020950537317808e-01 3.528467394584456230e-03 1.308489203780490717e-01 9.771776291669680425e-01
8.692739878591833502e+00 6.264372382430297037e+00 8.536820146825075284e+00 -1.576591776595731020e-01 -6.436258342982271313e-03 1.222275910049675507e-01 9.798788569386380765e-01
8.671445527868693048e+00 6.296036827953616744e+00 8.578400288919647565e+00 -1.471601969437795476e-01 -1.710013832969916811e-02 1.129076055357555591e-01 9.824985161906125697e-01
8.649060067486042058e+00 6.328623617686983671e+00 8.622101338822215411e+00 -1.358476191169516734e-01 -2.834640935346739374e-02 1.028881581989304767e-01 9.849649396600130835e-01
8.626011735196453145e+00 6.362773326661876006e+00 8.667994591461408049e+00 -1.239204350012961947e-01 -4.027129476632667487e-02 9.238483718737140749e-02 9.871610762508802317e-01
8.602204613116251508e+00 6.399742046201603252e+00 8.716643564015628343e+00 -1.112967544247141505e-01 -5.274382084040025315e-02 8.134900986063972605e-02 9.890467432899086031e-01
8.577002712849552069e+00 6.437448606458744393e+00 8.767937759343077175e+00 -9.834847980745727025e-02 -6.540937336096673549e-02 6.984143642302699517e-02 9.905409452185488517e-01
8.551546943801934475e+00 6.477305729668417555e+00 8.821430397005510571e+00 -8.501738731241006986e-02 -7.830905374546232034e-02 5.795241783665300295e-02 9.916053918888037000e-01
8.524829924066960274e+00 6.517713650476523846e+00 8.876248756738354118e+00 -7.147184525120736653e-02 -9.132383661023572852e-02 4.584137593258258425e-02 9.921946887863200004e-01
8.496736531034642326e+00 6.559870400262920676e+00 8.934226844258457589e+00 -5.778469749075255957e-02 -1.042960336230434049e-01 3.355338101697590697e-02 9.922990661734660822e-01
8.468506459257772789e+00 6.604474778847174932e+00 8.995479760079184928e+00 -4.406303481471292999e-02 -1.172485213149835059e-01 2.116689599652595011e-02 9.918987830047175658e-01
8.438779522029189906e+00 6.650449823836428465e+00 9.058844738155814369e+00 -3.041699449565236912e-02 -1.299028659403256847e-01 8.724071993316304119e-03 9.910216659761766911e-01
8.406986630415147488e+00 6.697130547805242529e+00 9.123562352474223758e+00 -1.711933917362832083e-02 -1.420665222523199989e-01 -3.790348945062182399e-03 9.897018059679714153e-01
8.375461623326440730e+00 6.744886024674847214e+00 9.191372998828775565e+00 -4.136669743805040933e-03 -1.539887018972043442e-01 -1.606216592823835748e-02 9.879333856476045783e-01
8.342703195685917450e+00 6.794766555746799774e+00 9.263050917056537159e+00 8.456581265920727619e-03 -1.652592011216189594e-01 -2.807602836828686915e-02 9.858141910669578900e-01
8.308324288928046641e+00 6.845312374970204949e+00 9.336292702511121533e+00 2.042999778797054827e-02 -1.759501114759651208e-01 -3.969891623675560893e-02 9.833860734785734303e-01
8.273843689907964816e+00 6.897698847773590103e+00 9.411418947267577551e+00 3.185079576258369877e-02 -1.859917405057033013e-01 -5.092720652675385151e-02 9.807135254029745175e-01
8.238195070140566401e+00 6.950584126458602796e+00 9.490270160644058706e+00 4.231523427993574143e-02 -1.951086524419587687e-01 -6.171897121123023217e-02 9.779226980097887045e-01
8.200269353202701339e+00 7.006027516376412301e+00 9.571943985726759863e+00 5.201047518132413672e-02 -2.033210843854956762e-01 -7.188549694443976956e-02 9.750835463921899704e-01
8.161198740236756066e+00 7.057500913003569742e+00 9.654949908883478926e+00 5.336810728140876925e-02 -2.124726181432851080e-01 -6.632002156232597034e-02 9.734520462788656125e-01
8.118883509680120625e+00 7.111204542064903045e+00 9.741054237367007929e+00 5.468089300632566346e-02 -2.206573636713663189e-01 -6.121538116853523365e-02 9.718914573685809577e-01
8.079881085399122753e+00 7.164109167225140240e+00 9.833529223005161413e+00 5.579640251396887629e-02 -2.278072130451483379e-01 -5.706638607139217362e-02 9.704298340075145912e-01
8.033479215340419088e+00 7.220992223126568632e+00 9.924788624569181650e+00 5.642858127409523805e-02 -2.333460794736116617e-01 -5.346889805615728103e-02 9.692814345433158341e-01
7.989475868558514549e+00 7.277472810975975648e+00 1.002062320817445418e+01 5.711617365357627568e-02 -2.377541152838128224e-01 -5.085037344694919720e-02 9.683103649621291886e-01
7.944379001710660582e+00 7.335756879223940707e+00 1.011867041197808526e+01 5.762942697345079662e-02 -2.408409366236575755e-01 -4.899201735125868762e-02 9.676126676665643966e-01
7.898007319049201058e+00 7.396173906663802811e+00 1.021887683317141970e+01 5.795017589545801290e-02 -2.425385134735602299e-01 -4.804810515325962789e-02 9.672167420939852267e-01
7.854072293429433138e+00 7.451690755038995029e+00 1.031168595150086631e+01 5.797045973711630745e-02 -2.426955852178823980e-01 -4.799204513631138980e-02 9.671789091565485830e-01
7.814263925648631925e+00 7.502267057734910871e+00 1.039772620220044885e+01 5.777999449800148152e-02 -2.413837332132759139e-01 -4.881064186013657491e-02 9.674775898267796714e-01
7.777421515044345313e+00 7.548741562652371506e+00 1.047625191102868492e+01 5.727804590023421322e-02 -2.385503800977219757e-01 -5.055056184096793498e-02 9.681206445018336604e-01
7.744303696901694067e+00 7.590708428068316138e+00 1.054835547321753708e+01 5.666809941859880795e-02 -2.342343526640430496e-01 -5.332190673635698458e-02 9.690612822739024246e-01
7.714162749200102809e+00 7.628307010473744043e+00 1.061187922344164392e+01 5.585652512584010632e-02 -2.283832171594359084e-01 -5.688687677822855393e-02 9.703015191017640984e-01
7.688237421499135138e+00 7.661287870571592329e+00 1.066986631694986976e+01 5.478735669005545955e-02 -2.210933729837483153e-01 -6.136898942032333742e-02 9.717766786186599060e-01
7.664598149612832145e+00 7.690319082558493058e+00 1.071977812144414344e+01 5.344486427341547941e-02 -2.121843688185982846e-01 -6.678891858145495630e-02 9.734786492094056332e-01
7.644953944865100937e+00 7.714902304826040336e+00 1.076240528154054310e+01 4.836273925032393006e-02 -2.027219079893320119e-01 -7.383532457018901485e-02 9.752503362311570889e-01
7.629603483087629812e+00 7.734717910771090388e+00 1.079802434047832094e+01 4.160009277188462390e-02 -1.920799816276466121e-01 -8.198791479818515193e-02 9.770633013097663744e-01
7.617079011010100764e+00 7.751363969703650270e+00 1.082533828749475902e+01 3.356804819184248945e-02 -1.801502774167975107e-01 -9.108200899298075914e-02 9.788376429853132832e-01
7.608790151776090305e+00 7.764233041860962636e+00 1.084607174596354184e+01 2.410760401486199481e-02 -1.669874129346506642e-01 -1.009581483361420146e-01 9.804802290890891614e-01
7.603770932703088903e+00 7.771504692815989657e+00 1.085941932253392039e+01 1.301138934430299751e-02 -1.527211120643098274e-01 -1.113451429938375065e-01 9.818906379067138257e-01
7.601557984283806135e+00 7.773102894555597331e+00 1.086444498016664895e+01 -1.366069693282509446e-03 -1.373237688299289161e-01 -1.119200486441455228e-01 9.841820050577178014e-01
7.596233496064497714e+00 7.775905346097217397e+00 1.087618350507181297e+01 -1.824441269712438057e-02 -1.207364469471746277e-01 -1.040606122422730873e-01 9.870467267377328602e-01
7.587949967780668104e+00 7.781721525704103470e+00 1.089453488902688072e+01 -3.643316558769749136e-02 -1.029191599963410475e-01 -9.507704325748626839e-02 9.894648183721951318e-01
7.576760699043105340e+00 7.791229766159348813e+00 1.091933920633335831e+01 -5.576832487969652502e-02 -8.406608020745404142e-02 -8.510526591014275222e-02 9.912516743052848245e-01
7.562642810255045589e+00 7.804254019700168854e+00 1.095087310877765141e+01 -7.608664035176264384e-02 -6.433887433924241617e-02 -7.441631808026752393e-02 9.922366371043336297e-01
7.545796000719191987e+00 7.820536232478374927e+00 1.098840999954901498e+01 -9.691946817644590817e-02 -4.415896005716786477e-02 -6.281294748785939963e-02 9.923261240957792495e-01
7.526334412754314585e+00 7.840775961227493873e+00 1.103197200788576637e+01 -1.180130640614346360e-01 -2.396139720939428897e-02 -5.051151454638447280e-02 9.914370151718342461e-01
7.503933058331811345e+00 7.864147084045080227e+00 1.108358179609932748e+01 -1.395128430576366707e-01 -3.521067388189122460e-03 -3.773232212735384838e-02 9.894948411049452330e-01
7.479018213128478365e+00 7.892145310339413911e+00 1.113981556809965667e+01 -1.607082762602685677e-01 1.645223676684052713e-02 -2.462516027848174818e-02 9.865575377686190972e-01
7.451471862127775125e+00 7.922305312472285976e+00 1.120328785883855716e+01 -1.817859471702424623e-01 3.595528891717952868e-02 -1.107824235272752630e-02 9.826181146084547180e-01
7.421114416967283134e+00 7.956750580327867972e+00 1.127259569088385938e+01 -2.022261761352722453e-01 5.454538102216805601e-02 2.720575322714521155e-03 9.778148973935537613e-01
7.387603749609360726e+00 7.995210663104388438e+00 1.134791408690955450e+01 -2.218878963028749207e-01 7.207606731154142521e-02 1.656135985199722743e-02 9.722636079557022137e-01
7.354224306407189715e+00 8.034909260355794558e+00 1.142272025721588413e+01 -2.404805430685474921e-01 8.803198274444688776e-02 3.014067482451253041e-02 9.661837393273916552e-01
7.319102707325501278e+00 8.075088186803919044e+00 1.150285666693598685e+01 -2.583185277655128953e-01 1.027096746332304966e-01 4.411416508428271654e-02 9.595708422981132912e-01
7.283291111164698961e+00 8.117343332437185310e+00 1.158254353220708310e+01 -2.744942749308320051e-01 1.152383861431259121e-01 5.741096207655569522e-02 9.529307366344991204e-01
7.245590451627399453e+00 8.160436296213667617e+00 1.166665748180063389e+01 -2.895434187772358281e-01 1.258891810639793662e-01 7.076513228188816007e-02 9.462075981448034856e-01
7.207126357199422628e+00 8.205343215168909410e+00 1.175237255462506702e+01 -3.028981428733257819e-01 1.341076344746843785e-01 8.355566537316082287e-02 9.398331278495898333e-01
7.167108144907247791e+00 8.251945955643847697e+00 1.183973897510607109e+01 -3.144004464842756197e-01 1.397356765175009063e-01 9.574481039910309743e-02 9.340552613418140471e-01
7.125478901300699164e+00 8.298980583736470962e+00 1.192980646305558068e+01 -3.241752877667227750e-01 1.428529860372197979e-01 1.076488077689248535e-01 9.289322587613919602e-01
7.082382073595962169e+00 8.348478685611887329e+00 1.202091221548509736e+01 -3.317218698948440347e-01 1.426368580313346901e-01 1.184090099812250690e-01 9.249835858650051756e-01
7.037343491818652375e+00 8.398328661561858866e+00 1.211396154616143406e+01 -3.371463184933960466e-01 1.394547522226081138e-01 1.287649686518085868e-01 9.221194688634328784e-01
6.991188425398340733e+00 8.449814736500078638e+00 1.220951682247207160e+01 -3.403533344635831237e-01 1.325967785291356227e-01 1.377868627018122571e-01 9.206478602104104514e-01
6.943449619701624442e+00 8.502690464732534537e+00 1.230457257456544795e+01 -3.422012974685481046e-01 1.201787510867415865e-01 1.398028684254193632e-01 9.213633907303341308e-01
6.893728277115587666e+00 8.559635041783927534e+00 1.240411024127001482e+01 -3.416591922713572149e-01 1.050359845683011689e-01 1.413935769625387917e-01 9.231707830493716127e-01
6.843401471327799968e+00 8.616005478281167029e+00 1.250467679041436142e+01 -3.388786736181542691e-01 8.780913841209023185e-02 1.437657701411411970e-01 9.256253038426787150e-01
6.792288105765083905e+00 8.672050181544213032e+00 1.260660007602949051e+01 -3.339561944113028091e-01 6.883565108212978678e-02 1.469733652432286819e-01 9.285115741139149392e-01
6.739008392669779468e+00 8.732051194573621444e+00 1.271103385466976476e+01 -3.269819464573218704e-01 4.814096397988974069e-02 1.500472219734901858e-01 9.317999170723865188e-01
6.684599119885401564e+00 8.792118009760461206e+00 1.281813337937416364e+01 -3.183435332367972048e-01 2.617427089189113334e-02 1.540432786723338054e-01 9.350096099428432117e-01
6.629977907095257805e+00 8.852997890350245314e+00 1.292692413250425076e+01 -3.082986762568555861e-01 3.307303529199908006e-03 1.589375652351789903e-01 9.379124896912023335e-01
6.573930670409220411e+00 8.917065434977663685e+00 1.303824611909774589e+01 -2.968197253382930945e-01 -2.046591317115808648e-02 1.642242805608259137e-01 9.404836961491943592e-01
6.517687609150186745e+00 8.979713840764166122e+00 1.315092135738755452e+01 -2.844485801376349654e-01 -4.475564816663119699e-02 1.706169978754373262e-01 9.423246665830420365e-01
6.460349734589930115e+00 9.044693795427097172e+00 1.326740677901122645e+01 -2.714642402196099091e-01 -6.944087328825768179e-02 1.776166468895552797e-01 9.433649655073402807e-01
6.402386728134690230e+00 9.112914068424686320e+00 1.338568030944457021e+01 -2.578436245486036005e-01 -9.438788885135364348e-02 1.853248725317274415e-01 9.435371128572116461e-01
6.342600495101519797e+00 9.180234769670299499e+00 1.350578255813130824e+01 -2.442939364308010231e-01 -1.188901061826523747e-01 1.938266457984069713e-01 9.426647583598107838e-01
6.282276157308265496e+00 9.250769900798932355e+00 1.362779706843787508e+01 -2.304522818358694380e-01 -1.437777809146698615e-01 2.002973612189329899e-01 9.413291999086327300e-01
6.220846555275548084e+00 9.324075816365844815e+00 1.375374887661613243e+01 -2.157868844634760197e-01 -1.695078570563951503e-01 2.014120766331075896e-01 9.402852132603354285e-01
6.157952355202926498e+00 9.400181791123262798e+00 1.388178548733905515e+01 -2.010175823969131415e-01 -1.943368121897881551e-01 2.020961209746479914e-01 9.386065698055877649e-01
6.094961722459903086e+00 9.475111364130340164e+00 1.401234046451887494e+01 -1.868169783600136247e-01 -2.181249640187777339e-01 2.027303113512567978e-01 9.361737752830207038e-01
6.031767611001441765e+00 9.553219732602006076e+00 1.414879141979769628e+01 -1.730558992255921136e-01 -2.405715715945818123e-01 2.031959542415595343e-01 9.332140048582622249e-01
5.965224443237192808e+00 9.632235203967454140e+00 1.428559803107727966e+01 -1.599133158774424524e-01 -2.611833675625104823e-01 2.035420832936629676e-01 9.299363420375953426e-01
5.897857776488879544e+00 9.713159772998134045e+00 1.442420191123996176e+01 -1.477840532331057277e-01 -2.798926567724179804e-01 2.037035142993489645e-01 9.264582303358134263e-01
5.830718087892428514e+00 9.793741513323000802e+00 1.456858341939504342e+01 -1.368270189272552118e-01 -2.965671937183408380e-01 2.040591786588306367e-01 9.228684186310593951e-01
5.760117836439331285e+00 9.877209706583988336e+00 1.471405780497391902e+01 -1.268593928170986540e-01 -3.112432056744487419e-01 2.044522012364518304e-01 9.193659003819640851e-01
5.688218987367509527e+00 9.965600466922811762e+00 1.486488650174822013e+01 -1.180198631568997597e-01 -3.238657361959192404e-01 2.050305848489124005e-01 9.160484463690853341e-01
5.617207401764538588e+00 1.004926029890017070e+01 1.501135398053587622e+01 -1.100505041776389109e-01 -3.349195080223319465e-01 2.053417385565836917e-01 9.129910076681404529e-01
5.542214999417978127e+00 1.013823984368467279e+01 1.516266061604302529e+01 -1.030924131619339462e-01 -3.441635683939159307e-01 2.059065574319704217e-01 9.102339711004694411e-01
5.467625447144971673e+00 1.023001626412337473e+01 1.531724347615070592e+01 -9.688386604316848172e-02 -3.519365960348163624e-01 2.065543630362793037e-01 9.077937232558026537e-01
5.388829955232084856e+00 1.032537331619994703e+01 1.547778568215607287e+01 -9.142733224652478674e-02 -3.582560223470593330e-01 2.072165221479483344e-01 9.057344965933757930e-01
5.312448524041937681e+00 1.041911555467887851e+01 1.563476358448345138e+01 -8.655089372446506113e-02 -3.633509110692960120e-01 2.077094295625813714e-01 9.040696052248389236e-01
5.231977798868895135e+00 1.051777842412496611e+01 1.580016352205046815e+01 -8.230760297824235572e-02 -3.672051427289025893e-01 2.081572564207944120e-01 9.028047398218455033e-01
5.148930827352919515e+00 1.062194197028186160e+01 1.597343317262718010e+01 -7.851808974289667398e-02 -3.700004570401994042e-01 2.086716758015615403e-01 9.018817567127844770e-01
5.071307296216031268e+00 1.071829203082283755e+01 1.613680910276122660e+01 -7.512625125465038911e-02 -3.718275785119828925e-01 2.087110103300131858e-01 9.014100134774206685e-01
4.989166740619606522e+00 1.082284624805696360e+01 1.631027431060075017e+01 -7.201513992526480112e-02 -3.727535938757225997e-01 2.088566685083927121e-01 9.012477294805534278e-01
4.899220142276982770e+00 1.093250568529368749e+01 1.649509443865019165e+01 -6.908167405594867194e-02 -3.727686075800593080e-01 2.088405250807036928e-01 9.014748596585860918e-01
4.818652473790089985e+00 1.103491131386308766e+01 1.666704058514189768e+01 -6.640931562686415435e-02 -3.723042768748945908e-01 2.083212236680754836e-01 9.019875808391539795e-01
4.733825392287519307e+00 1.114413340486416359e+01 1.684955912106687492e+01 -6.367467838581482298e-02 -3.711055138485411242e-01 2.075827188214431351e-01 9.028486294891137076e-01
4.646936717854930343e+00 1.125539305045582950e+01 1.703479198109846848e+01 -6.093684896808503060e-02 -3.693735348551342446e-01 2.066458087038620106e-01 9.039620577942365509e-01
4.557000343400244624e+00 1.136981768473520660e+01 1.722299373048860360e+01 -5.802554168709171678e-02 -3.671756072233258728e-01 2.053350711316810351e-01 9.053466841688044831e-01
4.471416449513582414e+00 1.148304737406065534e+01 1.741576801614178649e+01 -5.492740015859040592e-02 -3.648431788430463452e-01 2.035140236212623632e-01 9.068927597864057111e-01
4.380581347565319916e+00 1.159914393292052459e+01 1.760904192387721068e+01 -5.152466383883279322e-02 -3.621228891641323222e-01 2.013719374147201757e-01 9.086592127863772905e-01
4.287504949768870866e+00 1.171548117756525365e+01 1.780338153606294682e+01 -4.768793333719825028e-02 -3.591812832493395113e-01 1.987110515401151467e-01 9.106198903896216557e-01
4.194142821567279356e+00 1.183498412339796246e+01 1.799861678256489483e+01 -4.336951812047335625e-02 -3.561721206544317675e-01 1.955763735826478722e-01 9.126940272965433643e-01
4.096922709997670609e+00 1.195550057967122015e+01 1.819273050851301932e+01 -3.866816632138288939e-02 -3.531248772740480102e-01 1.920073383034004710e-01 9.148446731555986977e-01
4.001470613657884812e+00 1.207379573169787967e+01 1.838882973120791320e+01 -3.360970209063574021e-02 -3.503549398794896796e-01 1.879513338726709337e-01 9.169493443603642380e-01
3.903972014779688138e+00 1.219376098083726490e+01 1.858413329154840454e+01 -2.814143843732880637e-02 -3.475457511213985717e-01 1.834778661804153110e-01 9.191060237763772900e-01
3.817372229586739607e+00 1.231172360019860790e+01 1.877907077046450013e+01 -2.266287063403766774e-02 -3.454439468743177866e-01 1.787360968146531892e-01 9.209822373737625023e-01
3.725098174073526280e+00 1.242866667215286824e+01 1.897405306256598934e+01 -1.688290271516565411e-02 -3.435029060372191689e-01 1.738093230150435653e-01 9.227735585575412847e-01
3.638065420473661327e+00 1.254434441753896934e+01 1.916024508565977413e+01 -1.086217939886674824e-02 -3.421304885928558304e-01 1.684922404426758835e-01 9.243587543505649151e-01
3.552333549078232622e+00 1.265490834506496576e+01 1.934341159097241558e+01 -4.854597697492886790e-03 -3.412613897230452054e-01 1.630141993535624279e-01 9.257124108353568248e-01
3.466241811762303726e+00 1.276698121012902476e+01 1.952197076283487576e+01 1.156035520116455249e-03 -3.410832196262844618e-01 1.575260974009212722e-01 9.267396773144438438e-01
3.385621783878987046e+00 1.287256469514099777e+01 1.970706571396522833e+01 7.012441479570083631e-03 -3.416870452836405780e-01 1.517668603457853482e-01 9.274522137827986290e-01
3.304544807472947987e+00 1.297443488701677694e+01 1.988546782438428906e+01 1.265881775793216250e-02 -3.431713123088350748e-01 1.460787086440275551e-01 9.277576276280873335e-01
3.220398828176772810e+00 1.307411348937561435e+01 2.005703799769967333e+01 1.821363523277741078e-02 -3.454987116570326644e-01 1.403084391571574885e-01 9.276919993382611862e-01
3.138159643823352773e+00 1.317388839984404214e+01 2.022684880920050432e+01 2.358073115409676374e-02 -3.488937347569092129e-01 1.344659579287518780e-01 9.271655823659100681e-01
3.056519228525204745e+00 1.326791164678158097e+01 2.039100681109703217e+01 2.840953727489355443e-02 -3.531736058459132854e-01 1.289089643952909814e-01 9.261985646847848974e-01
2.975312412887988422e+00 1.336362716953180829e+01 2.055676107285954402e+01 3.309476703585294277e-02 -3.589722772565263065e-01 1.234575104042234250e-01 9.245549652026631149e-01
2.897758768740006374e+00 1.345756955208910455e+01 2.073139786964013354e+01 3.713655514113771428e-02 -3.663743536494525332e-01 1.181859608565020425e-01 9.221837061652199408e-01
2.817053066537508421e+00 1.356011854506497905e+01 2.091335193987463015e+01 4.088198759244584396e-02 -3.749336096893219339e-01 1.130414258567247199e-01 9.192252648051537633e-01
2.732192621571006619e+00 1.366607011540356353e+01 2.110066706602759368e+01 4.402563914869970368e-02 -3.849806515082206948e-01 1.081719179732373304e-01 9.155055855776336182e-01
2.642315101791053777e+00 1.377537008287193743e+01 2.129183379082804706e+01 4.648636011539872964e-02 -3.966288680552561008e-01 1.036692060546721139e-01 9.109211025464399869e-01
2.549762552601204213e+00 1.388659023864675746e+01 2.149207474015738839e+01 4.825309758205961752e-02 -4.100210599023420555e-01 9.953731469554624733e-02 9.053434110841566129e-01
2.456940457700147462e+00 1.399862320509467395e+01 2.169679423648817718e+01 4.920607155282685080e-02 -4.249908816379843746e-01 9.575025118777806543e-02 8.987732764409410713e-01
2.360276136350274001e+00 1.411418949037540393e+01 2.190611997795246424e+01 4.958438197339912895e-02 -4.413616883710436145e-01 9.228824778551555919e-02 8.911925316244841966e-01
2.263224735699390422e+00 1.423328058119477824e+01 2.212170700497843612e+01 4.931799140275514720e-02 -4.588652979292376366e-01 8.924884195113926000e-02 8.826352691178223075e-01
2.163738048399817870e+00 1.435541493389976964e+01 2.234353817074319792e+01 4.852867161651595179e-02 -4.771835293639677400e-01 8.640765854966166171e-02 8.731978950265791850e-01
2.060233728572205436e+00 1.447965779325437019e+01 2.256947656643609790e+01 4.717595678782144503e-02 -4.961295117237484176e-01 8.403929684448080417e-02 8.628831515818314868e-01
1.952893940467648193e+00 1.460944198530709670e+01 2.280211888585358082e+01 4.530884079061162084e-02 -5.154313655854588783e-01 8.215424645887359212e-02 8.517794879578252099e-01
1.844319785106096177e+00 1.473687767845282082e+01 2.303860994445101795e+01 3.971490561167959066e-02 -5.349882632000065863e-01 8.554311147770585211e-02 8.395788590651915850e-01
1.738599953548314758e+00 1.487074412119849676e+01 2.328228302197719302e+01 3.414791174849461652e-02 -5.542909581147884568e-01 8.855851763539572541e-02 8.268934894105941513e-01
1.629139191129091557e+00 1.499381271982671215e+01 2.351221260710276795e+01 2.852071597580200374e-02 -5.729022955335378864e-01 9.074159218288870010e-02 8.140856785257585271e-01
1.520288968192414103e+00 1.512073390342776058e+01 2.374676594279979369e+01 2.326609164227744220e-02 -5.907515128593179288e-01 9.223932622752054056e-02 8.012260890230756827e-01
1.412521530048415741e+00 1.524822206769560395e+01 2.398020964262915200e+01 1.839967625438903437e-02 -6.078589724738308053e-01 9.347179835562170747e-02 7.883095485968428795e-01
1.307347680378086352e+00 1.537550563445316953e+01 2.421405399186471641e+01 1.400510135123041872e-02 -6.238267498216670814e-01 9.420564716494948809e-02 7.757379321557701379e-01
1.205373385560836397e+00 1.550557844932964180e+01 2.445141708450439211e+01 1.006360601877038900e-02 -6.384508951177523262e-01 9.466079657017170690e-02 7.637529128912965426e-01
1.096335010473289628e+00 1.562978020438752225e+01 2.467935037036441770e+01 6.795105517575055799e-03 -6.516570284576835848e-01 9.487131917672309012e-02 7.525266617206165520e-01
9.947978350320134666e-01 1.575454880550233305e+01 2.491360463829128591e+01 4.045239633820345987e-03 -6.633868369688944444e-01 9.495876107976711222e-02 7.422158542276674487e-01
8.917368566027406018e-01 1.587737931296806160e+01 2.514899193817254286e+01 1.984237480973948843e-03 -6.734488783458726369e-01 9.495987515291927361e-02 7.331066042310949715e-01
7.847145274306264184e-01 1.600194936640258803e+01 2.538172274624956870e+01 5.503264216854489993e-04 -6.815309883342365316e-01 9.508355018878593412e-02 7.255855067216303578e-01
6.773107412996637322e-01 1.612541638788282583e+01 2.561211166153020358e+01 -2.175659626177857159e-04 -6.876463596329619454e-01 9.539056221816577530e-02 7.197520943965980411e-01
5.712555417164253413e-01 1.624857227305120944e+01 2.584145363895542502e+01 -3.266477068845755104e-04 -6.915719234115377256e-01 9.595129769384623530e-02 7.159060807962235318e-01
4.663624055844053373e-01 1.637035267811907957e+01 2.607389523327582381e+01 2.048243995666156503e-04 -6.934354093613720460e-01 9.691201226339989094e-02 7.139715351257713838e-01
3.595999360083617091e-01 1.648931322055245019e+01 2.630492072626201505e+01 -2.131021765362917878e-03 -6.925799715011322633e-01 1.014788134107448281e-01 7.141641913807172948e-01
2.503277985514245074e-01 1.661140138060083515e+01 2.653174089186819984e+01 -4.107229200696844995e-03 -6.894045960895254233e-01 1.067086147467214696e-01 7.164619355539882939e-01
1.419059275722425184e-01 1.673263788988554523e+01 2.676015183256247099e+01 -5.718936284032001896e-03 -6.840152365197581519e-01 1.122281620202144614e-01 7.207602164563212677e-01
3.262321648855959211e-02 1.685267211722773695e+01 2.698823628392815266e+01 -7.059308326457837575e-03 -6.769557154748194749e-01 1.181689312127321007e-01 7.264414836364784245e-01
-7.406750576613063686e-02  1.697745727372029378e+01  2.722119536628824576e+01 -8.085533232892475053e-03 -6.683086684221161144e-01 1.247118533291083353e-01 7.333110537169182930e-01
-1.790344308694216124e-01  1.709295823477473419e+01  2.744525459593107897e+01 -8.794784132350432632e-03 -6.579465028374841262e-01 1.309019173009053627e-01 7.415482042476650992e-01
-2.878943136371567846e-01  1.721562345383445347e+01  2.767058921969888274e+01 -9.211669198853709994e-03 -6.461499826436530869e-01 1.373867794420331467e-01 7.506864977570357755e-01
-3.986851790219354541e-01  1.733636610888627061e+01  2.789754311274285925e+01 -9.422305243309076622e-03 -6.332878966879611493e-01 1.439236350526967578e-01 7.603575786073670795e-01
-5.105368184339447168e-01  1.745942421634976682e+01  2.811901984450463132e+01 -9.398618805335861442e-03 -6.192714087994372063e-01 1.503665866731867529e-01 7.705870994380631389e-01
-6.179967649087600989e-01  1.757550571196706457e+01  2.832601270476098776e+01 -9.279239537077344294e-03 -6.042809695269556469e-01 1.567745736549514268e-01 7.811402810228674776e-01
-7.266606493242981912e-01  1.769575767619359752e+01  2.856075757030448159e+01 -9.065136269453571982e-03 -5.892424619995675350e-01 1.627311487715372151e-01 7.913467744930791081e-01
-8.343597036400929312e-01  1.781167162706451634e+01  2.878293899942807599e+01 -8.651951346341828220e-03 -5.737296479369478064e-01 1.684846125294000574e-01 8.014813598311968379e-01
-9.410423812089590001e-01  1.793095643362848080e+01  2.900655570973674813e+01 -8.161963207212689225e-03 -5.581862514595601343e-01 1.739128525721491125e-01 8.112433733155217652e-01
-1.048269258322754638e+00  1.805137415862979822e+01  2.923391155994050550e+01 -7.648295096809100933e-03 -5.433970332958582006e-01 1.793295103326896234e-01 8.200622503878652880e-01
-1.155200998769004173e+00  1.817010465302554678e+01  2.946731758934583922e+01 -7.272455654940126156e-03 -5.287447198675291338e-01 1.838874094117191327e-01 8.285900996637612925e-01
-1.264827502746125987e+00  1.828852219440474158e+01  2.970210329091190715e+01 -6.744960351707323352e-03 -5.149378664259144367e-01 1.878430863378559024e-01 8.363662320692114571e-01
-1.378301935977255255e+00  1.841131401290770953e+01  2.992580664761834797e+01 -5.728521544872069646e-03 -5.018152808621060279e-01 1.908116153859748809e-01 8.436465701749699120e-01
-1.486162319083293326e+00  1.853320674148232783e+01  3.016953425275247014e+01 -5.297668509309972837e-03 -4.908278073978722400e-01 1.936794417238475452e-01 8.494399755408863495e-01
-1.595796208423140072e+00  1.865606510171681265e+01  3.040543439221020350e+01 -4.934459280599263857e-03 -4.813026679442611866e-01 1.956989940469475719e-01 8.544151781601010409e-01
-1.704002857194909737e+00  1.878140941705968814e+01  3.064056880228443092e+01 -4.242386951597467391e-03 -4.740665384647768099e-01 1.968603609707841873e-01 8.581893249973632232e-01
-1.813483820916992784e+00  1.890720364544147003e+01  3.087757251384221036e+01 -3.786234319624732364e-03 -4.691112736732618305e-01 1.976313007718541181e-01 8.607334931891241769e-01
-1.922539356028664770e+00  1.903355418015463485e+01  3.111607106481553231e+01 -3.157813865727928347e-03 -4.662438289576266159e-01 1.973682569258341790e-01 8.623528809765633740e-01
-2.028332770693383580e+00  1.915852622138183392e+01  3.135321102922166148e+01 -2.803204703658758110e-03 -4.655171815119134027e-01 1.964686603858861458e-01 8.629518881413779097e-01
-2.141476252799169089e+00  1.928892876889979391e+01  3.159552890607496067e+01 -2.405590070678224109e-03 -4.660405227597446132e-01 1.950777538547524281e-01 8.629861610902115343e-01
-2.248403882305840540e+00  1.941508343150967875e+01  3.182937247804078851e+01 -1.976303893495372742e-03 -4.682858353848443622e-01 1.931490023068563322e-01 8.622052734173604183e-01
-2.351957940173674544e+00  1.953664973520050552e+01  3.205834682853114259e+01 -1.768272955179107236e-03 -4.717441647613078715e-01 1.908569043464053983e-01 8.608298079688685434e-01
-2.451573819656386988e+00  1.965521068760290646e+01  3.228086218283871034e+01 -1.695284113135418595e-03 -4.761350302750463337e-01 1.881835107144961272e-01 8.589991415897478833e-01
-2.544664332578173926e+00  1.976801686646135892e+01  3.249768452524532591e+01 -1.824531882011106842e-03 -4.815643522244729136e-01 1.854387219884761073e-01 8.565657745540129486e-01
-2.640934723123406158e+00  1.988121084310428799e+01  3.270961877736627343e+01 -1.982145685857937979e-03 -4.870390195460720384e-01 1.822906720921400603e-01 8.541423624936752557e-01
-2.730782434274466652e+00  1.999043327184006102e+01  3.291378076481001358e+01 -1.988191097988462226e-03 -4.928949692671060756e-01 1.791473400826705531e-01 8.514439658066997874e-01
-2.816944289052525363e+00  2.009629539378417817e+01  3.311207575594890784e+01 -2.268359168715206910e-03 -4.987788910047080138e-01 1.760676795342755174e-01 8.486546085765463987e-01
-2.900587977287127472e+00  2.019886112340658002e+01  3.330388792371979889e+01 -2.612440143848612437e-03 -5.043818555916389501e-01 1.729847120052974419e-01 8.459718720612845466e-01
-2.979726029184028846e+00  2.029687678805425222e+01  3.348787347342083365e+01 -2.661976299083981031e-03 -5.099914140481399683e-01 1.701170565585825578e-01 8.431855421834543174e-01
-3.059094432529320784e+00  2.039381499592780500e+01  3.366999692034037395e+01 -3.220821138946635461e-03 -5.142968115411676866e-01 1.673587583445856897e-01 8.411179833739963474e-01
-3.135019257054313613e+00  2.048682216106855591e+01  3.384445523536209066e+01 -3.729560489539685084e-03 -5.179051334416734376e-01 1.649327152921520045e-01 8.393792721765739318e-01
-3.207217362067819266e+00  2.057581041503443231e+01  3.401308625826440846e+01 -4.360176698577382902e-03 -5.204460304634495049e-01 1.629443201166309307e-01 8.381921419195746958e-01
-3.276631768533903255e+00  2.066158597815244491e+01  3.417544532651788103e+01 -5.006398001184310040e-03 -5.216345812944680471e-01 1.614289998353748701e-01 8.377427872497316130e-01
-3.343397799631148359e+00  2.074381550401355412e+01  3.433208653998836724e+01 -5.533180443825978095e-03 -5.212976558978625885e-01 1.604424745801583119e-01 8.381386223174331906e-01
-3.407030612887876231e+00  2.082254176879018104e+01  3.448302781964416397e+01 -6.254827674548201280e-03 -5.192430634676149515e-01 1.601851346909663742e-01 8.394571107540663712e-01
-3.466924418867346702e+00  2.089683744291123091e+01  3.462626035759188881e+01 -6.726969774019568235e-03 -5.154548460141714639e-01 1.607739884471755532e-01 8.416726051363165872e-01
-3.526530142075044338e+00  2.096966546168536993e+01  3.476766093996271678e+01 -7.854127030535344028e-03 -5.088263272905528822e-01 1.618385060548188648e-01 8.454835180549290508e-01
-3.582967662996940916e+00  2.103759919478855522e+01  3.490156867225646664e+01 -8.917997763347290316e-03 -5.004055959711728452e-01 1.638088277182332408e-01 8.501066855390602139e-01
-3.636250201585561115e+00  2.110226171413907537e+01  3.502970216318273344e+01 -1.002257313267403485e-02 -4.899470519258992129e-01 1.663893321961892047e-01 8.556670055975201805e-01
-3.686874538159122139e+00  2.116380110266688064e+01  3.515189391412447861e+01 -1.121231012031677181e-02 -4.776537419814776975e-01 1.696092128832371870e-01 8.619477372660052650e-01
-3.725908949267862980e+00  2.121479901088994424e+01  3.525497731279320135e+01 -1.239561151548339117e-02 -4.635708714849648970e-01 1.732589702688168698e-01 8.688669202744553344e-01
-3.780822892045648587e+00  2.127691444501802565e+01  3.537819830410131772e+01 -1.364101048760468608e-02 -4.479801498268790039e-01 1.774485877047347060e-01 8.761505047168319793e-01
-3.826492889922747054e+00  2.132829563364030534e+01  3.548224242280613794e+01 -1.512655430405051953e-02 -4.308145503062807968e-01 1.821792700568134749e-01 8.837311379378065546e-01
-3.868024483261111257e+00  2.137856302450638424e+01  3.558275460813459290e+01 -1.656563346196622544e-02 -4.126690906595174568e-01 1.872731605789723919e-01 8.912679533838367973e-01
-3.900250805832528478e+00  2.142018202990010778e+01  3.566645365116860944e+01 -1.823040253512355283e-02 -3.930687541896963899e-01 1.923847592933790873e-01 8.989731426993778918e-01
-3.945647394023923837e+00  2.146666086603897838e+01  3.576276966034130567e+01 -2.015996080221335238e-02 -3.726179166250062069e-01 1.977275296484268807e-01 9.064509298410056148e-01
-3.978738492996301446e+00  2.150677691953740123e+01  3.584136947320430977e+01 -2.191152214796866088e-02 -3.515881325578142924e-01 2.032128102800791203e-01 9.135700432806126425e-01
-3.998413331528100301e+00  2.153847226410826110e+01  3.590016758227734783e+01 -2.352302833021784750e-02 -3.299108189546469116e-01 2.082472806295769530e-01 9.204556419432911030e-01
-4.038106846220941293e+00  2.157769683981966580e+01  3.598126849699335139e+01 -2.573886361752813351e-02 -3.077388796675631921e-01 2.139712650352045276e-01 9.267419223170310083e-01
-4.054257308974553276e+00  2.160295581384805885e+01  3.603367779893383016e+01 -2.780441089620474052e-02 -2.857087819035300513e-01 2.184114391086942886e-01 9.326810011704887993e-01
-4.085352022916705295e+00  2.163670299283359810e+01  3.609688155876006022e+01 -3.013315510426676710e-02 -2.637131721754975566e-01 2.237224464050037720e-01 9.378142794600425880e-01
-4.103462207671990214e+00  2.165989034940616875e+01  3.614558568278710027e+01 -3.258273684495401057e-02 -2.420195709710687426e-01 2.276539053595586781e-01 9.426232502443452343e-01
-4.119914174951754049e+00  2.168033437059200352e+01  3.618844596507165079e+01 -3.525695293421364507e-02 -2.206322156964270198e-01 2.315727647822441726e-01 9.468117169098549946e-01
-4.133750672652668712e+00  2.169705533391713104e+01  3.622463617685342285e+01 -3.785726282921306196e-02 -1.999254717935128323e-01 2.351558313209449191e-01 9.504201009948057832e-01
-4.144118792671021012e+00  2.171121760545928225e+01  3.625365280777072030e+01 -4.035556618507345206e-02 -1.803202365528767670e-01 2.384872082732665544e-01 9.534043696446018457e-01
-4.153554609407765774e+00  2.172177522592230048e+01  3.627758405034501266e+01 -4.311367936148483015e-02 -1.616594628921159127e-01 2.412948646653310103e-01 9.559206122871748423e-01
-4.151664219172136683e+00  2.172552115818995588e+01  3.628332071177277385e+01 -4.382265566141065743e-02 -1.450710362061602421e-01 2.332180348125854896e-01 9.605432408502014852e-01
-4.160210660380848857e+00  2.173795698640454077e+01  3.630137824625018794e+01 -4.575163341228091068e-02 -1.299110043971182238e-01 2.252937458894059553e-01 9.645064266451313095e-01
-4.161768713129375463e+00  2.174020923794569526e+01  3.630469212866893258e+01 -4.780399970729017761e-02 -1.160132732614951451e-01 2.184794177308136964e-01 9.677408961427350631e-01
-4.162786344505446046e+00  2.174203934055810450e+01  3.630769980008506792e+01 -5.032571854272705619e-02 -1.033056757599572634e-01 2.123589945616914942e-01 9.704117254226086731e-01
-4.163500673917214456e+00  2.174324884470964037e+01  3.630993539670356540e+01 -5.301197887170291251e-02 -9.187903061751125089e-02 2.068271379455429992e-01 9.726101525473338505e-01
-4.164027892456116930e+00  2.174455248399553042e+01  3.631214957100718976e+01 -5.582855295250205990e-02 -8.183404223563041369e-02 2.021702933702336780e-01 9.743272215663485447e-01
-4.164651760346211873e+00  2.174568140327885857e+01  3.631434445196592975e+01 -5.859569737415358526e-02 -7.310579451017845676e-02 1.979348290532541021e-01 9.757273648442640335e-01
-4.165205352054131893e+00  2.174678665910349906e+01  3.631637426539882085e+01 -6.125596969307801204e-02 -6.554790373459132291e-02 1.945341410881833155e-01 9.767843397823515739e-01
-4.166016509423156933e+00  2.174895823652905946e+01  3.631994937593369599e+01 -6.372345080490061930e-02 -5.926062183708680209e-02 1.916886606380409364e-01 9.775903834939208004e-01
-4.167764669254414578e+00  2.175202883519003549e+01  3.632507446290019004e+01 -6.592887438041845904e-02 -5.410177172686635866e-02 1.894718378960768834e-01 9.781752422052133467e-01
-4.169102576941549287e+00  2.175444858903901135e+01  3.632924264210882370e+01 -6.782681403474062620e-02 -5.018643950636800244e-02 1.876628665033054366e-01 9.786028270566834442e-01
-4.170929267747809810e+00  2.175664537789584685e+01  3.633413366453207516e+01 -6.954128673923262727e-02 -4.733101274094567851e-02 1.864419207554243174e-01 9.788581076216289478e-01
-4.173226900493522962e+00  2.175959850720570898e+01  3.633972305952202930e+01 -7.074098032679194958e-02 -4.560513576853704454e-02 1.857047952745159158e-01 9.789941850215393426e-01
-4.175704933760910009e+00  2.176249852307087806e+01  3.634604925438556933e+01 -7.161574164926348685e-02 -4.499195063079493295e-02 1.855106248243263700e-01 9.789957701664242506e-01
-4.176668413532991231e+00  2.176354452091714009e+01  3.634939133001179101e+01 -7.235751080392448242e-02 -4.537798395521054629e-02 1.856222942698555756e-01 9.789022387717866147e-01
-4.177753822778262460e+00  2.176495975320765552e+01  3.635280181837534030e+01 -7.243675610669604581e-02 -4.683150393119389632e-02 1.860822920426525029e-01 9.787405719558347483e-01
-4.179045103113420367e+00  2.176631296486087663e+01  3.635589731325268303e+01 -7.203075335188335870e-02 -4.926730481998319033e-02 1.870299041488087677e-01 9.784702950020621737e-01
-4.180080756362842820e+00  2.176773045915499694e+01  3.635931545514445418e+01 -7.130577462999056204e-02 -5.286378495831006719e-02 1.886100438045749672e-01 9.780322888945615079e-01
-4.181476291732287187e+00  2.176925157757480633e+01  3.636281583565438780e+01 -7.011312687369126995e-02 -5.730883530114624230e-02 1.907379782012612324e-01 9.774553035858545291e-01
-4.183193256606344335e+00  2.177084776849458336e+01  3.636651139554793843e+01 -6.851100170956227198e-02 -6.273850885109666375e-02 1.932204338571515689e-01 9.767476573260605033e-01
-4.185077853003770443e+00  2.177263874468321347e+01  3.637032857817220588e+01 -6.569627721020560029e-02 -7.002489068917339132e-02 1.845134674849419620e-01 9.781284650603787600e-01
-4.186951997961263494e+00  2.177458141361556443e+01  3.637413504544671383e+01 -6.218154449390379118e-02 -7.837953153142965257e-02 1.752019937230636648e-01 9.794357385539542715e-01
-4.188967048537287852e+00  2.177690363893779946e+01  3.637868106547749392e+01 -5.823395577585508548e-02 -8.794346604832530001e-02 1.656751445740372586e-01 9.805235844407185208e-01
-4.190887585204420063e+00  2.177887042974975884e+01  3.638276249518169436e+01 -5.385178691589587868e-02 -9.843674783059894184e-02 1.558248169365190616e-01 9.813912665951334269e-01
-4.192932603730520569e+00  2.178111108243096083e+01  3.638707974918134624e+01 -4.906019313127869125e-02 -1.097851434090342526e-01 1.458098015102614609e-01 9.819775056080041198e-01
-4.194830387716466547e+00  2.178344838050695742e+01  3.639133638224774359e+01 -4.372570801904009097e-02 -1.220923843253509528e-01 1.358670419661408280e-01 9.822024531914769208e-01
-4.197065819634678618e+00  2.178569776894513055e+01  3.639604723404054454e+01 -3.803840103684669183e-02 -1.352416237121824572e-01 1.256796781686536357e-01 9.820730124373016068e-01
-4.199349039874940459e+00  2.178808962031428464e+01  3.640082487329603822e+01 -3.192373999295552989e-02 -1.493156777634092325e-01 1.157147391457340468e-01 9.814763381474618242e-01
-4.201818225798483297e+00  2.179062239998124184e+01  3.640606647250872641e+01 -2.580352089758491257e-02 -1.641370485497421206e-01 1.063093747673648642e-01 9.803527551036104182e-01
-4.204266521579603122e+00  2.179326140542862333e+01  3.641122841929752241e+01 -1.940693037580360630e-02 -1.797568901869348312e-01 9.762526306391453024e-02 9.786624236657973652e-01
-4.206853866290306776e+00  2.179584415860029978e+01  3.641685969209115115e+01 -1.271698177001912879e-02 -1.962491256530922157e-01 8.921328042004046666e-02 9.764043986237225248e-01
-4.209396485194778492e+00  2.179850674581453163e+01  3.642224022826057706e+01 -5.953887179600061974e-03 -2.133800805867414052e-01 8.175318435385976745e-02 9.735244780097993544e-01
-4.211791637603768734e+00  2.180128719465233544e+01  3.642779911615009070e+01 6.271059726223388768e-04 -2.310180701597847885e-01 7.508533299140106310e-02 9.700476538641379376e-01
-4.214197928007317628e+00  2.180428683338640639e+01  3.643343133919916710e+01 7.657371461167580308e-03 -2.496223249574820169e-01 6.921154499674000982e-02 9.658363327108229202e-01
-4.216561124640845648e+00  2.180752816877653544e+01  3.643922034595284032e+01 1.468989313479266388e-02 -2.688199433834776442e-01 6.486928172023227746e-02 9.608912640710671749e-01
-4.219044394895460570e+00  2.181093748273906385e+01  3.644523246226463442e+01 2.193426775270777146e-02 -2.886744129922159674e-01 6.164690431402946452e-02 9.551887930510121194e-01
-4.221504710319413434e+00  2.181407351029535491e+01  3.645102257451240746e+01 2.898921947431995494e-02 -3.090885333995161410e-01 5.979846894592531076e-02 9.487086205927135474e-01
-4.224388718001836018e+00  2.181755714089792164e+01  3.645769004153601145e+01 3.610501868612740750e-02 -3.298942663926919261e-01 5.916893880749777429e-02 9.414697219280590001e-01
-4.227426700744226551e+00  2.182089320040648062e+01  3.646449458877783911e+01 4.277495825335730917e-02 -3.510450321474095081e-01 6.027135763616776887e-02 9.334372243486654952e-01
-4.231241252785897800e+00  2.182308841285333756e+01  3.647140098485707682e+01 4.868765457151830872e-02 -3.724233012949477728e-01 6.279191093007779889e-02 9.246553805968179551e-01
-4.232139173165196944e+00  2.182584608929885306e+01  3.647506851913085768e+01 5.508177218530999064e-02 -3.942119112368526745e-01 6.838790511040665487e-02 9.148147691453847319e-01
-4.234131457403954357e+00  2.182785048389244054e+01  3.647922338581068402e+01 6.081162618998199598e-02 -4.160717219794406452e-01 7.533200727833297417e-02 9.041633463974363405e-01
-4.235392792743951418e+00  2.182883676271837103e+01  3.648164182019185375e+01 6.634894888275720548e-02 -4.378513968650804000e-01 8.389582067216319605e-02 8.926620091161019399e-01
-4.236142287489057523e+00  2.183014803407919047e+01  3.648352678154746798e+01 7.191810977198062615e-02 -4.598167038518802263e-01 9.449769611517704060e-02 8.800378229227090454e-01
-4.236693878335863417e+00  2.182999382631038898e+01  3.648450140919399587e+01 7.457118829647875480e-02 -4.815597904771288795e-01 1.102481113115693218e-01 8.662474588845308077e-01
-4.238741237000184015e+00  2.183081151719319735e+01  3.648809001486519321e+01 7.564444368025120824e-02 -5.019811920675544270e-01 1.255917040465490964e-01 8.523611469473644231e-01
-4.240154645354962781e+00  2.183193034365186946e+01  3.649096377797556556e+01 7.582851011965911769e-02 -5.210871223944230080e-01 1.406801523957718625e-01 8.384076232058216283e-01
-4.242782626163418058e+00  2.183250079358982632e+01  3.649507754203632004e+01 7.485715323065757210e-02 -5.387406132699822381e-01 1.550250082049048628e-01 8.246952194930893265e-01
-4.246050772517801164e+00  2.183388386007910142e+01  3.650039207307706590e+01 7.258985114381934223e-02 -5.546947402636976943e-01 1.693224811744142300e-01 8.114027088959262501e-01
-4.249445963948517146e+00  2.183495003006250812e+01  3.650580239278932027e+01 6.907884956840246171e-02 -5.688671812157861662e-01 1.829301591676057992e-01 7.988459172736795955e-01
-4.253228557373553542e+00  2.183656633163379723e+01  3.651244055842013125e+01 6.444424810438212359e-02 -5.811859395805065720e-01 1.962742238334717337e-01 7.871126168336732842e-01
-4.257078658638736357e+00  2.183716083950602993e+01  3.651849608656360147e+01 5.843620223433146355e-02 -5.910433912696976266e-01 2.083689634520149436e-01 7.770683978742002340e-01
-4.260227166308069968e+00  2.183690284334058873e+01  3.652309216370337452e+01 4.969404506330139804e-02 -5.983018662163247514e-01 2.203316978694385697e-01 7.687778103465787716e-01
-4.262719603588831063e+00  2.183553443856440168e+01  3.652578256020433400e+01 3.936288371886943055e-02 -6.027603849205376285e-01 2.318910246117461549e-01 7.624677268319589585e-01
-4.264247451666211219e+00  2.183472125987591994e+01  3.652711856124791723e+01 2.794500939790074343e-02 -6.043771622787256215e-01 2.428350078300217929e-01 7.582733551548936912e-01
-4.265234175099241298e+00  2.183435330984128697e+01  3.652782330644521380e+01 1.594318070087487674e-02 -6.039814299578118995e-01 2.533755611737038560e-01 7.554820131910268133e-01
-4.266031730479848960e+00  2.183405731727032872e+01  3.652841586979189259e+01 2.862077958536862060e-03 -6.013799256413245864e-01 2.634956519830164989e-01 7.542572737013806261e-01
-4.266797920256426124e+00  2.183394561689400604e+01  3.652903893347934172e+01 -1.001578645387784898e-02 -5.968068181591251742e-01 2.724703766359047319e-01 7.546397814032729245e-01
-4.267480963187797016e+00  2.183385521143479124e+01  3.652967492961053608e+01 -2.411263410241211089e-02 -5.899473136042441279e-01 2.807117077271469863e-01 7.566912746904697062e-01
-4.268048975347806362e+00  2.183387071200221641e+01  3.653014022595517929e+01 -3.895273128466172213e-02 -5.800830739965184835e-01 2.885446124411169544e-01 7.607419527142039728e-01
-4.268627833206934952e+00  2.183388737179910422e+01  3.653049910254637922e+01 -5.659341133261353018e-02 -5.656432067539350905e-01 2.960887749626565091e-01 7.675782603669648596e-01
-4.269176533890778558e+00  2.183389841355587535e+01  3.653076529851578158e+01 -7.514698820062651330e-02 -5.488618227492423340e-01 3.020552438644608650e-01 7.758003991663935395e-01
-4.269649696546149897e+00  2.183389916037316780e+01  3.653079701697197379e+01 -9.487549749632109841e-02 -5.263436480713296062e-01 3.043191881288814793e-01 7.882581023030263978e-01
-4.269964868491793908e+00  2.183389220270061415e+01  3.653079775843112742e+01 -1.167498376024719148e-01 -5.027929026891065911e-01 3.071806687565120098e-01 7.995053528073224891e-01
-4.270439179072099023e+00  2.183329424414784725e+01  3.653048516934693168e+01 -1.438397047427249220e-01 -4.726524442104428902e-01 3.152921045469910255e-01 8.102473049210033862e-01
-4.270602465380846979e+00  2.183291698881473408e+01  3.653036234524429915e+01 -1.604407069429363841e-01 -4.587066664386993953e-01 3.166198984084940826e-01 8.146157460128926608e-01
-4.271316552465162175e+00  2.183162667027584547e+01  3.652992670541426179e+01 -1.725961114358535164e-01 -4.441504105313814343e-01 3.187291909717870353e-01 8.193611523403449004e-01
-4.271561266309380045e+00  2.183051479154114816e+01  3.652905202211137947e+01 -1.867725357096985117e-01 -4.289430793306180933e-01 3.260406720820521742e-01 8.214750968515238672e-01
-4.271472448248733400e+00  2.182833687671330836e+01  3.652670162254700159e+01 -2.002889099371227277e-01 -4.127471558253584250e-01 3.267866435061637098e-01 8.262775729379637779e-01
-4.272459947078722564e+00  2.182617324735559805e+01  3.652560667179416498e+01 -2.134256319210891539e-01 -3.919625640378838760e-01 3.208375767698020131e-01 8.353909847277578571e-01
-4.273487432369984518e+00  2.182427084953397056e+01  3.652479531084594555e+01 -2.256129362606886235e-01 -3.723672974810715020e-01 3.153245113986835602e-01 8.432151868115607130e-01
-4.274184919076537525e+00  2.182278289885332256e+01  3.652392571090992135e+01 -2.343038112360369962e-01 -3.572831403327281219e-01 3.106756976294932637e-01 8.490766117239830768e-01
-4.274391565702346796e+00  2.182274806657441957e+01  3.652400973465429246e+01 -2.311172255555105082e-01 -3.598317269881787794e-01 3.099442389733491066e-01 8.491410513168349272e-01
-4.274662361749596684e+00  2.182264523073119733e+01  3.652391783953691373e+01 -2.301182732396798158e-01 -3.548440808577837391e-01 3.033869430838695425e-01 8.538662783876687090e-01
-4.274600967001937590e+00  2.182288298514397340e+01  3.652400135210641707e+01 -2.364390621339503007e-01 -3.453141367152768870e-01 3.007852568761788525e-01 8.569614612850057211e-01
-4.274291857662557703e+00  2.182345597266591142e+01  3.652370542044793922e+01 -2.438023271215905563e-01 -3.305385163282225647e-01 2.974674322119984504e-01 8.618688074683028555e-01
-4.273883383586152718e+00  2.182438514064721602e+01  3.652389368811775228e+01 -2.532216776349353049e-01 -3.147009728080277791e-01 2.945840352733033463e-01 8.660613868840517648e-01
-4.273596531271318000e+00  2.182525880482500824e+01  3.652406866757958426e+01 -2.519114428642733605e-01 -3.058457996747966368e-01 2.885480289975710377e-01 8.716300859521434186e-01
-4.273214473121253576e+00  2.182578944158666090e+01  3.652413759533605031e+01 -2.693519352599615391e-01 -2.822563775300226396e-01 2.857697284113368541e-01 8.752808318700082690e-01
-4.272911428425425484e+00  2.182624159459130553e+01  3.652433859590281173e+01 -2.818375302088197421e-01 -2.677795493859228548e-01 2.809979388298133873e-01 8.774405266853482210e-01
-4.272499904627448331e+00  2.182674432945733045e+01  3.652441960708821966e+01 -3.029943477674073571e-01 -2.406071314305672781e-01 2.822062658113090872e-01 8.778737136186467449e-01
-4.272299737096192374e+00  2.182714797828838016e+01  3.652462530770502269e+01 -3.152986286019865969e-01 -2.230901788188364709e-01 2.834333965015704004e-01 8.777716426633238589e-01
-4.271913061513119558e+00  2.182748748759733459e+01  3.652449408926611341e+01 -3.318036732737822403e-01 -2.022527954996067023e-01 2.850995414875577283e-01 8.761954008999385257e-01
-4.271223063857023661e+00  2.182744357530251733e+01  3.652288292741681630e+01 -3.494835367865496978e-01 -1.790394659402100297e-01 2.897708445323408655e-01 8.728338815662592953e-01
-4.270486760611913013e+00  2.182744046800778648e+01  3.652105013983525339e+01 -3.680927900232120464e-01 -1.557802750084087140e-01 2.932661383754199824e-01 8.684671415393914184e-01
-4.269564470015668078e+00  2.182690365365996499e+01  3.651840784436488718e+01 -3.899508942723689531e-01 -1.321533590453291829e-01 2.902619224891263561e-01 8.638413084022623645e-01
-4.268208534007061239e+00  2.182678030942058811e+01  3.651570855659522863e+01 -4.112417061641925886e-01 -1.123546745262870433e-01 2.880210433157972538e-01 8.574966850259746476e-01
-4.266832390371771311e+00  2.182576082068428747e+01  3.651098018232926989e+01 -4.289511188296044608e-01 -9.595726736757530240e-02 2.967556882002344021e-01 8.477789818195444749e-01
-4.265560832140892877e+00  2.182451067198817540e+01  3.650627795735694292e+01 -4.463374343444223014e-01 -7.948758269680143707e-02 3.052668089741815693e-01 8.374227094117870918e-01
