0.9999999999381338 2.646012618737571e-06 -1.0804204877346813e-05 -4.525836800048938e-05 2.6461473791132157e-06 -0.9999999999187116 1.2472961088579225e-05 2.9108549342582457e-05 -1.0804171872856122e-05 -1.2472989677325992e-05 -0.9999999998638472 6.651465324341506e-06
0.9999988602801929 0.0003837767524009823 -0.0014601896176550104 0.12887567772229544 0.00037882188337860345 -0.9999941751607254 -0.0033920699581723008 -0.05282686664178996 -0.0014614829098776414 0.0033915129403819327 -0.9999931808305892 -0.05230464029079051
0.9999941916662586 0.000898977612320318 -0.003287624218051465 0.2564648322393116 0.0008750700400736453 -0.999973217840671 -0.007266213167764235 -0.10387421210399976 -0.00329406833134001 0.007263294061716882 -0.9999681963308643 -0.10344994607819459
0.999983287180476 0.0012317591105093532 -0.005648728106718345 0.3840408698968949 0.0011665135109901622 -0.9999327398865997 -0.011539278534931276 -0.15475612305871247 -0.005662561784089425 0.011532496363395286 -0.9999174650548263 -0.15303527528948016
0.9999656110837396 0.0016055117376078884 -0.008136275682662763 0.5104582375738957 0.0014757964124242472 -0.9998721184782919 -0.015923841078152673 -0.20395517665578156 -0.008160801117106204 0.015911285988052318 -0.9998401033682007 -0.19975092942691328
0.9999366845966717 0.0018754579884071108 -0.011095470028342658 0.6377293179460489 0.0016448197813686489 -0.999783146772554 -0.020759431530184714 -0.2520498655145563 -0.011131997381555056 0.020739867089818318 -0.9997229298897738 -0.2445456493592889
0.9998998054836196 0.002124842184388248 -0.013995143425910295 0.764418477554665 0.0017671295685545573 -0.9996726803610806 -0.025522723067513416 -0.2984637945852152 -0.01404479429925181 0.02549543459885486 -0.9995762735117854 -0.2858319876826665
0.9998560084015127 0.002571435728666263 -0.01677349640616415 0.8899632472881887 0.002063886554742116 -0.9995415508221273 -0.030206432301514905 -0.34260621800551566 -0.01684348050978235 0.03016746423533451 -0.9994029323880966 -0.3245756056818289
0.9997996248201948 0.002739741777995836 -0.01982937276838792 1.0169086454330376 0.0020418607493353333 -0.9993806872443549 -0.03512937186573617 -0.38607949379062595 -0.01991333759263133 0.03508184399359242 -0.9991860303306543 -0.35909895167493383
0.9997406638381114 0.003168693148907409 -0.022551373622475536 1.1427102993695724 0.0022703349496882366 -0.9992070467425624 -0.03975076501431204 -0.42656296013606837 -0.022659449414066578 0.039689257031782506 -0.998955110216929 -0.39065735700576015
0.9996810141916151 0.0037146715191200583 -0.02498141469830954 1.2674278455889951 0.0026064696370167247 -0.9990171689665411 -0.044248191218499364 -0.4652470558060953 -0.02512122968437627 0.04416896337455309 -0.9987081788458342 -0.42002264832697767
0.9996151790995376 0.004059808206647542 -0.02744105812691941 1.3940787095731642 0.0027268189520194774 -0.9988223495784798 -0.04844046284799568 -0.5026015354645237 -0.027605401141853378 0.04834699514809973 -0.9984490522244724 -0.4439782225295952
0.9995562168417954 0.004545892302739483 -0.029439840965773872 1.51904179318863 0.002999237723481195 -0.9986233122955269 -0.05236873793580474 -0.5377422716759259 -0.0296373741413812 0.052257200490294545 -0.9981937742998207 -0.4657530745101954
0.9995125933691547 0.0051313381152725615 -0.030793588060083917 1.642631025297407 0.0034065382382974818 -0.9984358790667973 -0.05580493606611339 -0.5712936172589005 -0.031031777159847108 0.05567283683501979 -0.9979667148983693 -0.4850133880612329
0.9994759800019434 0.005674538471931299 -0.031867930781358425 1.7669818374646478 0.0037918551545954703 -0.9982607941722058 -0.058830337863757236 -0.6028295537837524 -0.032146340905948353 0.05867867101262462 -0.9977592025807384 -0.5001169341888433
0.999461514500706 0.006372417850594705 -0.03218809287131791 1.8893653135 0.004390536088244604 -0.9981114821883956 -0.0612714641292497 -0.6336319023325253 -0.03251775245635816 0.061097147350932295 -0.9976019919591008 -0.5153600518506058
0.9994654009707795 0.00706499980670463 -0.031921748699753866 2.0118379208493096 0.005042545341956191 -0.9980008745281383 -0.06299862837828417 -0.6613806768320079 -0.03230301841613706 0.06280398250749787 -0.9975029698113207 -0.5245467365371681
0.9994963575275044 0.007835813855406227 -0.030751118849153564 2.1320504816480184 0.0058567719670877295 -0.9979373859098624 -0.06392708366190389 -0.6888256685321926 -0.03118861188602146 0.06371478497659666 -0.9974806748323546 -0.5338115765706611
0.9995488887777692 0.008756614509694213 -0.02872874249693198 2.2508153913937563 0.006899308263986063 -0.9979181191279524 -0.06412352970328473 -0.7147024348077038 -0.02923043770806223 0.06389639440890353 -0.9975283616483978 -0.5408855940526605
0.9996205548607723 0.009586377120187378 -0.02582339392008624 2.3696959097813304 0.007931227782692608 -0.9979533919307663 -0.06345173882359527 -0.7392011819780544 -0.026378815851009003 0.06322285115042069 -0.9976507551075732 -0.5447986685238977
0.9997033206299916 0.010589930538268448 -0.021934541083943913 2.4869037840218513 0.009216037266224282 -0.9980449611256664 -0.06181682803876904 -0.7627827230742962 -0.02254629411846078 0.061596338713123415 -0.9978464589698469 -0.5483907906617826
0.999787709046675 0.011660672952253268 -0.016987217120576464 2.6028622777647437 0.010637503260580007 -0.9981939130698368 -0.059124913824106826 -0.7854581758167994 -0.017645973013188217 0.05893166056227754 -0.9981060459789782 -0.5508311871898756
0.9998552049438181 0.012977259051300795 -0.01100726552197158 2.717487489374124 0.01234789101524355 -0.9983858377481658 -0.05543688818259216 -0.8057409673618299 -0.011708916868413587 0.05529294468021206 -0.9984015181951398 -0.5501348515358672
0.9998884650689154 0.014364977576043353 -0.0040871556574711854 2.830250207241529 0.014138500537330397 -0.998604099578709 -0.05089160153848606 -0.8255842476323147 -0.004812507110076325 0.05082813909475637 -0.9986958195824592 -0.5492192401398535
0.9998665595593181 0.015926722597735636 0.0036335357859248983 2.9421535862768002 0.016075733910459314 -0.9988334897529845 -0.04553274126510344 -0.8452363685235595 0.0029041098899539467 0.04558507711049223 -0.9989562387264908 -0.548621554824228
0.9997755721220399 0.01749068170917204 0.01195330253094863 3.0452050312001866 0.017948973721813137 -0.9990633311025888 -0.039373783010183384 -0.8619616314133417 0.011253431937929418 0.03957949594863202 -0.9991530532256162 -0.5450871997115495
0.9995925797828583 0.019275360708048583 0.02105076988199568 3.138099322532118 0.019952910077275163 -0.9992736779709678 -0.03246533372418835 -0.876808515853143 0.02040969922606139 0.03287213080938574 -0.9992511532110196 -0.5421093087797212
0.9993081260446877 0.02122950973559262 0.03053812596478676 3.2219205975568883 0.021999386891779212 -0.9994428722451838 -0.025099244902650458 -0.889333332707302 0.02998826766321486 0.02575369943685354 -0.9992184199502507 -0.5384960767227103
0.998909768904847 0.023282668135936817 0.04046221633743732 3.2965374281897293 0.023987684146267202 -0.9995672469720853 -0.017026737501517807 -0.9011328616764911 0.040048278312115604 0.01797876928820502 -0.9990359849670667 -0.5355218785652643
0.9983832983685127 0.02557468336674559 0.05076145298846934 3.360884389942418 0.026039681536734725 -0.9996245996581287 -0.00852025491355928 -0.9102744637486513 0.05052449430004533 0.00982829227370151 -0.998674461547259 -0.5326501683754071
0.9977272901698642 0.02798287559608722 0.061296110183871766 3.4155006278097533 0.028014782410038866 -0.9996074514831126 0.0003389778086234855 -0.9168583899835497 0.06128153406057667 0.001378989778957306 -0.9981195679728816 -0.5279592462423014
0.9969854445248824 0.030192253532079518 0.07147343025332797 3.4637731505437173 0.029585585776816702 -0.9995168027599907 0.009531742479126314 -0.9249060059580957 0.07172667927462784 -0.007388425211125291 -0.9973969594164273 -0.5229976495328408
0.9960371992946512 0.03333713188371647 0.08245321860931547 3.497040003250411 0.03186361276788041 -0.9993092700223983 0.01912310196281525 -0.9263909027492236 0.08303377507163238 -0.01642006349163593 -0.9964114480034262 -0.5209772931336292
0.9950023567787787 0.036236534348876207 0.0930442023076056 3.523505917442583 0.03368640524472222 -0.9990164283324985 0.028834042787416993 -0.9292923541234808 0.09399753244827375 -0.025555615824334136 -0.9952443792322943 -0.5186824513749688
0.9938718238683095 0.03923685411700472 0.10334053899453695 3.5414068444795714 0.03541896808523649 -0.9986297290525612 0.03852480956715661 -0.9305547381738587 0.10471052678913197 -0.034628507496130584 -0.9938996790663197 -0.5166187830225545
0.9926453139360972 0.04233656856794502 0.11341470664159752 3.549186948892854 0.03706618700463305 -0.9981505249121233 0.04818326886576862 -0.930464162659952 0.11524486323322834 -0.0436250453242752 -0.9923786963245483 -0.5146890815418045
0.9913586495649228 0.0455218458561709 0.12302759642722408 3.5644543995417575 0.038626394295682445 -0.9975769140057128 0.05786451681776831 -0.9312687360526407 0.12536358959653068 -0.0526123768013415 -0.990714847072954 -0.5128601221590454
0.9900010193562159 0.04873645003098243 0.13237348719449482 3.585725968833931 0.04008206051184183 -0.9969289986672536 0.06727555307414596 -0.9336458482115426 0.13524573966960507 -0.06129706399726443 -0.9889141822456269 -0.5104901641858683
0.9886174308946974 0.05201643524319968 0.14117317661566717 3.614118413368138 0.041484753651770304 -0.9962025900543775 0.07654681432562924 -0.9368101159180722 0.14461877660117398 -0.06981898046763818 -0.9870211342321092 -0.5080879088177044
0.9872545353581387 0.05530134665359578 0.14923217975049807 3.6496086036799027 0.04281846473618927 -0.9954088120905135 0.08560301332423217 -0.9416009542075013 0.153280988685557 -0.07812207031852 -0.9850897830333673 -0.5058971601194518
0.9859057370945925 0.0585625414755008 0.15671728143347388 3.692123378021745 0.04409068041211163 -0.9945689437123384 0.09427952112585535 -0.9474794970841681 0.1613873894229826 -0.08604094919777337 -0.9831332898424205 -0.5023327302971711
0.9846426660363017 0.06175804834301807 0.1632934894164048 3.741911045952864 0.04529891817810554 -0.9936838783519062 0.1026662452581551 -0.9547485523623094 0.16860257481075835 -0.09369254702683558 -0.9812211159564428 -0.49877778889827595
0.9834427703098519 0.0648435753853613 0.16922064961619504 3.797085257430973 0.04646621298832241 -0.9928017660946201 0.11038815285132422 -0.9619260369036585 0.17516052230970292 -0.10069738810240528 -0.9793767546013871 -0.49309940733311663
0.982315620988621 0.06789988857961914 0.17448674990558893 3.8587892121747753 0.047694662901812804 -0.9919279871216442 0.1174907974927653 -0.9690584264581502 0.1810559026721379 -0.10709095898197406 -0.9776248189422663 -0.48772412427278133
0.9813023933633405 0.07083525736221923 0.17896362505774252 3.9267519094558243 0.04889760042019146 -0.9910578029854424 0.12415093964531856 -0.9771003548912954 0.18615756082557425 -0.11307872238443625 -0.9759910681411876 -0.4815528370280532
0.9804672192231257 0.07338576010144025 0.1824789364370727 4.002882680939022 0.04990391745446822 -0.9902440980321369 0.1301008275731458 -0.9869619051463706 0.1902462379432744 -0.11845318284813479 -0.9745641140641171 -0.4750315035609388
0.979771339254732 0.07576461733391626 0.18522377151768135 4.086674030836479 0.05090644648277808 -0.9894741349837604 0.13546021520961463 -0.9973002333177159 0.19353722247021385 -0.12329095245955517 -0.9733153058285535 -0.46784656110535844
0.9791865449225495 0.07784107174059257 0.1874419317893307 4.1768527681573255 0.051768054270554614 -0.9887711651929972 0.14018434805613578 -1.0089861324868528 0.19624927719530863 -0.12756312332786002 -0.9722211017907193 -0.46101455352068155
0.9787341898782564 0.07962631349516817 0.18904770763625472 4.273817262054348 0.05252548882830475 -0.9881434708810737 0.144269033331665 -1.020081093910453 0.19829386926151116 -0.13127121220692153 -0.9713122104962053 -0.45150718244162685
0.9784539365304161 0.08105583929275649 0.18988903339761148 4.376088654436158 0.05319106309171838 -0.98763102650572 0.14749802131022113 -1.0311558935791165 0.19949587688798287 -0.1342196200255553 -0.9706629119858707 -0.4413983948412558
0.9783277201622899 0.08193886651139842 0.1901601801557931 4.47385485250781 0.053540249326313384 -0.9872434987388669 0.14994570984165392 -1.042586179789404 0.20002078308049054 -0.13651482100002368 -0.9702347087087736 -0.4318473099936493
0.9783859277159257 0.08239743128830503 0.1896619091028487 4.567927587100514 0.053759061592459786 -0.9869981476870346 0.1514748155934222 -1.0530667965142675 0.19967708868106604 -0.13800478172676553 -0.9700947069623678 -0.4231624214408831
0.9785835922523662 0.08231081532456408 0.18867719166624325 4.656154852462533 0.05361317594495332 -0.9868558493915094 0.15245051619085556 -1.062967221107941 0.19874551652691502 -0.13906999030117298 -0.9701338863569717 -0.4136501835725007
0.9789312073124004 0.08186078026325869 0.18706283437544863 4.738889146366237 0.053395724665476714 -0.9868698138969008 0.15243643595461348 -1.0713093491163193 0.19708523013492069 -0.13923642868799407 -0.970448674062095 -0.40418730535057235
0.9794530924241799 0.08068599389699294 0.18482805558022128 4.814808621115218 0.05272035769506931 -0.987048311397514 0.15151301875357268 -1.0795756035113957 0.19465919866580897 -0.13865569355843613 -0.9710213154295916 -0.3955160101298733
0.9801297411491721 0.07898792015018678 0.18195218873430702 4.884179717569485 0.05177196617561499 -0.9873678844215847 0.14974753530911708 -1.0869744754394055 0.1914819940181534 -0.13735199045951976 -0.9718379889074311 -0.38693969597749067
0.9809116477431836 0.0766539704029015 0.1787078849497794 4.949339617261219 0.05041297742969685 -0.9878494298840577 0.14701032475447162 -1.0943937690741132 0.18780540734607554 -0.13519494331968718 -0.9728573668695537 -0.3796014688015437
0.9818503388127825 0.07373860125721192 0.1747356027198071 5.009005255225968 0.048717946428220874 -0.9884671575478584 0.14338493695320356 -1.1010311014728218 0.1832934092351423 -0.13226978919574592 -0.9741192067694137 -0.3728039760361881
0.9829629518688788 0.07008354984263353 0.16991801344965024 5.066677971765804 0.046604269904480536 -0.9892751639131993 0.13842937582458203 -1.1076379682498392 0.17779729266749467 -0.1281520429254569 -0.9756870280034174 -0.36708985778102715
0.9841698826303406 0.06579848462002455 0.164560631820282 5.11725915868963 0.0440263485921924 -0.9901890810149857 0.13261698408702022 -1.1129969493004486 0.1716721373811743 -0.12327263792264126 -0.9774111386650824 -0.3611522838533431
0.9854610688617417 0.06089536488402896 0.15861348080637774 5.163701740723264 0.041036177074820636 -0.9912318811068742 0.1256001196194166 -1.1172522144997112 0.16487120406231695 -0.1172651372444887 -0.9793193420218317 -0.35640534577344024
0.9868337442612262 0.05515751422215655 0.15204213170105593 5.204706042252164 0.03733604412698485 -0.992350393364371 0.11767207229638482 -1.1223121498981308 0.15736956820273887 -0.11044611996086767 -0.9813442176877963 -0.35238755956798085
0.9882141378718498 0.04884218592501188 0.14507673343532176 5.2400026070289005 0.033132270966993796 -0.9935119817520727 0.10879427712724228 -1.1267764883037747 0.1494492232524697 -0.10270532113350343 -0.9834208390511651 -0.3482728976721415
0.9895973115525232 0.042080836609883945 0.1375731229500559 5.271519693240043 0.028507856587544844 -0.9946608031293114 0.0991826034692461 -1.1308679532180357 0.14101227989364232 -0.09422892288658499 -0.9855132911385982 -0.3451743382198256
0.9908994488759465 0.03503138737949312 0.12996570361296733 5.308752177053394 0.023515471862177527 -0.9957444365509959 0.08910690018645828 -1.1354159813121065 0.13253416465366552 -0.08523977343944664 -0.9875063930038869 -0.3414632287579956
0.9920896713676054 0.02777429317297 0.12242006618385298 5.3537988469918805 0.018174309032622463 -0.9967209050030256 0.07884879213492427 -1.1410902158415173 0.12420860862639019 -0.07600017216225019 -0.989341293676962 -0.33675717960283
0.9931803087546723 0.020472845857137833 0.11477690048299757 5.407061122372601 0.012641721883517334 -0.9975678313141217 0.0685463988482273 -1.1471685566576124 0.11590108355746229 -0.06662795591754508 -0.9910235387317782 -0.3308227768113006
0.994144668731021 0.013136707653176379 0.10725579026665161 5.469499450997188 0.0069027218974057 -0.998275928579727 0.05828827368083008 -1.154408150912584 0.10783658963494747 -0.05720661963723473 -0.9925213713596223 -0.3232799222157336
0.9949501537538052 0.006026187762123234 0.10018920404083081 5.5374523297292555 0.0011678058290494646 -0.9988234627977228 0.0484801649575572 -1.1606836456509544 0.10036347829178316 -0.04811834604204466 -0.9937865953006979 -0.31407235758996094
0.9956248065310436 -0.0006990298630014874 0.09343851442137054 5.614789744662731 -0.004379436008059724 -0.9992222075950761 0.03918928921368662 -1.166771455045358 0.09333844417105606 -0.03942703648606242 -0.9948534784749226 -0.30460702327637107
0.9961702728821316 -0.007172003885280335 0.08713982893148955 5.698646242264725 -0.009862266932939266 -0.9994866674090737 0.030481754582822037 -1.1724316261088323 0.08687648195503311 -0.031224414034109003 -0.9957296384317098 -0.29485995961392814
0.9965275606263487 -0.013200020560147938 0.08221058550643476 5.790339639407079 -0.015157840949939206 -0.9996150839405272 0.0232362608073945 -1.1808471998847452 0.0818722222114161 -0.02440170927997839 -0.9963440649767429 -0.28179474654508674
0.9967864051020959 -0.018712583213331548 0.07788903538447946 5.890617296010945 -0.02009040125441659 -0.9996545857553419 0.016943581550327044 -1.188186005981973 0.07754507322246261 -0.01845395371729833 -0.9968180441841544 -0.2678301059552435
0.9969311052669372 -0.023862156953638223 0.07455849258644894 5.9993651252538545 -0.024829720867690478 -0.9996187397766729 0.012077253368596793 -1.1964460599123201 0.07424187708346418 -0.013891456108581333 -0.9971435057875608 -0.2506041699277958
0.9969381479589089 -0.027788004169705328 0.073090053827628 6.112278553800871 -0.028513958389476204 -0.9995537056389888 0.00890750921016655 -1.202627485474209 0.07280991224568491 -0.01096432248843592 -0.9972855660798193 -0.2351907577027116
0.9968563161105155 -0.031198618169246108 0.07282946694094009 6.2369142541209435 -0.03182370658718236 -0.9994658207612028 0.007438066226393131 -1.210290230139668 0.07255850556361276 -0.009732386884257675 -0.9973166718329292 -0.2162811134119886
0.996694102985029 -0.0334593789253823 0.07403603877029642 6.369408489879025 -0.03412849154504847 -0.9993870874407179 0.007790733060430514 -1.2162898079001825 0.07372998806271915 -0.01029171602246254 -0.9972251347823043 -0.19618800554515897
0.9964031065551642 -0.034551202864671025 0.07737611794231433 6.5083629782521015 -0.03543242536124886 -0.9993215940599975 0.010044644264763761 -1.2194204783869722 0.07697657098259261 -0.012750138273386363 -0.9969513736856839 -0.1770700231697602
0.9959996235175382 -0.03492313372447116 0.08225037801606148 6.656909757667103 -0.03629321956415349 -0.9992252573660473 0.015221276405905076 -1.226675829111148 0.08165508047017316 -0.018145516598309385 -0.9964954531059286 -0.15372211175823025
0.995414566572389 -0.03369855040990717 0.08952233439636165 6.811636833698059 -0.03587835981612207 -0.9990948475112176 0.022852329715848285 -1.2317500808126318 0.08867121264766784 -0.025959456404322307 -0.9957226133169741 -0.13050130834524068
0.9946085659776595 -0.03099511897410159 0.09896010854705713 6.9728082505182165 -0.03440376281139496 -0.9988654990181 0.032925612761796105 -1.2333891613253294 0.09782730492189447 -0.03615269659518859 -0.9945465303044475 -0.10800057746699888
0.9935012655490005 -0.02677014491027502 0.11062818218707883 7.1428410884073825 -0.03204168640962117 -0.9984204626764286 0.04615094843027566 -1.2360088923977235 0.10921797326705036 -0.04939573919347033 -0.9927897538074055 -0.08378458906383808
0.9919818652859145 -0.020795329161910132 0.12465766414033981 7.319769853652039 -0.028710669596126163 -0.9976606210831587 0.062040169175367615 -1.2362822598353973 0.12307589688976485 -0.06512172774899302 -0.9902582916490859 -0.06020399914012181
0.9901324959051929 -0.01341676996356591 0.1394906120005853 7.511937464899808 -0.024806134319322354 -0.996467284296056 0.08023469964906116 -1.2366541661881845 0.13792134081673083 -0.08290320627929942 -0.986967457485771 -0.036847470077969055
0.987794459974112 -0.004100523959517941 0.155708993149755 7.70916410044387 -0.019891653510452356 -0.99478935096679 0.09999234632557451 -1.232455012848315 0.15448762722326065 -0.10186919508041155 -0.9827289759280513 -0.013812922963280534
0.9849966089854777 0.006046508322634086 0.17246773618336442 7.914241794313846 -0.01520525051189054 -0.9924584858743978 0.1216345106158975 -1.229421881286636 0.17190253239548547 -0.12243199562615381 -0.9774763044713753 0.006923056802234519
0.9816824762943878 0.017771479563718204 0.18969367477761537 8.127190860273018 -0.009942736515207088 -0.9895049489760054 0.1441565050304098 -1.2232376596223535 0.19026470436502016 -0.14340198905911225 -0.9712029714775291 0.025877710014594647
0.9778498739625401 0.030570666511885128 0.20706293328469882 8.34641546550147 -0.004639298044655606 -0.9858676202513874 0.16746197255950146 -1.21440473271129 0.2092560653961968 -0.1647132954223352 -0.9638887017731961 0.03924333102669894
0.9736174952038604 0.044333827069113055 0.22383807721289736 8.57375464249808 0.0008183025710795898 -0.9816166038696085 0.19086166034172072 -1.2032653564233025 0.22818480101414115 -0.1856430843982673 -0.9557553775947246 0.048979424813420575
0.9691157672249501 0.05870637778087736 0.2395165775553862 8.81222730836938 0.006134469669950203 -0.9766895133531256 0.2145692493995899 -1.19156649784148 0.24652991298798788 -0.20647313557430144 -0.9468853395677069 0.053010494562773305
0.9642829384255579 0.07375046806611453 0.2543998489020793 9.054065901828 0.011598574057696934 -0.9712905448273531 0.23761344787029937 -1.1736666003316025 0.2646202708433348 -0.2261759182340427 -0.9374543008967359 0.04943401391246621
0.959386436964966 0.08905690368241516 0.26766869909305563 9.305818336856767 0.01714591186708253 -0.9655143985922764 0.25978445645812076 -1.1544984562581009 0.281573582343788 -0.2446442601360106 -0.9278283805255098 0.043145257946219484
0.9546194470176668 0.10441442042477467 0.2789253308379197 9.568540332261819 0.022954719408295438 -0.9595394817226568 0.2806368897210447 -1.1314949689145242 0.29694240558157237 -0.26149877977301117 -0.9183918531567317 0.02937942949667277
0.9498342090927624 0.11920511025653367 0.28914549438968234 9.820744222590358 0.028249733457557838 -0.9534356916684786 0.3002704354614793 -1.1089417272731747 0.3114754048022141 -0.27703884843353127 -0.9089733487082664 0.011803377485005095
0.9455649376351873 0.13353864219873768 0.296773280055133 10.078961308695721 0.03414721729589594 -0.9476108014334839 0.3175968144637751 -1.0844908140722318 0.3236370131272252 -0.2901744303799152 -0.900587521392441 -0.008238458217258882
0.9420892260916233 0.14702762591265248 0.3014146102971382 10.3456337783521 0.04072492763661231 -0.9422774627409253 0.3323472032070032 -1.058512842383609 0.3328804144900676 -0.30082563127003237 -0.8936971350630524 -0.027455594537890482
0.9392035550148186 0.15932776227286027 0.3041567793369889 10.604469252578104 0.0474258472488081 -0.9375276284883358 0.34466321943858447 -1.0332158115472643 0.34006980351136673 -0.30928402802304555 -0.888085535716904 -0.04454041113685042
0.9372403163331016 0.17030238168527964 0.30426581837621736 10.866274874086692 0.0548253469963255 -0.9337336784717913 0.3537451045799365 -1.0081873729245128 0.3443468756451269 -0.3148626946461887 -0.8844697353519682 -0.05751668840025426
0.936438443163746 0.17979529375966286 0.3012585177334185 11.128892163216463 0.06304088037346109 -0.930955434426382 0.35964958850765505 -0.9836925622392441 0.34512155766743813 -0.3177980985686717 -0.8831169112746842 -0.06249154995955375
0.9368037708178762 0.1872006588636167 0.2955581301579034 11.395772423325115 0.07186537060406561 -0.9297530398891987 0.36110199850559493 -0.9621927356054378 0.34239460201549415 -0.31704131929107 -0.8844493984241435 -0.06047565726111337
0.938393510799551 0.19257962329179334 0.2869332807153677 11.653556903282025 0.08113998760037049 -0.9298989880449083 0.3587536403233666 -0.9453920155611716 0.33590760828165944 -0.31337032521578473 -0.8882370843263913 -0.043124325441292743
0.9414113214528934 0.19580047790890892 0.27460316220131215 11.916711629773811 0.09129752849406486 -0.9317680197078848 0.35138741972432996 -0.9310512665579873 0.3246682693630419 -0.30572950511896935 -0.8950530624317854 -0.01522430780078965
0.9456227245118007 0.19726415126849628 0.25862041201575425 12.1840463401419 0.1022275868900564 -0.9350581125313036 0.3394345985135162 -0.9178171416241069 0.30878339230845075 -0.2945389291990378 -0.9043780381128068 0.021342900228834116
0.9505393049208416 0.197028105942243 0.24011446284931626 12.442206958709015 0.11300531361705393 -0.9394490389889859 0.3235201728439545 -0.9099829830247832 0.28931786826069816 -0.2803844300446856 -0.9152484594325204 0.07088206803648078
0.9558692173704352 0.19569881115510188 0.21912556810220035 12.700421513684436 0.12376856027021096 -0.9446709998999164 0.30377301630778764 -0.9043150866471127 0.26644958767517624 -0.26324641927397996 -0.9272032894501382 0.1256605473039777
0.9614945919907233 0.1934574583767347 0.1951982617007812 12.959571957110095 0.1344104474291424 -0.9505446808081074 0.2799975739346885 -0.8997175516310906 0.23971228836772313 -0.24297946741613285 -0.9399462735814649 0.1900533589052898
0.9669937394913942 0.1907377930648412 0.16894437570160045 13.222502718932848 0.14453910665772532 -0.9566685345067408 0.25277215378935974 -0.8975995275038405 0.2098369710776354 -0.22001002109331033 -0.9526615538518833 0.26209894105361414
0.9721334301816952 0.18766769683403256 0.14048996223282637 13.478685817151872 0.1536453790514225 -0.9626814903049746 0.222794626776182 -0.8966872678513126 0.17705844068927082 -0.1950004712537977 -0.9646891337583735 0.34263138318813025
0.9764389453401962 0.1847114030498992 0.11157366896478538 13.73099398693699 0.161473717743865 -0.9684024247668855 0.1900604698078786 -0.90148173703568 0.1431545476081722 -0.16756622955999995 -0.9754118792644187 0.42493310305110354
0.9800167234885683 0.18189613597281398 0.08050476632405613 13.980553334072868 0.16798158048300485 -0.9735601646425401 0.15479920684429266 -0.9100318915490733 0.10653361113359051 -0.13818249360664292 -0.9846604430764382 0.5224385982321491
0.9825119242597977 0.17967164598749444 0.04887144683201374 14.221441899435133 0.172964934781525 -0.9778645176484249 0.11774598277748852 -0.9300013698609201 0.06894526831721427 -0.10723378549859319 -0.9918404434304489 0.6407128078611035
0.9837620533453907 0.178716576520476 0.016510835062516285 14.420264788991343 0.17689346422291435 -0.9810407018935693 0.07916971354874089 -0.9838328639847346 0.030346741388117646 -0.07496350115205408 -0.9967244096449875 0.8114372682994779
0.9838924288415942 0.17807077783541425 -0.015699890104041988 14.519124452827219 0.17856922418224258 -0.9831088940740613 0.040123989924084835 -1.0493186019962741 -0.00828979150162691 -0.042281207096848725 -0.9990713582539004 1.0566584680714022
0.9827211976520825 0.17852140291422083 -0.04887899739964807 14.579157343861985 0.17876625668292193 -0.9838913579359639 0.0006490381350336668 -1.0922444068528858 -0.04797575592767715 -0.00937573892893152 -0.9988044965671233 1.3208667549553883
0.9804133491572405 0.17999707464656503 -0.07994196590628659 14.630257943110706 0.17740637706805398 -0.9833856929928589 -0.038464999578085385 -1.1256114765279641 -0.08553737294230186 0.023529384514550337 -0.996057089676338 1.584276301251782
0.9769600724530411 0.18270383553898745 -0.11031013240809329 14.68605846134311 0.1748695354862138 -0.9815740352664281 -0.07702635165718677 -1.147250436488062 -0.12235057168392899 0.0559617884821726 -0.990907975464166 1.8555327032652158
0.972734899477226 0.18577533310840422 -0.13883206022923217 14.735020942043443 0.17062385008094316 -0.9787024107996836 -0.11414505192273483 -1.1603650181079659 -0.15708060708625848 0.08734481497690319 -0.9837156937723743 2.12638242189752
0.9679447758173375 0.18989703128663077 -0.16438378410429838 14.777203746965673 0.1657992860822578 -0.974726455622582 -0.14972953430787297 -1.1582290199314034 -0.1886624173028053 0.11767520647087579 -0.9749661727872917 2.3968132735597654
0.9624806645151521 0.1951555290977099 -0.1885345854135635 14.827552596284372 0.16067572801359437 -0.9697840873048861 -0.183581410925863 -1.1431982977217858 -0.21866476822243863 0.1464006266134883 -0.9647551894990797 2.668979292169983
0.9569350331516876 0.2009101817405354 -0.20954818348046808 14.872183769453475 0.15543066175828327 -0.9642354381461035 -0.21468891263540912 -1.1099260471340306 -0.24518697296626715 0.17287312890144962 -0.9539382734702818 2.93750624260549
0.9514688976756759 0.20713507019259847 -0.2276005260366107 14.917403174880533 0.15034844837172506 -0.9581774606751309 -0.24349804501550584 -1.059401949527534 -0.26851867873213087 0.19746143053889256 -0.9428184886930703 3.2191020729837687
0.9465063789341204 0.21325330632681633 -0.24217494085412833 14.961730687660872 0.14571678570065194 -0.9520892353312025 -0.26887303013042513 -0.9924566132395445 -0.28791021691160906 0.21920108418328427 -0.9322331208934722 3.4852629889141165
0.9420222379500826 0.2197555296395658 -0.2535776220417567 15.003152791300478 0.1421174522927161 -0.945875005182475 -0.29175864053165707 -0.9009012989906028 -0.3039683091398603 0.23880532189188547 -0.9222663852026526 3.757509975712585
0.9378252704747574 0.22628400997173118 -0.26320962917428015 15.051165978939663 0.13929202184965386 -0.9399018151756855 -0.3117407744881756 -0.7916881862657135 -0.3179331607555024 0.2556953747344004 -0.9129832312980624 4.029741336413274
0.9348339355237765 0.23213752875159993 -0.26869626111694994 15.09232917041374 0.13737482727746564 -0.9342252754554461 -0.329167573631855 -0.6825018848114022 -0.3274349856438901 0.27080491584403765 -0.9052353438366674 4.289172198055213
0.9321597876561625 0.23813132790086378 -0.27271157098478593 15.146258320489986 0.136519363364004 -0.9288366477750287 -0.344419722398028 -0.5626353869041513 -0.33532162725285963 0.2838238052422998 -0.8983337096392832 4.555434471325099
0.9300611231129459 0.24401923605147469 -0.2746651046469885 15.207101273121733 0.1367123847012378 -0.923753791937479 -0.3577550219779313 -0.44438231378038634 -0.34102203908719336 0.2951839160895865 -0.8925079408827852 4.82281444997011
0.9284411330628689 0.24945024816521308 -0.2752664820265082 15.281776185347624 0.1376077514587176 -0.9192319001293346 -0.3688859180330535 -0.33620807293065563 -0.34505241511314216 0.30461005806592545 -0.8877789946544475 5.094599034296181
0.9276844105581387 0.2543002693762229 -0.27337338459070826 15.365855377777638 0.1393981285648813 -0.9151461379753939 -0.37825349687918314 -0.2506191956577072 -0.3463665632823233 0.31279213408252743 -0.8844157872268509 5.356373756182747
0.9272298471102771 0.2587799910246381 -0.2706985904528148 15.464034112148237 0.14173481149104789 -0.9115685297584979 -0.3859456681523035 -0.19258309953731267 -0.3466353326472212 0.319492929185012 -0.8819116817240442 5.607590146553298
0.9272377735722248 0.26282531404171744 -0.2667451322136845 15.570510381258403 0.14482285665282846 -0.9085784652000046 -0.39180545270033995 -0.15907499531314268 -0.34533527397550584 0.3246660235898987 -0.8805313859679198 5.854478866356375
0.9275509476078008 0.26643101091935445 -0.26203769960133927 15.683547540058532 0.148333136087759 -0.9060937627545504 -0.3962213697362508 -0.14554362378294544 -0.3429963853020047 0.32864663320623144 -0.879968675665201 6.089241552032813
0.928040392129781 0.26979999170739866 -0.25680536413846605 15.80200453038643 0.15322339717801045 -0.904934757565471 -0.39700840684694844 -0.1460884875202147 -0.3395049648132295 0.3290912472622299 -0.8811556785509346 6.310574202192583
0.928797692139118 0.2728363609680811 -0.25078908909827713 15.917001729802703 0.15842308626378365 -0.9041025548691183 -0.3968635735587118 -0.15662699070935515 -0.3350178693975986 0.3288751897191825 -0.8829519447690602 6.52224698857988
0.9297328928714821 0.27525902749191145 -0.24460011385326963 16.03090140552335 0.16321058702203328 -0.9034755339156166 -0.3963511875847164 -0.17510936068014166 -0.3300894608992365 0.3285794080585375 -0.8849161092460418 6.722423736250099
0.9306503639120822 0.27749410301321153 -0.23850979632543856 16.143665929087966 0.16777924815322526 -0.9028826499086708 -0.39579419447869035 -0.19638139540558874 -0.32517691191019005 0.3283290168212216 -0.8868258186779199 6.911670309022648
0.9315481673071581 0.27941621484301 -0.23268990280946894 16.255157242187103 0.1719153316123001 -0.9023291000509631 -0.39528130990201427 -0.2176346919910812 -0.32041087800402174 0.3282206180056704 -0.8885989506929816 7.0939517824755915
0.9324946274811675 0.28091345024158093 -0.22702731816266009 16.36035389795087 0.17566367415453643 -0.9019466387234237 -0.39450543022631157 -0.2396673946907841 -0.3155884080591169 0.32799374135627835 -0.8904066836731536 7.268737291795204
0.9332967958907399 0.2821655444154598 -0.22212540675214576 16.459479863513135 0.178829849930744 -0.9015879356018499 -0.3939023726140054 -0.2585150205494621 -0.31141126433356037 0.3279051690991198 -0.8919087534743964 7.434269986984784
0.9340372965994288 0.2830539520064493 -0.21784120091195203 16.552503963119896 0.18142576956016152 -0.9013446714387792 -0.39327150088510393 -0.2740059713755267 -0.307667058198849 0.3278082419989617 -0.8932428212847927 7.592786172840501
0.934529167864808 0.2837099648860588 -0.2148578372651578 16.639367629657617 0.18326322983623886 -0.9011626465333551 -0.39283644571626686 -0.28644967299635427 -0.30507347147842867 0.3277415755093498 -0.8941563826774095 7.741516413514959
0.9348511138320618 0.2841308523610412 -0.21289211752327036 16.716484088128187 0.18539401843177689 -0.9020479512435576 -0.38979295989925 -0.29559842087935173 -0.3027911043882758 0.32492945756562086 -0.8959566924296286 7.883868443588892
0.9350576901106635 0.2841595452113818 -0.21194449516364183 16.787437847041165 0.18685722125738075 -0.903157985957159 -0.38651006618945705 -0.3017435358381647 -0.3012498880147188 0.3218058502685569 -0.89760208316606 8.017847602664817
0.9350180086812085 0.2841313645572088 -0.21215723206312312 16.852616928720227 0.1879303340573052 -0.9044267087584117 -0.38300720362094615 -0.30372805224533445 -0.30070502653420517 0.31824785334591926 -0.8990521624787837 8.14496737856069
0.9350353036836818 0.2836635626922784 -0.21270628591061622 16.909645609007274 0.18858937819085742 -0.9059269852856973 -0.37911784944098026 -0.3043499486262367 -0.3002382841989854 0.31437442728678144 -0.9005696487053945 8.265961330858893
0.9349878464365453 0.28306682445151843 -0.21370751018830522 16.955297671629697 0.18905156292660144 -0.90755046578079 -0.37498221106617863 -0.303469938970962 -0.30009537412456155 0.3102020711665287 -0.902062881108094 8.37846272788548
0.9349058247611068 0.2824310085234968 -0.2149042211129303 16.99886598778985 0.18954826168849762 -0.9093122710782522 -0.37043575712582083 -0.2980739712528518 -0.3000375898427122 0.30558782549524405 -0.9036556454703666 8.48599152489406
0.9348249907187298 0.2816758544814397 -0.21624280272387708 17.03432744457342 0.19006797087706034 -0.9112652249100706 -0.36533526563456153 -0.29189352330790397 -0.29996066937917676 0.30042370557555786 -0.9054110635252073 8.584022132334683
0.9347423025678527 0.28086480707576933 -0.21765060977732117 17.06356523670378 0.19060422669564525 -0.9132904669060287 -0.35995909743236576 -0.28461207624430873 -0.29987806948142093 0.2949838693977337 -0.907225253307709 8.671787149116668
0.9347771007686116 0.28021320569885805 -0.2183399441939075 17.089836244254336 0.19175515622585332 -0.9154238792423166 -0.35387721228379104 -0.27485898658501035 -0.2990346667853541 0.2889285044174738 -0.90944960684782 8.750518844299684
0.9349606914829622 0.2796327003743445 -0.218298094959745 17.11023738525657 0.19336412821682267 -0.9176150010615272 -0.3472650626622294 -0.26473545172241275 -0.29742027385612085 0.28246816229126787 -0.9120048892364254 8.822170701204676
0.9352465000608579 0.27919204412025117 -0.21763682276644183 17.124375386382972 0.19545712500146628 -0.9198563457816367 -0.34008942266912 -0.2529619276003794 -0.2951448735961326 0.27552877458662983 -0.9148625022180727 8.88583138158237
0.9358471880965479 0.2787713616792059 -0.2155842490519799 17.134146740621528 0.19822243728706773 -0.9222079813403016 -0.33202455407427445 -0.2430855287647742 -0.2913724521772078 0.26799061002163427 -0.9183044849354017 8.942052211011546
0.9366931626434256 0.27848881268813097 -0.21224961781970875 17.14129636828785 0.20168580358881766 -0.9246217665434295 -0.32310590441036613 -0.2373516249232613 -0.28623199626839446 0.25984335673952275 -0.9222541267300175 8.98801407717743
0.9376097958792022 0.27877799967422384 -0.20777559425736047 17.146057917188525 0.20614864450275106 -0.9269568620171864 -0.3134544820686559 -0.2306117457653885 -0.27998322635657874 0.251065335832905 -0.9265935409347896 9.023702286688197
0.938734926823086 0.27949844397304124 -0.20163669551722044 17.145447332294786 0.21156106191138074 -0.9291916113657164 -0.3030591797826173 -0.2245107815715936 -0.272063695199092 0.24183376353237482 -0.9313956069095362 9.050641914015312
0.940157531569581 0.2805247801148252 -0.1934157790215717 17.14893536717697 0.2179268925737371 -0.9313948438634302 -0.29156734096563625 -0.2219109291289929 -0.26193832351556984 0.23196873187165917 -0.9367917709436323 9.06441313937946
0.941765354049047 0.2819299175070021 -0.18328540456721606 17.149692432598854 0.22512911866484647 -0.9334904648933505 -0.2791279847711188 -0.22042248000474918 -0.2497897072380336 0.22161018380862252 -0.9425996120253001 9.069533956269032
0.9434879870744665 0.28406050504721087 -0.1707045626762673 17.149693630465766 0.23359202571921472 -0.9353931407370409 -0.26547022014246435 -0.22113441421392438 -0.23508548182855935 0.21059273903536715 -0.9488864602780548 9.074095035944847
0.9451769562799703 0.2870531865117268 -0.1556951811418549 17.149516440141966 0.2433254049837546 -0.9370474014832535 -0.2504693886744936 -0.22096672502960055 -0.21779180105509713 0.19885330142330185 -0.9555229436838399 9.078961447285069
0.9467599929897518 0.29081329111875726 -0.13810555884077272 17.14951439525159 0.2540834183234673 -0.9384004538211382 -0.23419266598538863 -0.2210816761058006 -0.1977046590424897 0.1866339143268415 -0.9623308421826321 9.07941732121588
0.9480091434784302 0.29564165134012393 -0.11779082253799722 17.149511059025638 0.26606228053291775 -0.939361611874317 -0.21635763220766688 -0.2210332437562385 -0.17461250458920852 0.17376931872390375 -0.9691824890655599 9.079504969268553
0.9487744825574272 0.30137133014662654 -0.0948804648678508 17.14950127893455 0.2788479623919021 -0.9399024674257838 -0.19704610018167928 -0.22101673301360997 -0.14856242835175643 0.16049508744063506 -0.9757922585210709 9.07951881794528
0.9488711592656038 0.3078913048512738 -0.06961657497269498 17.149505472074125 0.29205147079904503 -0.939969915354157 -0.1765290249030265 -0.22104575569358387 -0.11978923790584627 0.14717167739099388 -0.9818304516849421 9.079566191639493
0.9480554383537504 0.3152288322775315 -0.042681015789488644 17.14950295927491 0.3054282628953374 -0.9395433690718463 -0.15482840132824927 -0.22104043553546857 -0.08890704152436583 0.13374991937967173 -0.9870189952748206 9.07958060630344
0.9462585198303382 0.323106969147227 -0.01402498260215999 17.14955909625594 0.31854656222430516 -0.9386416665189745 -0.13221160905744808 -0.22074855846065372 -0.055882925331221175 0.12063875149791438 -0.9911222882638904 9.078863573222455
0.9433430663938014 0.3314461482892946 0.015726088863123534 17.147868130241406 0.3311302695858151 -0.937275135581302 -0.10894064799273656 -0.22080929684131362 -0.021368286097984694 0.10797578897717242 -0.9939238528901457 9.086699879239658
0.9392522075553241 0.340085515073123 0.04633716693863947 17.148474507714074 0.342927321457708 -0.9354861757847793 -0.08524357520312618 -0.22330703449927589 0.01435767391649909 0.09595549673165084 -0.9952820704939328 9.086583685655777
0.9338056971842664 0.3492838985925991 0.07750921293730917 17.145658130718598 0.3541167731706657 -0.933217939942311 -0.060873537181806214 -0.22397661163258026 0.051070841635922765 0.08429136820448685 -0.9951315161227757 9.09082116336639
0.9271086209742176 0.3586599661032527 0.10877790966045542 17.144331122097995 0.36427109034556093 -0.9305825338272253 -0.03636922427214357 -0.22535834990099093 0.088182638051607 0.0733428691183741 -0.9934005465549858 9.094206865221233
0.9194034004683098 0.36762739325442495 0.13981232755471004 17.143913678715368 0.37287503312565495 -0.9277982476249904 -0.01243468437632457 -0.2258964553438872 0.12514630189842138 0.06356501736768039 -0.990099940252597 9.095455206849461
0.9106269769320778 0.3766687273069788 0.16993875000271727 17.144079937124612 0.38048694898353713 -0.92472340500681 0.010784520657434429 -0.2258502476500216 0.16120853121576537 0.054838801058668896 -0.9853956136302331 9.095480361858627
0.9010537868788099 0.38496961125386997 0.19975102393329774 17.144101613870113 0.38653190596165377 -0.9216949684236114 0.03273332944033822 -0.22585806286261823 0.1967108508064767 0.04771565354936109 -0.9792997792205153 9.09550084384724
0.890830609325512 0.39275156326569277 0.2284010399299702 17.144103875670684 0.3912444127937153 -0.918711618095356 0.05382167067560983 -0.22588515242825485 0.23097323426414199 0.04141463906600457 -0.9720782852860127 9.095542106074154
0.8802512697660473 0.3995463417939308 0.25596957404025455 17.143018138710637 0.3944414894108368 -0.9159897391771626 0.07333968334752142 -0.22605962033279892 0.2637681055522496 0.03640767063739991 -0.963898785149217 9.092791839754852
0.86993571762483 0.40503972612724726 0.28134439297653824 17.14034601003577 0.39638966157348954 -0.9136866199401968 0.08973291893119685 -0.22336344953356652 0.2934060043663501 0.0334601374925874 -0.9554021853652789 9.106103405557732
0.8593940517136637 0.4101513813657569 0.30531575171113323 17.139248662180364 0.3977928377840516 -0.9114757350568751 0.10475133703318694 -0.22262084494292422 0.32125180479941917 0.03142974333796854 -0.946472106903751 9.120401643839896
0.8496622537957728 0.41329045376581836 0.32751344293132695 17.139255543234224 0.3974558677746975 -0.9100890086468811 0.11733213332927747 -0.2225417171324509 0.3465586352208668 0.030479454820929425 -0.9375329941861614 9.120665559954615
0.841033482161007 0.4144060454011764 0.34775035789929687 17.139223085852965 0.39581211990784804 -0.9095590591400025 0.12662971085179336 -0.22259554257800235 0.3687756060508697 0.03114397969610834 -0.9289965580724733 9.121055027907872
0.8335096224633722 0.4137917988876266 0.36611208179232374 17.139201049662685 0.3933217819852969 -0.9097615061929323 0.13278545728157917 -0.2225960834631403 0.38802021220147515 0.03332190004950821 -0.9210482972679626 9.121112872059992
0.8277475545778807 0.41095753618125486 0.382031267498056 17.139171857635173 0.38967757186284213 -0.910917600892702 0.1355747556551874 -0.222591426045118 0.4037144732077586 0.03664734423825132 -0.9141507513987315 9.12113808010058
0.8237900485555608 0.4060454155202181 0.39559711378603407 17.13916188548849 0.3852505162510368 -0.9129159648058763 0.13478308844534548 -0.22257738622939732 0.41587497595928596 0.041371025338630116 -0.9084802929251102 9.121153338487089
0.8215615864339813 0.398809165059147 0.40741601534660615 17.13906740994204 0.37969767817610756 -0.9158167621798848 0.13080264254985666 -0.2225915231659965 0.42528370869779747 0.047232488555850514 -0.9038267860276484 9.121185788189685
0.8213697845910086 0.3898924647597787 0.4163358534698455 17.139104942195228 0.37385568802275804 -0.9192539016495953 0.123305266858421 -0.2225815880200383 0.4307941521120616 0.05437030646907314 -0.9008108948500284 9.120990079769259
0.8224534237693533 0.3794402980641841 0.4237870053871779 17.139141428741567 0.3676551362653251 -0.9230756860360769 0.11296450162219633 -0.22259810087220488 0.43405076489714206 0.06289942808952291 -0.8986899328679592 9.120920364184261
0.8247599487012028 0.36785656114145676 0.42947942610044954 17.13912314267773 0.36115806459563154 -0.927073473109031 0.10049690460455546 -0.22259554396825443 0.43512742891700984 0.0722241364277981 -0.897467433794303 9.120979663474563
0.8281583634849048 0.3550624553328693 0.4336869583040265 17.139134387572994 0.354393649093139 -0.9311689551427766 0.08561260690318144 -0.22260364494032836 0.4342336542375006 0.08279510729085275 -0.896987237220376 9.120972071133941
0.8322675079339968 0.3418453954706162 0.4364315763471666 17.139160274652653 0.34744379675129444 -0.9350944384497805 0.0698655800758515 -0.2226072786671095 0.4319879666569197 0.09348859168811996 -0.8970207800757976 9.120960119789066
0.837094102787855 0.3280818789987861 0.4377622000018071 17.139187098681695 0.3405004418614305 -0.9387796523211885 0.052461542865979524 -0.22260602179542122 0.42817392747570093 0.10514297437458349 -0.8975589355411148 9.120980282568864
0.8421488729724417 0.3138432950684549 0.43850617087085697 17.139130488366522 0.3336769922614241 -0.9420941266337132 0.033441312737851905 -0.2225833693562097 0.42360941985113587 0.11815685635136071 -0.8981057937183948 9.120965067914312
0.8473746794837203 0.2997551043031151 0.4382955966172724 17.139178899411093 0.3267162916143404 -0.9450089426733534 0.014647971230298214 -0.2226024084625543 0.4185840624816423 0.1307859920313294 -0.8987115259774658 9.121009532272423
0.8524098877052523 0.2862946235283917 0.4375303096712913 17.139148181123737 0.32030509803113333 -0.947305276673481 -0.004166168725121003 -0.22256911615316166 0.413282019349482 0.14369447214599657 -0.8991940119668825 9.121230464225285
0.8572349532867722 0.2730560797119702 0.43656455673331446 17.139118891720702 0.31428131570084805 -0.9490382523645258 -0.023529771571996858 -0.22256583167994237 0.407891516784511 0.15737462591287277 -0.899365185925058 9.121347287754302
0.8616132537166191 0.26060132948820264 0.4355565957356659 17.139077405318815 0.30879324911102385 -0.9501864235222678 -0.04233780647859532 -0.22257106893970469 0.4028266752876704 0.17097575156420003 -0.8991651472636931 9.121398278519372
0.8652278348617823 0.24960750372516105 0.4348297228392811 17.139098064860246 0.3043708217544919 -0.9506669126833891 -0.05992348449088196 -0.22256929801197356 0.3984208787763106 0.18419694680728937 -0.8985167155606983 9.121383522853291
0.8678155979287805 0.24002493504641018 0.4350679470467572 17.139067006394775 0.3010332578695666 -0.9505777973538325 -0.07603176201017263 -0.22257643501366853 0.39531641206500445 0.1969514705045461 -0.8971817277553913 9.121373497338398
0.8696540170201673 0.23236491235747414 0.43555532161344335 17.13908471410654 0.2990579233360072 -0.9499503375350288 -0.09032560382881502 -0.22258533015751447 0.3927674237645499 0.20880829418916427 -0.895618695152781 9.121286361642102
0.8701679969491799 0.2265441541776828 0.43759045155644166 17.139133957351923 0.2987151570730342 -0.9487880387122439 -0.1028129978718949 -0.22259432957586278 0.3918889026500811 0.22017948088886952 -0.8932771597747383 9.121270041299082
0.8692582990335374 0.22260388291994423 0.44140403359086483 17.139123525505962 0.30008479272380595 -0.9471604870997419 -0.11329664096031478 -0.22257675742668703 0.39286018726416144 0.23094268333494317 -0.8901271539936442 9.121294180451295
0.8668341481100591 0.22100408107664693 0.4469404387810245 17.139147175470907 0.30353237540645206 -0.9450579254909638 -0.12138210142699013 -0.22259362125471416 0.39555866410739193 0.24087904353468015 -0.8862903754613342 9.121283945364373
0.862531569552537 0.22219007882439268 0.45461066903147757 17.13913964510215 0.30902699318091087 -0.9427285815270373 -0.12555930494226808 -0.22259518424851077 0.4006764393008438 0.24878583248253983 -0.8817958950602839 9.121272484267653
0.8561982885899144 0.22571777135505822 0.4647321576028577 17.13910493143655 0.3168321936520505 -0.9399129305234717 -0.12720473301103616 -0.2224984162784165 0.40809539531993155 0.25615458365855004 -0.8762664991824025 9.121172812606272
0.8474814493733247 0.2323163739912355 0.477288482307769 17.139113605470587 0.32706604162985076 -0.9367243782229622 -0.1248008159243597 -0.22250416915028914 0.4180944837960312 0.26187123098647086 -0.8698393305668357 9.121164625272069
0.837204096990015 0.24054319967767526 0.49114994560923997 17.13910694583803 0.33879474088150596 -0.9331110744331526 -0.12050662355754915 -0.22249579462583347 0.4293104046423364 0.26728765751346184 -0.8626991854677966 9.121151706190245
0.8248647037283433 0.2510778298342806 0.5065156896966378 17.139148925467 0.35189317751146865 -0.9292637128208677 -0.11242839345671564 -0.22251212004924836 0.44245837336865335 0.2709776289660903 -0.8548694125045541 9.12114265277993
0.8104796622509861 0.2636136737190178 0.5230970733103857 17.13915895114895 0.3663050593016758 -0.924951009070952 -0.10142107447973378 -0.22247181391567383 0.4571031837643702 0.27381282264896056 -0.8462170038149112 9.121032362368815
0.7945463876201796 0.2774890823547532 0.5400887400174534 17.139202610036964 0.381508006468102 -0.9201183056422736 -0.08850957362187713 -0.2224868861734215 0.4723850959973845 0.2763731405109925 -0.8369409825570936 9.121025573456661
0.7768742781016542 0.2922426086520612 0.5577280822338716 17.13921717047098 0.397065325487288 -0.9148243387849766 -0.07372622642116536 -0.22247944070408265 0.4886772793160206 0.2787304914336951 -0.8267429043090864 9.120957850087366
0.7582413418500512 0.3079751930646146 0.5746488910336878 17.13926007742501 0.41257911704209405 -0.909126711760314 -0.05715850019590524 -0.22249997152215495 0.5048252565890499 0.280428069958577 -0.8164015910623322 9.121003689777083
0.7389543315905568 0.3240949174070805 0.5906851786988155 17.13926637465417 0.4280169164048633 -0.9028822564367186 -0.040064326813415624 -0.22252979878512447 0.5203345222977486 0.2824289565937558 -0.8059068614812362 9.121042373020225
0.7187188081113902 0.3403960116944462 0.6062786736224993 17.139330702069874 0.44299172035787526 -0.8962571057535076 -0.021943930384410476 -0.22253834794697003 0.5359119429172229 0.2843479481354846 -0.7949494536320074 9.121097700157748
0.6972304390185575 0.35687502579623215 0.6216992286217902 17.13927438137468 0.45672685250586637 -0.8896056253867608 -0.0015535379993903142 -0.22251495267086185 0.5525127121669464 0.28502990587510213 -0.7832545280116523 9.12101467560564
0.6762949320331595 0.3729987077342196 0.6352142386115619 17.139582476705318 0.4694433191673495 -0.8827675398135861 0.01855911475827207 -0.22258461218760917 0.5676690364952154 0.2856456453021312 -0.7721129647431928 9.120903301444251
0.6546895326071824 0.3890278121686417 0.6481041407473566 17.139447059425997 0.48128861695829994 -0.8756740590961061 0.039448820166343934 -0.22251953824237192 0.5828746718471786 0.286098415908634 -0.7605292981428227 9.120834252858845
0.6342634098005034 0.4021763952370627 0.6602757561067653 17.140259602577775 0.49084218214897835 -0.8693158864392941 0.05799863625546192 -0.22306789579926378 0.5973138866722151 0.2873047801523429 -0.7487803977737039 9.120493973074456
0.6147066117648754 0.4181446660539026 0.6687980410431965 17.139767707472654 0.5007640021366906 -0.862000900643495 0.07867567256686253 -0.22262707145554184 0.6094023265598775 0.28654752754207097 -0.739269449418096 9.120548372914225
0.5960966823751137 0.43159100809060363 0.6770509190575845 17.13981401379453 0.5081393985157919 -0.8556728434264527 0.09807311914331675 -0.22262601666296877 0.6216615614121502 0.28557518582297464 -0.7293721384209719 9.120407853385517
0.5792914417590266 0.4435591080894521 0.6838689517265997 17.13986694163611 0.5141162830209237 -0.8498764376552949 0.11573455945004295 -0.22263748979123577 0.6325392264812499 0.28454412372993376 -0.7203671068373864 9.120340825024961
0.5646840979038675 0.4550419531214417 0.6885264631616705 17.140610046373624 0.5181274944608264 -0.8448345843332535 0.13341073644278156 -0.22314802777961873 0.6423984503859284 0.28140956986904814 -0.7128344021775855 9.11987717131043
0.552900355386824 0.46391962668906017 0.6921558906675628 17.139982955557734 0.5221249310505559 -0.8402604882850181 0.1461090969189653 -0.22264695191638595 0.6493741243601999 0.2806080750792935 -0.706804325688318 9.12009999381811
0.5444366761054779 0.4711725008657559 0.6939633853015076 17.140067946381656 0.5245849262458359 -0.8368282099567043 0.15661801357541733 -0.22267370925172114 0.6545222386343114 0.27877414056645905 -0.7027699607158534 9.12000422396772
0.540746915684712 0.4702205814478614 0.6974850378038987 17.140138013350533 0.5211453871553802 -0.838142224927195 0.161012720742058 -0.22272413453904039 0.6603031566062211 0.2764239779341261 -0.6982761100015766 9.119927661249783
0.5400037876701724 0.4693522080720408 0.6986446980259476 17.140206854057915 0.5176836431820814 -0.8397094952400093 0.1639866128240254 -0.2227774805345707 0.6636260655546883 0.27312354051174176 -0.6964222689825019 9.119890241790452
0.541530108384576 0.46831488798047716 0.6981592278333235 17.14029365764235 0.5131600062799119 -0.8419432579886998 0.16672839674804837 -0.2227707867390839 0.6658918453230902 0.2679789469775695 -0.6962580946093215 9.119723009799058
0.5451616478683156 0.46657118657977387 0.6964984605489413 17.140362291090657 0.5089412753831678 -0.844390260586701 0.1672837889267159 -0.2227849175662634 0.6661663124962547 0.2632801087812472 -0.6977865206603503 9.119598318004247
0.5506475503575687 0.4645780129645051 0.6935088645108736 17.140422409900207 0.5046833227413685 -0.8470537689648865 0.16671729433119056 -0.2228134012522361 0.6648924868216972 0.2581998883662294 -0.7008928581571696 9.119534219639895
0.5565425361649259 0.4631632816275493 0.6897392115800813 17.140428093386603 0.5001895970922925 -0.8496676456836398 0.16695885373070635 -0.22286620177488847 0.6633783026296254 0.2520806744485201 -0.7045456416512821 9.119566592506086
0.5644622121396476 0.46040034598285284 0.685137893044375 17.140480074458647 0.49534033087387663 -0.8528800967271544 0.16502574713189094 -0.22292316828374187 0.6603183835667266 0.2462256323487661 -0.7094734458020795 9.11955215249899
0.5726205231850892 0.4583717374618699 0.6797066181253657 17.140563790097154 0.49027021764774714 -0.8559627644120669 0.16420371380600296 -0.2229576594100784 0.6570698974347142 0.23921349509640905 -0.7148678574735998 9.119557959750455
0.5812240669200668 0.4554902884275972 0.6743197914795639 17.140587105546935 0.4848971024949019 -0.8593391754155664 0.16251455808063375 -0.22297134491266257 0.6534932165102761 0.23251834066206356 -0.720334531471881 9.119564515952561
0.5892686282456447 0.452993265393313 0.6689989426552182 17.14061792065448 0.4800386822131784 -0.8623326706247716 0.16107522699715343 -0.2229930817708412 0.6498656379164324 0.22622879277725216 -0.725599880081313 9.119582247040725
0.5968651291458047 0.450580389259782 0.6638744839382407 17.14069541832636 0.4741327522363666 -0.8655709009147314 0.16119909660549742 -0.22304219479383836 0.6472635868535557 0.21855051659550834 -0.7302640076227953 9.11955392562177
0.603764563241869 0.44824648890058083 0.6591990878040236 17.140769473617482 0.46915262566642635 -0.8683593253629008 0.160772808290413 -0.22308732561062972 0.6444875219922054 0.21219605850154086 -0.7345806060282 9.119571358364212
0.6113650977742795 0.446498123214123 0.6533545310087864 17.141885815831376 0.4624255150178678 -0.8715628457203692 0.162913624415736 -0.22275551865035803 0.6421801618579518 0.20252810157130682 -0.7393152289720653 9.118061966386833
0.6132523297159764 0.44532265122927517 0.6523873974871504 17.140898117682045 0.4595282700600749 -0.8729109887199389 0.1638907403960754 -0.2231733753034426 0.6424603871940453 0.19928407380949512 -0.7399530450051337 9.119638506857115
0.615143408891553 0.4445571980872409 0.6511278554370881 17.14098639994214 0.4544713271997316 -0.8747927247712227 0.16790920594373177 -0.22325917353650532 0.644247156959652 0.19263069930870746 -0.7401614786202021 9.119684915658315
0.6150990045544785 0.4422299260756874 0.6527525619093213 17.14107680736952 0.4486985523305677 -0.8770925062951301 0.171401121750648 -0.22333902497912944 0.6483230859166924 0.18746047019043713 -0.7379266551517419 9.119755503507784
0.6125777722802495 0.440393452056265 0.6563551479908823 17.141149870994276 0.44317038036948686 -0.8789616161661626 0.17614338270208102 -0.22344605772272452 0.654483374022084 0.18297563961504193 -0.7336016824109219 9.119860438513523
0.6068889039404961 0.4403299835327073 0.6616610641982718 17.14122937978073 0.43815317456101527 -0.8799290624147791 0.18370258773341364 -0.22354162608273914 0.6631045572879198 0.17842183364132824 -0.7269511643735489 9.119949412730112
0.5973306606805472 0.44193395957590903 0.6692461857825563 17.141301045917103 0.43332523050686494 -0.8800297362332056 0.19436282553895695 -0.22363807427035184 0.6748520774340948 0.17390238272914332 -0.7171698786647506 9.120055295448738
0.5839086254614562 0.44485209015164634 0.6790856610173895 17.14138568139025 0.4289470095284435 -0.879256972063777 0.20715124931760426 -0.2237420835194059 0.6892424683145394 0.17033436225538978 -0.7042237037381881 9.120144686723961
0.5667917552953325 0.4461811401660065 0.6925817614472664 17.141464779766565 0.4225427977278039 -0.8791007612996684 0.22054350040457682 -0.2238387808295228 0.7072515042172735 0.16764319742389144 -0.6867976908376281 9.120239825028328
0.5441603819475729 0.4474260370935388 0.7097178453790234 17.14197232415009 0.41548459427525486 -0.878626360950147 0.23534712609978747 -0.2238125917567241 0.7288772397589316 0.16681024900848762 -0.6640122816538319 9.119719732298284
0.520737039497184 0.44990824328895296 0.7255449733244362 17.141554802590704 0.4068344334656405 -0.8779369036100542 0.2524134248138999 -0.2240171086604708 0.7505455878508646 0.16373565860935496 -0.6402124293212068 9.120373740186249
0.49168939624873514 0.4531690026716866 0.7435586006725383 17.14158859097854 0.3989906970088517 -0.8762423606444478 0.2701957607229174 -0.22408789347089897 0.7739818869437094 0.16382057389044352 -0.6116492935116173 9.1204666058383
0.45663138591214786 0.45516377236561695 0.7644041586267386 17.141648145509013 0.39152039671642985 -0.8743495245934175 0.28674847479677107 -0.2240700898205985 0.7988739302011055 0.1683414659825853 -0.5774613359142527 9.120443480356453
0.42458752282411205 0.45944732342521394 0.780149724385961 17.141594794111576 0.3820678184007011 -0.872117107772735 0.30567291746677305 -0.2241491293212634 0.8208225250348657 0.16828519640041592 -0.5458300789328676 9.120629820391933
0.387122496534061 0.4628110115639207 0.7974598047879382 17.1415961273672 0.37301471086004034 -0.8695710810964307 0.32358331292386716 -0.22416842317536756 0.8432059049598957 0.17219785856962722 -0.5092658434892313 9.12069336708955
0.347486873983592 0.46598451618099895 0.8137022201571482 17.141595456866657 0.3632601652994834 -0.866912361154113 0.3413283029354488 -0.22418577961839592 0.8644622170550333 0.1769784980096787 -0.47051427877008667 9.120753131865794
0.3068359106601007 0.46952583866162084 0.8278871968804016 17.141591035182316 0.3532136229008927 -0.8639033221275155 0.3590420401767298 -0.22420186442682555 0.8837940147605736 0.18225404480050392 -0.4309194850865335 9.1208155725512
0.266000881797418 0.47282105198159474 0.8400498697613219 17.141574138556038 0.34289383291318287 -0.8608600830296544 0.37595709435556934 -0.2242358261484192 0.900925829484926 0.18804300106410318 -0.39111696398609896 9.120891214691826
0.2237232724809443 0.47528544248144017 0.8509122431341783 17.1416464004642 0.3321672609849408 -0.8579568864895183 0.3918863249144764 -0.22421265768646315 0.9163038841346137 0.1949710980900348 -0.34981918590807254 9.120869461519323
0.18750776440547157 0.4799797322478023 0.8570065897757093 17.141524428610857 0.3222025280130666 -0.8542626900119886 0.4079470399395866 -0.22431510473778404 0.9279150657412842 0.19963645229468904 -0.314831570344429 9.121113274943257
0.1501376226262837 0.48246844929725874 0.8629501084679384 17.141496831893495 0.3117564784129826 -0.8514162014911442 0.42177997819470703 -0.22435758336752487 0.9382252354523745 0.20570524366454668 -0.27824226905566724 9.121239958112508
0.11721607803766697 0.4854918225070116 0.8663475522723476 17.141440595366 0.3014674625486288 -0.8485912530326739 0.43475309579223 -0.22444877267229835 0.9462440277613164 0.21021554546526086 -0.2458285263568575 9.121400468767806
0.08714380411841258 0.4873832521812376 0.8688288225519528 17.14143039369698 0.29151024156760313 -0.8464467622998028 0.4455891130328251 -0.2245212081994401 0.9525900148883412 0.21444216955958617 -0.21583980042987513 9.121533929677218
0.06379229984722296 0.4901754468621603 0.8692862438654392 17.14128321187336 0.2789177152440141 -0.8451054467833645 0.4560720249479782 -0.22467271207671047 0.9581938481347401 0.21336544966458754 -0.1906298357712331 9.121809037096877
0.044835285639190085 0.49178060141962193 0.8695640501015478 17.14119259147176 0.2687622548891207 -0.8442850637427957 0.4636265539070631 -0.22482204210994805 0.9621624849829511 0.21291916590147178 -0.1700258253420755 9.122030522320564
0.03218743062258577 0.49310308718108187 0.8693752439093279 17.141085215729312 0.2616711847760661 -0.8436441486026003 0.46882058571108454 -0.22497857738364146 0.9646202156122412 0.21240032001171968 -0.15618560654270613 9.122259287035838
0.02541152155887587 0.4928645991177033 0.869734868513738 17.14110034556972 0.2585789777701284 -0.8436478779895981 0.4705264819529338 -0.22502848930075103 0.9656558221371727 0.21293835939115033 -0.14888280045857233 9.122323791360305
0.02727193003497652 0.493670216038664 0.8692214675377653 17.1408330202241 0.25909384613379904 -0.8433201790091486 0.47083060071704463 -0.2253793157774755 0.9654670479761404 0.21236947396534353 -0.15090588391418236 9.122753153398525
0.03413683145268869 0.4760771809294275 0.8787406867424884 17.14069136162953 0.25721831737188716 -0.8538192055238283 0.45258314317596265 -0.22562145325626481 0.9657501819553264 0.2105784463731935 -0.15160245372785436 9.123002239172289
0.04810167642438168 0.45535463079430044 0.8890097800020821 17.140538298228655 0.2569799428576233 -0.8657208420501723 0.42952151588579746 -0.22589752396227514 0.9652189066186264 0.20779697749035486 -0.15865963081961415 9.123265746807213
0.06820829849494715 0.43161545276710367 0.8994752519936677 17.140417047977447 0.2576158656964118 -0.8786193083365068 0.4020723526428627 -0.22614451354476284 0.9638369643035654 0.20429442466921688 -0.17112011655898668 9.1234872993585
0.09426976649490777 0.4052625607796821 0.9093269312823029 17.140185218922433 0.2587145358115847 -0.8919857289363665 0.3707131618025655 -0.2265125975151614 0.9613428109081545 0.200309051727957 -0.18893460167755094 9.123768889656128
0.12527610827460625 0.3765430767593353 0.9178895402172216 17.140003160505454 0.25997087048338285 -0.9053097244215198 0.33590095172229567 -0.22685086429121526 0.9574555045513506 0.19654417878035751 -0.21130391049829986 9.12402053638174
0.16029907402767288 0.34539673735346993 0.9246649667265702 17.139796724699885 0.26068163567586394 -0.9183334521044736 0.2978401510327929 -0.22721236004354806 0.9520237873536707 0.19329967555963165 -0.23724658847139266 9.124262066978725
0.1981448590612831 0.31128362885413413 0.9294305338404728 17.13961482849076 0.2602205760342022 -0.9309103365831377 0.2563029399969841 -0.22754427663528642 0.9449994003363243 0.19107183897704888 -0.2654575026513969 9.12447810904337
0.24015792403613903 0.2776180220387225 0.9301894459527908 17.139349892255687 0.2586745689120043 -0.9418877491890922 0.21432436941630073 -0.2279737440211348 0.9356343510799725 0.18914465830896088 -0.2980145286933937 9.124732474278018
0.28301376114235627 0.24153557578998747 0.9282045984759272 17.13910068720208 0.2552256638202763 -0.9518429386599466 0.16986724419586266 -0.22838127847331324 0.9245339753257081 0.18882686713229327 -0.3310307277541568 9.124955379457209
0.326035990099762 0.20359370236879398 0.9231739475935373 17.13887814062651 0.2501352994991979 -0.9603093428194821 0.12344350140068672 -0.2287974883711021 0.9116648864051499 0.190671367670612 -0.3640213791063704 9.125125021521637
0.37108556261071024 0.16876652920532012 0.9131338148606057 17.13855848561988 0.24309382786026631 -0.9667082707694578 0.07987809513357547 -0.2292264476047351 0.89621476002024 0.19233558653019767 -0.39975758413812357 9.125404840538469
0.4145277524266936 0.13271436188828645 0.9003075255803759 17.13826518062635 0.234164780530154 -0.9715521995243409 0.03540027060179672 -0.2296681416577192 0.879393881049521 0.19614591952931515 -0.43381237905880554 9.125626403831326
0.456535837891856 0.09788999068317653 0.8843034425153103 17.137955744261333 0.22374321822719487 -0.9746183128305184 -0.007623423950680136 -0.23010968193278725 0.8611120722749851 0.20133726435869134 -0.46685040962051166 9.125853941844897
0.4958663253375755 0.06334398356940013 0.8660855195312812 17.137632313617107 0.2119963195960351 -0.9759908841424616 -0.04999354506885731 -0.23055261965178087 0.8421247816529006 0.20839705807994433 -0.49738970466795845 9.12608239868041
0.5342642311522252 0.03389592915441665 0.8446376721991984 17.137315972301018 0.19936512866111228 -0.9760613366155291 -0.08693568104204917 -0.23097944537830295 0.8214714095969864 0.214837922981641 -0.5282323258412671 9.126357251324064
0.5685680000460576 0.005401340999063517 0.8226185354336712 17.136982492157266 0.1860804991181889 -0.9749042738332188 -0.12221172083581062 -0.2314027883665939 0.8013142187503925 0.22255894135517507 -0.5553044574387205 9.12666889578941
0.5989144395985689 -0.02051721294765735 0.8005501470946045 17.1366460474592 0.17313634017972038 -0.97271096020805 -0.1544577469740704 -0.2317974032064114 0.7818729447611706 0.2311112975689295 -0.5790183644639447 9.127040508069816
0.6263945752725457 -0.0419601085628629 0.7783759922804148 17.13631369410836 0.16072688837755084 -0.9701407640991264 -0.18164185967346339 -0.23216895360238343 0.7627559920587959 0.238885426768894 -0.6009467941971618 9.127440177273385
0.6494372240187538 -0.059842201261716854 0.7580568600091734 17.135992998584573 0.14958623479202673 -0.9673657042420756 -0.20451785402985737 -0.2324839045463003 0.7455570068207796 0.24621637883046196 -0.6192917280055135 9.127916474340232
0.668083905593594 -0.07373353815473382 0.7404237033199265 17.13568357290521 0.14045152661068838 -0.9646943226329229 -0.22279639259317793 -0.2328036685885455 0.7307101092495828 0.2528403235858371 -0.63414076277233 9.128375864966038
0.6831993961970444 -0.08249483585314034 0.7255571563244051 17.135380645752516 0.1335863153350794 -0.9627116643808626 -0.235246567711892 -0.23302539331837346 0.7179089645569211 0.25764482009656725 -0.646703846661064 9.12896297324379
0.6939653140136214 -0.08765001072312935 0.7146534954551128 17.1350851727048 0.12916578739526194 -0.9613052731418964 -0.24332770330594422 -0.23324767440853833 0.7083278494542887 0.2611697674881588 -0.6557911330886103 9.129546068582126
0.7014885183175614 -0.08898921819114944 0.7071030884633165 17.134797990238464 0.1272415041891534 -0.9605936573644607 -0.247122287628719 -0.23345491107891414 0.7012299610543709 0.2633263079847846 -0.6625222994305842 9.130144666177557
0.7059019476629959 -0.08695092752393944 0.7029523287452115 17.13455504950675 0.12774183127770272 -0.9605354953134552 -0.24709024016491363 -0.2336348246797284 0.6966953888374805 0.2642178995557689 -0.6669366062280054 9.130692763015361
0.7081266304930701 -0.08143771222343249 0.701373348662711 17.134288142554933 0.13038523177077288 -0.9611620967169267 -0.24324291391693958 -0.23370356639702372 0.6939426248059799 0.263695511646549 -0.6700062019226777 9.131458013236358
0.7073791244875345 -0.07354424783617827 0.7029978789793466 17.134026549600154 0.13508715971920612 -0.9621736033348194 -0.2365870163907717 -0.23382992082214082 0.6938056165225582 0.2623227032795682 -0.6706866375781262 9.132130302548532
0.7042956138773563 -0.06310698851047787 0.7070963132942047 17.133803833187102 0.14151717131229435 -0.9635689287464623 -0.22695332070309504 -0.2338764745646822 0.6956583777234948 0.25990849842883856 -0.6697066476805958 9.132839170039999
0.6991663385289942 -0.05053943107124385 0.7131705244715002 17.133578801703017 0.14927947820407467 -0.9651938563473922 -0.21474742619265244 -0.23392107448959054 0.6992010214917302 0.25660589544327406 -0.6672865546140402 9.133561851982494
0.6921556725166925 -0.03587944552796827 0.7208558735222805 17.133352907384783 0.1583914171269402 -0.9668652253351603 -0.20020937794746035 -0.2339648037472739 0.704153878057548 0.25275343998884553 -0.6635382540519578 9.134297457052657
0.6834379924919024 -0.01951661584673238 0.729747635915684 17.133127922623345 0.16840735566174836 -0.968463847978195 -0.18362117992836627 -0.23400262947215644 0.7103178675618798 0.24838856025420966 -0.658598246396986 9.135046290166857
0.6736726143185892 -0.0015434562977941213 0.7390282988220508 17.132963189411488 0.17913068885109756 -0.9698366884223117 -0.16531483327812801 -0.23404540295986087 0.7169919142004942 0.2437507241685669 -0.6530759369617063 9.135693780678153
0.6617646885114458 0.01745679007164104 0.7495083438626581 17.132739201551587 0.19026801237563523 -0.9709081654770392 -0.14538025201737606 -0.23394803457929458 0.7251658986093975 0.23881498003769638 -0.6458342084495218 9.136601024538166
0.649091970849422 0.03709653132026598 0.7598048833370434 17.13254517798911 0.2015474464787514 -0.971502334353034 -0.12474710884225407 -0.2339216337652581 0.7335245327844928 0.23410908079485268 -0.6380710760508435 9.137394918859316
0.6356995649299912 0.0574042323149956 0.7697992058063882 17.132345555785378 0.21270373763701356 -0.971652253427294 -0.10319408124939372 -0.23389468063198704 0.7420533559947454 0.2293396008586131 -0.6298890095365592 9.138201592893232
0.6218483909358123 0.0781921850249383 0.7792243328410423 17.132168685909342 0.22373709454545054 -0.9712706365203589 -0.08108676314724636 -0.23384007105781435 0.7504973625635881 0.22476506141828032 -0.6214775747770271 9.13898814108499
0.6078023532720207 0.0987552749616879 0.7879236606577034 17.13201379867212 0.2343008997060333 -0.9703649956119207 -0.059117372133925705 -0.23375998237916207 0.7587353871765423 0.22054290049402892 -0.6129285776399593 9.139758756033444
0.5938374752152227 0.11897052548482381 0.7957405777612919 17.131863072826796 0.244269007822033 -0.9689852988459886 -0.03741847722703337 -0.23368513539755953 0.766609225647363 0.2165952554563819 -0.6044805956076136 9.140506759787556
0.5801813784731942 0.13847273256412973 0.8026299710384404 17.13171482694916 0.25357040633063854 -0.9671773494219573 -0.016432400872425937 -0.23360919630208832 0.774010088504187 0.2130569808791541 -0.5962508748776816 9.14123747570777
0.5673520036352347 0.15701257332841023 0.8083679581650152 17.131570478603628 0.26216480174760387 -0.9650169890584998 0.00343912097887078 -0.23353266413985474 0.7806287982746503 0.20997443331334018 -0.5886674924429048 9.141949503115429
0.5557474483759792 0.17394622930690515 0.8129498649569346 17.131583140708557 0.2698400433335876 -0.9626648125950215 0.02151301013619579 -0.23356185929145346 0.7863403363921478 0.207410626297936 -0.5819361712949127 9.14209022765958
0.5457131976649229 0.1893927033034029 0.8162888642078578 17.131298744052156 0.27678343203666594 -0.9601908336231805 0.03774247972810307 -0.23339233179695662 0.7909412352661414 0.20533866406853613 -0.5764095726080715 9.143297524018339
0.5371874937531094 0.20299527603258213 0.8186711882457504 17.131182873304095 0.28270162085578776 -0.957797780200164 0.05199236298870111 -0.23330473694862364 0.7946756508920879 0.2035100246968051 -0.5719040826284967 9.143941864691591
0.5300748532591744 0.2152176253543436 0.8201841401045877 17.131071855222554 0.2881548509150489 -0.9554110838947143 0.0644704790214345 -0.23321477333254348 0.7974882016910285 0.20216585890788952 -0.5684553928459513 9.144566865726508
0.5243623069170479 0.22591547582547383 0.8209789089052059 17.130960533362156 0.29279284102047226 -0.95320679453047 0.07529381852521128 -0.23313020446505073 0.7995727129734936 0.2008955067777693 -0.5659721477464338 9.145172772288335
0.5201257177668851 0.23519200187776448 0.8210687912533348 17.13085568802486 0.2969073660748466 -0.9511712069126982 0.0843762473136754 -0.23304760133305968 0.8008216116514213 0.199895115980784 -0.5645588445140589 9.145751472406705
0.5171192879620389 0.2431348938485756 0.8206540473371687 17.13075558281484 0.30038622769058765 -0.9493715965861812 0.0919874220164042 -0.2329680822170893 0.8014709952527618 0.19894470334403852 -0.5639727376211551 9.146312496088226
0.5153154012454108 0.24992282780564454 0.8197491185606192 17.130657409874406 0.3033683127476758 -0.9477940128572843 0.09825566656694602 -0.2328889583298781 0.8015096406531304 0.19805324873254831 -0.5642315186220755 9.146851444520994
0.5146698831087699 0.255243412576771 0.8185143320412719 17.130562808682342 0.30548908139582537 -0.9465977597367414 0.103097538328116 -0.2328194768098224 0.801118800533816 0.19698599340447234 -0.5651594339951456 9.147365289012003
0.5149476230103348 0.25960415229625106 0.8169667249445054 17.130470265226734 0.30713311699984985 -0.9456432686462656 0.10690209027873757 -0.2327510786442718 0.8003113106772657 0.19586855943349277 -0.5666897858859693 9.147858787870247
0.5163137864194148 0.262666851599375 0.8151234256381785 17.130508229887404 0.30774993743985546 -0.9451307045999099 0.10962630719057827 -0.23280487563183228 0.799193374571519 0.19425260948916473 -0.5688197199004602 9.147672125620167
0.5181708732403172 0.26516038536703135 0.8131352385411511 17.130305638679474 0.30852993329469236 -0.9446641066404902 0.11144059352990553 -0.23260730186393197 0.7976893044202987 0.19313129124285472 -0.571307341066372 9.148785267659449
0.5208538213934881 0.26630944525575273 0.8110428941229768 17.130230226241384 0.3080664766970158 -0.9447067505246203 0.11235747170838342 -0.23254248690283896 0.7961195530039995 0.19133330834119402 -0.5740951336180495 9.149214968893613
0.524165243415841 0.2668678339143451 0.8087226699040148 17.130161012055844 0.3071649064221216 -0.9449550756816127 0.11273697355458538 -0.23247224190300664 0.794292463679155 0.18931842003731048 -0.5772850404930612 9.14962430387526
0.5280127660018255 0.26651206897179797 0.8063335761528682 17.13009656716108 0.30552241083230863 -0.9455214403573375 0.1124511551910433 -0.2324060867138935 0.7923752743607765 0.1869773326287379 -0.580672800865278 9.150012924989936
0.5323416653428535 0.26539907488476366 0.8038505348572641 17.13003457010861 0.303137127794887 -0.9463770962781114 0.1117061922745434 -0.23234725453253757 0.7903924551083875 0.18421108188847526 -0.584248272755011 9.15037981348951
0.5369293854871904 0.2636781790484667 0.8013617490834167 17.12997723737794 0.30013930207933137 -0.9474561677999893 0.11064903725333679 -0.23229044166719426 0.7884308684644964 0.18110943650578554 -0.5878572425860522 9.15072467192212
0.5415262054034184 0.2615248493529621 0.798970664062383 17.12992398140835 0.29661630047567517 -0.9486989697205186 0.109494452568844 -0.23223171702310652 0.7866181660459532 0.1776936071504468 -0.5913178864404189 9.15105126442059
0.5463149069986797 0.25861982103158954 0.7966528795909876 17.12987188613239 0.29219343136595555 -0.9502301002911557 0.10810067144679814 -0.23218138637519103 0.7849605219739478 0.17371973022730774 -0.5946918817943783 9.151357746239288
0.5509720417706582 0.25522393029896895 0.7945379503773368 17.12982435705018 0.2870311911679304 -0.9519547893862371 0.1067481815363809 -0.2321348299166941 0.7836088976548131 0.16924191078852827 -0.5977577027097659 9.151640401422561
0.5554468697596848 0.25151621652582756 0.7926022758601575 17.129781815107442 0.2812677689141818 -0.9538056467248222 0.10556150077505788 -0.2320890033675994 0.7825389556080941 0.1642996685948489 -0.6005317659003699 9.151900523184182
0.5596028538401219 0.24735820388101284 0.7909858184232826 17.12974110332703 0.2746006575671968 -0.9558476685300465 0.10464087838573098 -0.23204622983837891 0.7819457301102514 0.1586478916923686 -0.602819808586208 9.152140902754294
0.5636046198531885 0.24263430513730203 0.789606501018502 17.129704207562412 0.2670139923233756 -0.9580844199245377 0.10381604982561579 -0.23201066582326335 0.7816990216084931 0.15232477890481586 -0.6047675597681508 9.152362824927721
0.5674827518080978 0.23742319506270992 0.7884120450922368 17.129670537029593 0.25882785056047314 -0.9604242598785369 0.10292417019830646 -0.23197226735416715 0.7816466402246952 0.14565530365551052 -0.6064759371504089 9.152559776746163
0.5712054829270037 0.23150710197980875 0.7874825445729191 17.12963995921849 0.24979194858688966 -0.9629232877292198 0.10189565432301403 -0.23194010318294245 0.7818748484861843 0.13850344285129135 -0.6078556717042671 9.152738825736865
0.5748719719138117 0.22485366730631606 0.7867420442602688 17.12961759936602 0.24015458210976343 -0.9655215301105836 0.10046865971337923 -0.2319130927073047 0.7822071289624066 0.13118309034253778 -0.6090509044477078 9.152896893181763
0.578581253369002 0.2173184037799866 0.7861402194446446 17.129594728992185 0.2296209529498849 -0.9682658022711281 0.09866891161169307 -0.23188714865620424 0.7826352606523309 0.12342628379226224 -0.6101213004418797 9.15302774540017
0.5821971926406945 0.20873643087400148 0.7857961130645006 17.129576968512932 0.21801893288871968 -0.9711671600484161 0.09644735426935487 -0.23186555484256738 0.7832714559993605 0.1151670511451852 -0.6109192880791737 9.153141596748583
0.5858544968449871 0.19894715896976053 0.7856172964391556 17.129562770244434 0.20559548198454355 -0.974171939856073 0.0933784203368164 -0.2318473069860696 0.7839036970917094 0.10681319925419691 -0.6116256487027282 9.153233235750589
0.5897313335434311 0.187944991192205 0.7854257663986128 17.129552488260494 0.19232457759201896 -0.9772469801163455 0.08944046459815902 -0.23183310739678042 0.7843648456497383 0.0983108342922846 -0.6124596058268801 9.15330560461816
0.5936533497298411 0.17550479861650556 0.7853494547124351 17.129543358198905 0.17809748532970196 -0.9803811449312292 0.08446358021401373 -0.23182198835937734 0.7847655612179831 0.08972667566511294 -0.6132635139972962 9.153353527436593
0.5976849404573432 0.1612581255800412 0.7853461204366607 17.129537663953975 0.1626604057560882 -0.9835807052501131 0.07817025431041731 -0.23181601597608767 0.785056879690744 0.08102353481613979 -0.614101687390721 9.153395039537621
0.6019534651749707 0.14567210985000303 0.7851316209246028 17.129534414784885 0.14640718286698076 -0.9866861641699989 0.07081913752968703 -0.2318087544792268 0.7849948806003769 0.07231908356265941 -0.615266598787759 9.153423364950253
0.6062535559264554 0.12833323108504902 0.784848525338361 17.129528316210372 0.1291871551941054 -0.9896778713015891 0.06203539303340937 -0.23180472627393411 0.7847084202806687 0.06378317062695192 -0.6165747337390585 9.15344120135492
0.6107698809399974 0.10895862709582489 0.7842755702671954 17.12952468217811 0.11078456181731199 -0.9925033980043342 0.051611876664159596 -0.23180490316516036 0.7840197276851443 0.055362645630815145 -0.6182621159906768 9.153454704449588
0.6154294014262951 0.08780942870421757 0.7832854882421298 17.129525048867688 0.09146466992132812 -0.9950173872880046 0.03968139552405216 -0.23180131757110697 0.7828670806824458 0.047221851141105234 -0.6203944154798242 9.15345654683
0.6198629528957631 0.06452437509048527 0.782052763339231 17.129520144350963 0.07096685594791903 -0.9971392055922945 0.02602133792938613 -0.23180128485302892 0.7814944817362514 0.0393701624323594 -0.6226687444587511 9.153460214595754
0.6241372678937881 0.03914423481023346 0.7803335182517791 17.129518694564393 0.04944598982856536 -0.9987210702784549 0.010550728492924027 -0.23180371562717186 0.7797485267161149 0.031999260350503336 -0.6252745656278283 9.153462110690208
0.6284359550536821 0.010911263279496663 0.7777847997546703 17.129517615802783 0.02635449125830085 -0.9996262200746288 -0.007270552236718367 -0.23180764303261223 0.7774147485006206 0.02506719914462352 -0.6284886191020177 9.153478200765104
0.6331645706020249 -0.019835820791341344 0.773762991327375 17.12952308545606 0.002047607821281024 -0.9996251485819799 -0.027301458288246115 -0.23180645420702647 0.7740144920068125 0.018870679266746175 -0.6328866119831008 9.15350881647966
0.6377855660128927 -0.05306913336434994 0.7683835232939157 17.129522429922606 -0.02388028016351957 -0.9985063167761 -0.049141302155507716 -0.231806358512178 0.7698436880334386 0.012992399400570096 -0.6381002221852693 9.153546734367035
0.6428013400305561 -0.08878655881542406 0.76087014938729 17.129530148838192 -0.05119845867368973 -0.9960189359408445 -0.07297257756655598 -0.23179989562352415 0.7643200606319058 0.007951491745816587 -0.644788041680874 9.15359821686673
0.6481204011150246 -0.12689088155229838 0.7508919028977347 17.129662245251673 -0.07937014220352276 -0.9919058383227262 -0.09911199941421435 -0.23188930040037836 0.7573904714116048 0.004638111703185677 -0.652945757115196 9.153102648433638
0.6513345898573035 -0.165208748561891 0.7405871464277736 17.12953272334832 -0.10827955047739402 -0.9862580255392317 -0.12478239462308029 -0.23176961924042738 0.7510251600338247 0.0010846465187008963 -0.6602726955872835 9.153740694453798
0.6542984372604544 -0.20504837031617668 0.7279070825518926 17.129538404361092 -0.13771726545404933 -0.9787514762327504 -0.15191939497006673 -0.23174664116176513 0.7435909559659709 -0.0008447501952131842 -0.6686342622112044 9.153834272793116
0.6557524469350708 -0.2451409807493398 0.7140690638138018 17.129555299659643 -0.16699010542451306 -0.9694861991883221 -0.17947371471525178 -0.23172727822484235 0.7362764650788299 -0.0015521406615968958 -0.6766790656067243 9.153888980123018
0.6529249216420624 -0.28467750137253917 0.7018887140501655 17.129567533954976 -0.19503772404731345 -0.9586221800047249 -0.20737358125236965 -0.23168975261733327 0.7318806821450823 -0.0014953980330025402 -0.6814311637191038 9.153982337703322
0.6513192117894375 -0.324231339579961 0.6860446944537727 17.12951028215248 -0.22473807497851297 -0.945975796112464 -0.2337147638133767 -0.23164313883490462 0.724759326955465 -0.0019574482302799623 -0.6889993370007605 9.15427790646331
0.6455583175195445 -0.36246679535843146 0.6722144605287246 17.129467440120443 -0.2522449563622922 -0.9319954417365928 -0.26030170681729814 -0.23160148819115067 0.7208515385785901 -0.0015227753617292616 -0.6930878302813268 9.15454970950395
0.6362194342152983 -0.3982557686847899 0.6607701372156988 17.129412851614905 -0.27718782758435506 -0.9172735972421795 -0.28596513081398267 -0.2315440248487154 0.7199942637034215 -0.0012208651356598876 -0.693978940402725 9.154829594347
0.6310048265523828 -0.43308976699343127 0.643635116034833 17.12935765514014 -0.30353304035166584 -0.9013506907025147 -0.308924951703442 -0.23148098584238053 0.7139331917500906 -0.00043138807981646377 -0.7002136899703214 9.155206265132641
0.6219949618527181 -0.4649861190327403 0.630008076564663 17.12929098276583 -0.32698186421700354 -0.8853178929386663 -0.33059807760453414 -0.231409109060706 0.7114809399435862 -0.00037087667866803065 -0.7027052970822694 9.155581916413706
0.6127554341795931 -0.4940882887553285 0.6167718709524697 17.129222775402198 -0.34845850830162695 -0.8694116887328487 -0.3502855741918326 -0.23133499869485252 0.7093006738158254 -0.000280017013736672 -0.704906004879295 9.155992434479689
0.6037643964805819 -0.5197255801855096 0.604445096632667 17.12915273304136 -0.3678079949619101 -0.8543330360543193 -0.3671952373714952 -0.231250666832866 0.7072381723185891 -0.0006203281748743683 -0.706975093485207 9.156421107519513
0.5942443091968765 -0.542051356197558 0.5941834971046532 17.12907407221815 -0.38453668207000036 -0.8403440915145328 -0.38203841168030517 -0.23116126132515658 0.7064030302382082 -0.0014611984817381185 -0.7078083241734832 9.15688454671412
0.5827161976948667 -0.561158780120028 0.5878287645549846 17.128981360055988 -0.3983045220658938 -0.8276995278733845 -0.3953062094883366 -0.231095368338609 0.7083751411829028 -0.00378352380444405 -0.7058260014350026 9.157358205538408
0.5736779462289987 -0.5767051284265595 0.5816397586625107 17.128907198725663 -0.41086543930030484 -0.816924262069116 -0.4047521968209661 -0.23098081099436563 0.7085782982839975 -0.006778265953468504 -0.7055996388261678 9.157895719743301
0.5641664420535139 -0.5876168297003674 0.5800195575267861 17.128818252804653 -0.4195114354823395 -0.8090631197935113 -0.41161514025790835 -0.23087584528137794 0.7111444165288976 -0.01110538801123126 -0.7029582414318035 9.158443449988106
0.5545432828061532 -0.594274469409366 0.5825114612630311 17.128726487126222 -0.42500956318180094 -0.8040817557813813 -0.41571552920662735 -0.23077266107846173 0.7154359640796581 -0.017040687420053074 -0.6984704691493138 9.159020833777479
0.5464670071781375 -0.596292315913665 0.5880555110260317 17.128637018576118 -0.42765793845605526 -0.8024076907448359 -0.41623381110747926 -0.23064976963640138 0.7200572878190223 -0.024028562500860495 -0.6934984718388757 9.159627083084017
0.5385461175256058 -0.5931164985898332 0.5984821621390509 17.128545884046563 -0.4267242158249078 -0.8044468124209679 -0.41324541088118816 -0.2305245107673759 0.7265497387837355 -0.03283511970864422 -0.686328880338723 9.160259564505271
0.5304281670084798 -0.584958445965936 0.6135711663182535 17.128430584341164 -0.42256995531105557 -0.8098965357548136 -0.4068196581296989 -0.23042934745830967 0.734901757048136 -0.04348813476650401 -0.6767777992975934 9.160880664111927
0.5244517499783562 -0.5706562718511188 0.6319033006256748 17.128354868292234 -0.4148799521301205 -0.8193664228490222 -0.3956176063171437 -0.2302556028138789 0.7435220153197543 -0.054681665159170695 -0.6664720010850206 9.161609836071417
0.5179522584334234 -0.552240417292526 0.6532656270555595 17.128258400900638 -0.4046271263850283 -0.8310178305336823 -0.3816886871895562 -0.23011612952340155 0.7536593040473334 -0.0666324758932855 -0.6538790152461081 9.162323697319957
0.5114277135713038 -0.529062309908685 0.6771519519467661 17.128155545030133 -0.39174550291615473 -0.8448993572032876 -0.3642533968852467 -0.22996708168186686 0.7648379924769675 -0.07898195003643932 -0.6393627271215018 9.163067657481031
0.5041820466748621 -0.5023630887133392 0.7024470022066727 17.128051205162876 -0.3768497061602112 -0.8598492148690453 -0.3444468415533074 -0.22981848133640814 0.7770358825547956 -0.09105303282966734 -0.6228359193518065 9.163844400490833
0.4966588555309536 -0.47158992314087006 0.7286514431569265 17.12793701776467 -0.3600260070052294 -0.8758185577359815 -0.32143915163703374 -0.2296563615882916 0.789753920852916 -0.10268786840349634 -0.6047676795102334 9.164644021570204
0.487483466581778 -0.43863572854688754 0.7549560036528978 17.127808669718693 -0.3425814413017832 -0.8914055492006572 -0.2967054143925724 -0.22950591968020495 0.8031175666644367 -0.11399493188916981 -0.5848139273466204 9.165462412832639
0.4793176423176812 -0.40214759840978187 0.7800845510944723 17.12771553494907 -0.3227051995920778 -0.9073321260602365 -0.2694619957902198 -0.22932008034529938 0.8161592687210364 -0.12257945224325298 -0.5646754164725851 9.166325794183502
0.46938955303286695 -0.36487053483872345 0.804078939103686 17.127609052768637 -0.3029319732175708 -0.9219061925496606 -0.24149780897783948 -0.22914939471621032 0.8294007879825738 -0.1302246710308458 -0.5432640867467622 9.167215944570017
0.4590652209961016 -0.3258984194327067 0.8264679927759233 17.127496950037315 -0.282287526391112 -0.9355830503428754 -0.2121275756593368 -0.22896607497095456 0.8423614873175218 -0.1359212129227221 -0.521490698442291 9.16812700773345
0.44806192046431553 -0.28698421931900675 0.8466880023312543 17.12736283776828 -0.261908479079079 -0.9476593487357903 -0.18260807030397633 -0.22879242878302458 0.8547774353691805 -0.13993504427240008 -0.49977366814205854 9.16905547614114
0.43689977036614697 -0.24859544117595794 0.8644760825381691 17.127257496224804 -0.24086211724883494 -0.9582889681653982 -0.1538430822848574 -0.22859037347510636 0.8666625820516408 -0.1410055322284475 -0.47855345443592373 9.1700340154315
0.4249789056633879 -0.21194764516598893 0.8800404112594725 17.12712987311673 -0.2204172310047647 -0.9671692957860181 -0.12649030620948895 -0.22839608257817445 0.8779573873584877 -0.14022035871217184 -0.4577434619798392 9.171031291957629
0.4131021903965511 -0.17786265463717577 0.8931469399684404 17.127008113745646 -0.20056069555412914 -0.9744314443927217 -0.10128557438035554 -0.22820385284751715 0.8883253839041279 -0.13728887888001473 -0.43821202179704416 9.172056732951086
0.40150615750769164 -0.1469203525821191 0.9039951412925595 17.126880323536433 -0.18129356933207785 -0.980267266909092 -0.07879547668117923 -0.22801175194786957 0.8977335056698308 -0.13225163675253698 -0.420219058794376 9.173104295536305
0.3907123430005654 -0.12046187634158272 0.9125967353520797 17.126763743531953 -0.16318481679603852 -0.9847618774163633 -0.060122877132108656 -0.2278055775527429 0.9059329890197464 -0.1254311808748707 -0.4044161696446911 9.174189976152428
0.38097662261056386 -0.09862877772635525 0.9193090760067877 17.126635361421986 -0.14573230349464106 -0.9882710518929642 -0.04563358093027975 -0.2276013643365617 0.913027331870407 -0.11658770172955538 -0.3908815665428934 9.175301606978566
0.3731301850820044 -0.08303342726427698 0.92405590466022 17.12650776650738 -0.1295024133030472 -0.990897963473365 -0.036747121425017605 -0.227399413287118 0.9186963534973654 -0.10595600946188127 -0.3804869697237448 9.176428285050507
0.3674246785542075 -0.07317468944540455 0.9271701949555465 17.12637865133951 -0.11447831395524245 -0.9928776812378887 -0.032994328810246075 -0.22718913569672936 0.9229809430444934 -0.0940179500108479 -0.37318467794438664 9.177526281874114
0.3646008478854868 -0.0702170462207686 0.9285126752722417 17.126271726445257 -0.10097704695352377 -0.994253843004766 -0.03553774977120289 -0.22698731909285613 0.9256726514863289 -0.08080137430938426 -0.3695961041461135 9.178584913844814
0.3648620117961974 -0.07420131815566297 0.928100143697863 17.126147786456368 -0.08937715763820742 -0.9950071018915103 -0.04441385907544149 -0.2267806709779182 0.9267618011336823 -0.06674602287342844 -0.3696721958574018 9.179608890021342
