-4.525836800048938110e-05  2.910854934258245682e-05  6.651465324341505653e-06 1.323039999508888518e-06 -5.402094187739339169e-06 -6.236487691694041701e-06 9.999999999650865945e-01
 1.288756777222954397e-01 -5.282686664178996155e-02 -5.230464029079050919e-02 1.906499874286374013e-04 -7.304193903720674090e-04 1.695898646616887575e-03 9.999982770324541415e-01
 2.564648322393116020e-01 -1.038742121039997607e-01 -1.034499460781945906e-01 4.435154830888536539e-04 -1.645436381963333696e-03 3.632406045705966705e-03 9.999919506973286021e-01
 3.840408698968948986e-01 -1.547561230587124748e-01 -1.530352752894801605e-01 5.995806348671585753e-04 -2.827881331379475914e-03 5.768063779338611363e-03 9.999791862986326940e-01
 5.104582375738957456e-01 -2.039551766557815560e-01 -1.997509294269132762e-01 7.703580611326242035e-04 -4.074433284275238466e-03 7.959102293088288899e-03 9.999597283053743846e-01
 6.377293179460489236e-01 -2.520498655145563260e-01 -2.445456493592889080e-01 8.801307499480736036e-04 -5.557253955606407218e-03 1.037554738729294657e-02 9.999303427313074311e-01
 7.644184775546649657e-01 -2.984637945852152141e-01 -2.858319876826664885e-01 9.730964861548913091e-04 -7.010730448319930398e-03 1.275589678103420874e-02 9.998935892579376983e-01
 8.899632472881886525e-01 -3.426062180055156614e-01 -3.245756056818289159e-01 1.159004363314144982e-03 -8.405504632649564087e-03 1.509573773693104019e-02 9.998500502089971986e-01
 1.016908645433037606e+00 -3.860794937906259494e-01 -3.590989516749338306e-01 1.195644816048222533e-03 -9.937707148858460765e-03 1.755638947210946821e-02 9.997957719448512526e-01
 1.142710299369572358e+00 -4.265629601360683698e-01 -3.906573570057601530e-01 1.360113621645553860e-03 -1.130566989968018188e-02 1.986521380844016513e-02 9.997378182300601379e-01
 1.267427845588995128e+00 -4.652470558060953221e-01 -4.200226483269776656e-01 1.580797874317816385e-03 -1.252972395039129994e-02 2.211145845054161493e-02 9.996757426790937595e-01
 1.394078709573164154e+00 -5.026015354645236854e-01 -4.439782225295951790e-01 1.697317475834314278e-03 -1.376697365500198500e-02 2.420628687234660167e-02 9.996107468538053542e-01
 1.519041793188629974e+00 -5.377422716759259202e-01 -4.657530745101953751e-01 1.887138210267863244e-03 -1.477600380609603130e-02 2.616835038002960495e-02 9.995465601257831345e-01
 1.642631025297407010e+00 -5.712936172589004880e-01 -4.850133880612328974e-01 2.135559787128234535e-03 -1.546423938699853159e-02 2.788368431533067709e-02 9.994892679931988155e-01
 1.766981837464647764e+00 -6.028295537837523588e-01 -5.001169341888432873e-01 2.367931934687093985e-03 -1.601258559324508085e-02 2.939380567823538307e-02 9.994368385189340565e-01
 1.889365313499999921e+00 -6.336319023325253097e-01 -5.153600518506058492e-01 2.692362809834406793e-03 -1.618622661855595446e-02 3.061062051482189503e-02 9.993966915905068138e-01
 2.011837920849309569e+00 -6.613806768320078522e-01 -5.245467365371681012e-01 3.028791524798586828e-03 -1.606629815824300866e-02 3.147044896136816372e-02 9.993709578167456753e-01
 2.132050481648018359e+00 -6.888256685321926254e-01 -5.338115765706611393e-01 3.425324619208457936e-03 -1.549478581655473405e-02 3.193077193432510702e-02 9.993641000993733758e-01
 2.250815391393756304e+00 -7.147024348077037903e-01 -5.408855940526604567e-01 3.916431496783821277e-03 -1.449886807465701997e-02 3.202502147313465719e-02 9.993742253973384448e-01
 2.369695909781330379e+00 -7.392011819780544002e-01 -5.447986685238976889e-01 4.382017686944409546e-03 -1.305834945945799803e-02 3.168756783989968434e-02 9.994029094788438039e-01
 2.486903784021851305e+00 -7.627827230742961762e-01 -5.483907906617826455e-01 4.954220781035807708e-03 -1.112633728848103944e-02 3.087029532770274587e-02 9.994491908953532233e-01
 2.602862277764743659e+00 -7.854581758167994421e-01 -5.508311871898755596e-01 5.577272237983888978e-03 -8.662534908783015367e-03 2.952858783391051206e-02 9.995108388726320348e-01
 2.717487489374124099e+00 -8.057409673618298740e-01 -5.501348515358671643e-01 6.333946304555840637e-03 -5.681430480258932783e-03 2.769408330543195185e-02 9.995802320083070347e-01
 2.830250207241529203e+00 -8.255842476323147494e-01 -5.492192401398534596e-01 7.128375250274741198e-03 -2.225698055361578949e-03 2.543887727351273886e-02 9.996484862478014488e-01
 2.942153586276800237e+00 -8.452363685235595447e-01 -5.486215548242280304e-01 8.002959049444136747e-03 1.634890453188682282e-03 2.278613108802599041e-02 9.997069930783211156e-01
 3.045205031200186596e+00 -8.619616314133417001e-01 -5.450871997115495082e-01 8.862138582017377308e-03 5.803140419911232556e-03 1.974327603157083333e-02 9.997489630465046240e-01
 3.138099322532117874e+00 -8.768085158531430112e-01 -5.421093087797211885e-01 9.809376346046666875e-03 1.036755729535573760e-02 1.633821135307570935e-02 9.997646486754827588e-01
 3.221920597556888310e+00 -8.893333327073019712e-01 -5.384960767227102707e-01 1.080996832071484844e-02 1.513544061338660020e-02 1.271646422215275303e-02 9.997461450588497334e-01
 3.296537428189729280e+00 -9.011328616764910926e-01 -5.355218785652643421e-01 1.182126357601807551e-02 2.013388375458035826e-02 8.754098550037496540e-03 9.996890767688720869e-01
 3.360884389942417894e+00 -9.102744637486512858e-01 -5.326501683754071292e-01 1.290894574140396753e-02 2.533199430738272695e-02 4.589040289788949741e-03 9.995852089209179558e-01
 3.415500627809753276e+00 -9.168583899835497375e-01 -5.279592462423013943e-01 1.400737591328855142e-02 3.066183841669776686e-02 2.601508552588398856e-04 9.994316271794007056e-01
 3.463773150543717261e+00 -9.249060059580956894e-01 -5.229976495328407804e-01 1.495586951295516630e-02 3.582735972228870414e-02 -4.233271443704772832e-03 9.992371098369621230e-01
 3.497040003250411200e+00 -9.263909027492236437e-01 -5.209772931336291713e-01 1.631700559521374883e-02 4.141443807514849640e-02 -8.894960213888964198e-03 9.989692083993975125e-01
 3.523505917442582902e+00 -9.292923541234807683e-01 -5.186824513749688226e-01 1.750424320712848716e-02 4.682331769915852593e-02 -1.361570062451928319e-02 9.986569937099989414e-01
 3.541406844479571436e+00 -9.305547381738586976e-01 -5.166187830225544841e-01 1.869576252422801635e-02 5.210140621406544881e-02 -1.831949609998021963e-02 9.982987067991211383e-01
 3.549186948892853799e+00 -9.304641626599520210e-01 -5.146890815418044829e-01 1.989257070069291519e-02 5.728550133209588113e-02 -2.300050379570949335e-02 9.978946005431597044e-01
 3.564454399541757468e+00 -9.312687360526407110e-01 -5.128601221590454173e-01 2.109077702645578700e-02 6.225635985149630819e-02 -2.768974758938915620e-02 9.974530578733503683e-01
 3.585725968833930910e+00 -9.336458482115426172e-01 -5.104901641858683448e-01 2.227197915631522890e-02 6.710774371376775072e-02 -3.224065152620038399e-02 9.969759526023053153e-01
 3.614118413368137883e+00 -9.368101159180721726e-01 -5.080879088177043812e-01 2.345801186713515965e-02 7.170081053860323517e-02 -3.672092934625608568e-02 9.964739278050861460e-01
 3.649608603679902696e+00 -9.416009542075013394e-01 -5.058971601194518497e-01 2.462943150336235898e-02 7.593499473070339234e-02 -4.109726339507868004e-02 9.959609844870956907e-01
 3.692123378021745062e+00 -9.474794970841681208e-01 -5.023327302971710706e-01 2.578085062352340404e-02 7.989041991272395615e-02 -4.528659718899624015e-02 9.954406022773724105e-01
 3.741911045952864168e+00 -9.547485523623093773e-01 -4.987777888982759533e-01 2.690061136960917101e-02 8.339678704716634028e-02 -4.933982095618327790e-02 9.949306081763504839e-01
 3.797085257430973027e+00 -9.619260369036585212e-01 -4.930994073331166350e-01 2.798311185749061472e-02 8.657690394005360113e-02 -5.306658462216288369e-02 9.944371889423005983e-01
 3.858789212174775329e+00 -9.690584264581502127e-01 -4.877241242727813342e-01 2.907408997716507543e-02 8.942531407654821796e-02 -5.648631454766437493e-02 9.939653448501778454e-01
 3.926751909455824308e+00 -9.771003548912954306e-01 -4.815528370280531822e-01 3.012835787262945625e-02 9.187537956508588788e-02 -5.969405798886198711e-02 9.935229318553712163e-01
 4.002882680939022109e+00 -9.869619051463706105e-01 -4.750315035609388170e-01 3.103545073321245518e-02 9.382532273444914306e-02 -6.256797728645165091e-02 9.931358707799476937e-01
 4.086674030836478622e+00 -9.973002333177158896e-01 -4.678465611053584383e-01 3.189761585942264832e-02 9.537752604842895943e-02 -6.515730665554321510e-02 9.927941352650918594e-01
 4.176852768157325535e+00 -1.008986132486852760e+00 -4.610145535206815470e-01 3.264732636515890740e-02 9.664822616029797309e-02 -6.744308329775756949e-02 9.924941828426837587e-01
 4.273817262054348198e+00 -1.020081093910452985e+00 -4.515071824416268531e-01 3.329620750504315441e-02 9.759235434527149811e-02 -6.942353437591933241e-02 9.922436534510482575e-01
 4.376088654436157910e+00 -1.031155893579116523e+00 -4.413983948412558145e-01 3.383027102217240484e-02 9.812514712018673146e-02 -7.099295394408035309e-02 9.920619782833639544e-01
 4.473854852507810342e+00 -1.042586179789404044e+00 -4.318473099936492865e-01 3.414487446022156786e-02 9.833751810448963793e-02 -7.219680172045261912e-02 9.919432856280053779e-01
 4.567927587100514053e+00 -1.053066796514267489e+00 -4.231624214408831186e-01 3.431702041046019031e-02 9.812939545409114783e-02 -7.296073099024492914e-02 9.919020594752951947e-01
 4.656154852462533356e+00 -1.062967221107941063e+00 -4.136501835725007181e-01 3.425800896540895368e-02 9.764523898041768679e-02 -7.347424124120874311e-02 9.919139740926185000e-01
 4.738889146366236815e+00 -1.071309349116319254e+00 -4.041873053505723457e-01 3.408684809715416264e-02 9.681158572506345927e-02 -7.350632515879934603e-02 9.919992055530332253e-01
 4.814808621115218124e+00 -1.079575603511395698e+00 -3.955160101298733077e-01 3.361514393802937650e-02 9.562152417701584584e-02 -7.311543201861450680e-02 9.921596040017056639e-01
 4.884179717569485213e+00 -1.086974475439405508e+00 -3.869396959774906719e-01 3.294071696500524421e-02 9.407464372106562334e-02 -7.232542398796634742e-02 9.923879803884905204e-01
 4.949339617261219182e+00 -1.094393769074113232e+00 -3.796014688015437177e-01 3.200112983283707330e-02 9.230440844201377726e-02 -7.107188436641521945e-02 9.926754812748216361e-01
 5.009005255225967623e+00 -1.101031101472821794e+00 -3.728039760361880894e-01 3.082900585800942700e-02 9.013547021797581327e-02 -6.939736035237643874e-02 9.930302995289286283e-01
 5.066677971765804145e+00 -1.107637968249839178e+00 -3.670898577810271513e-01 2.936372005272586475e-02 8.750026291518091248e-02 -6.708345539747928576e-02 9.934693180699512016e-01
 5.117259158689630105e+00 -1.112996949300448568e+00 -3.611522838533430813e-01 2.762324664008653993e-02 8.456958631736795351e-02 -6.436160142171828968e-02 9.939529795607044971e-01
 5.163701740723263711e+00 -1.117252214499711238e+00 -3.564053457734402408e-01 2.562416853878408257e-02 8.131953981562667355e-02 -6.105293959555865846e-02 9.944863362548587160e-01
 5.204706042252164266e+00 -1.122312149898130773e+00 -3.523875595679808459e-01 2.323833073931377488e-02 7.773742891192843285e-02 -5.731302907947437297e-02 9.950538120264394992e-01
 5.240002607028900528e+00 -1.126776488303774748e+00 -3.482728976721414793e-01 2.058348505017299282e-02 7.395438599072035046e-02 -5.310677232851793161e-02 9.956338381497346068e-01
 5.271519693240042770e+00 -1.130867953218035682e+00 -3.451743382198256271e-01 1.771423478988013583e-02 6.991101565238165561e-02 -4.853662865458854836e-02 9.962142598131730198e-01
 5.308752177053394306e+00 -1.135415981312106526e+00 -3.414632287579956182e-01 1.468423965468445419e-02 6.583804878480691014e-02 -4.372819262519310468e-02 9.967635474914334770e-01
 5.353798846991880467e+00 -1.141090215841517264e+00 -3.367571796028300257e-01 1.151865124842230137e-02 6.182624838702893699e-02 -3.881839991427331327e-02 9.972652443116115650e-01
 5.407061122372600614e+00 -1.147168556657612415e+00 -3.308227768113006229e-01 8.297569869912252774e-03 5.780134909254140002e-02 -3.387085291505338019e-02 9.977188580457637679e-01
 5.469499450997187928e+00 -1.154408150912584086e+00 -3.232799222157335950e-01 5.019313919114766140e-03 5.387459626086302938e-02 -2.892822493548471291e-02 9.981159713017283552e-01
 5.537452329729255496e+00 -1.160683645650954388e+00 -3.140723575899609377e-01 1.801301555124993877e-03 5.021631643007035822e-02 -2.418726759777072369e-02 9.984438156266263187e-01
 5.614789744662730619e+00 -1.166771455045358064e+00 -3.046070232763710695e-01 -1.271254184158775342e-03 4.675447194950947682e-02 -1.967943381454899388e-02 9.987117317575980868e-01
 5.698646242264724826e+00 -1.172431626108832337e+00 -2.948599596139281354e-01 -4.263160227597269369e-03 4.355099337337901139e-02 -1.544317844023841008e-02 9.989227420980707484e-01
 5.790339639407078742e+00 -1.180847199884745180e+00 -2.817947465450867384e-01 -7.096132923415298874e-03 4.105928134245568489e-02 -1.192069323779701082e-02 9.990603972663038013e-01
 5.890617296010945303e+00 -1.188186005981973103e+00 -2.678301059552434804e-01 -9.708930511606157776e-03 3.889131159105976149e-02 -8.856849928158307128e-03 9.991570240759948263e-01
 5.999365125253854458e+00 -1.196446059912320115e+00 -2.506041699277957724e-01 -1.218257714885434204e-02 3.722945313248334637e-02 -6.497301414884608037e-03 9.992113578756962600e-01
 6.112278553800870817e+00 -1.202627485474208946e+00 -2.351907577027116114e-01 -1.408645166393722101e-02 3.650339573334545479e-02 -4.971826628636948422e-03 9.992218747202391560e-01
 6.236914254120943468e+00 -1.210290230139668077e+00 -2.162811134119886070e-01 -1.576812418465437307e-02 3.637592891514309507e-02 -4.296030620925483934e-03 9.992045347055635851e-01
 6.369408489879025304e+00 -1.216289807900182485e+00 -1.961880055451589722e-01 -1.691112323707130716e-02 3.697245485961506151e-02 -4.524399463105653781e-03 9.991629403165496193e-01
 6.508362978252101527e+00 -1.219420478386972206e+00 -1.770700231697601990e-01 -1.751194642609979479e-02 3.862354793111882900e-02 -5.703919912726604369e-03 9.990840898418968941e-01
 6.656909757667103023e+00 -1.226675829111147920e+00 -1.537221117582302510e-01 -1.782254346567396092e-02 4.101883939905049542e-02 -8.350344986321367458e-03 9.989645056243883214e-01
 6.811636833698059057e+00 -1.231750080812631820e+00 -1.305013083452406797e-01 -1.741550482592684954e-02 4.460288001310727668e-02 -1.221787363043779114e-02 9.987782570972123519e-01
 6.972808250518216511e+00 -1.233389161325329386e+00 -1.080005774669988844e-01 -1.637425806478078408e-02 4.927068787827387775e-02 -1.729549547651245550e-02 9.985014515888556152e-01
 7.142841088407382522e+00 -1.236008892397723491e+00 -8.378458906383808025e-02 -1.473113693827195897e-02 5.506687597826562947e-02 -2.393245215793054353e-02 9.980871056717488532e-01
 7.319769853652038805e+00 -1.236282259835397301e+00 -6.020399914012181108e-02 -1.240771211800159590e-02 6.208958074459506454e-02 -3.187064697205684721e-02 9.974844332141428183e-01
 7.511937464899808070e+00 -1.236654166188184467e+00 -3.684747007796905505e-02 -9.587456447386387762e-03 6.958327907100238241e-02 -4.091990384692419797e-02 9.966904280777231229e-01
 7.709164100443869572e+00 -1.232455012848314935e+00 -1.381292296328053351e-02 -6.024221674825404500e-03 7.788760341772438256e-02 -5.068563178868118468e-02 9.956546573572778724e-01
 7.914241794313846334e+00 -1.229421881286635987e+00  6.923056802234518747e-03 -2.302694698612669979e-03 8.658171345258888763e-02 -6.136330059511305862e-02 9.943504663008977396e-01
 8.127190860273017847e+00 -1.223237659622353535e+00  2.587771001459464662e-02 1.971433941082009061e-03 9.568111256158243205e-02 -7.241297508191030241e-02 9.927726825346175898e-01
 8.346415465501470621e+00 -1.214404732711289903e+00  3.924333102669894102e-02 6.542315325414429714e-03 1.050345711130998005e-01 -8.380565604115981782e-02 9.909094554987256664e-01
 8.573754642498080614e+00 -1.203265356423302457e+00  4.897942481342057452e-02 1.141576236236375823e-02 1.142844379946625910e-01 -9.519127289243387025e-02 9.888110887156598139e-01
 8.812227308369379841e+00 -1.191566497841479944e+00  5.301049456277330540e-02 1.643212546835616170e-02 1.231750853059057904e-01 -1.067015865675364078e-01 9.864951368539257581e-01
 9.054065901828000307e+00 -1.173666600331602528e+00  4.943401391246621257e-02 2.168419726335720985e-02 1.318648034020635518e-01 -1.178326065881901974e-01 9.840004807099494988e-01
 9.305818336856766848e+00 -1.154498456258100880e+00  4.314525794621948407e-02 2.705339612815550743e-02 1.399103115408232012e-01 -1.284948032482051139e-01 9.814185162410010710e-01
 9.568540332261818548e+00 -1.131494968914524168e+00  2.937942949667277093e-02 3.253046424664172986e-02 1.470783647823999118e-01 -1.384630926802143114e-01 9.788450824692658259e-01
 9.820744222590358063e+00 -1.108941727273174749e+00  1.180337748500509543e-02 3.776058774378750899e-02 1.538084310656033238e-01 -1.478387370718660665e-01 9.762483353980058176e-01
 1.007896130869572104e+01 -1.084490814072231801e+00 -8.238458217258881611e-03 4.304585439903033106e-02 1.592626309008612351e-01 -1.560181197884259185e-01 9.738792610561527452e-01
 1.034563377835210041e+01 -1.058512842383608987e+00 -2.745559453789048199e-02 4.829711748775442071e-02 1.631648718216101301e-01 -1.628762016744970953e-01 9.718621074894834289e-01
 1.060446925257810413e+01 -1.033215811547264273e+00 -4.454041113685042186e-02 5.327840137839581769e-02 1.660109467449460419e-01 -1.685158678059567039e-01 9.701567810436695360e-01
 1.086627487408669168e+01 -1.008187372924512770e+00 -5.751668840025425666e-02 5.808558458661559204e-02 1.673496540082482775e-01 -1.725086247911551407e-01 9.689483642275347197e-01
 1.112889216321646302e+01 -9.836925622392440616e-01 -6.249154995955374936e-02 6.269576079081463915e-02 1.668832525959031143e-01 -1.749043291793259680e-01 9.683117768653870527e-01
 1.139577242332511453e+01 -9.621927356054378322e-01 -6.047565726111336915e-02 6.688158886619845200e-02 1.646965927449464961e-01 -1.750723653982361738e-01 9.683757288794492268e-01
 1.165355690328202520e+01 -9.453920155611715836e-01 -4.312432544129274348e-02 7.061265021568735589e-02 1.606769996911241449e-01 -1.733907714010838041e-01 9.690884354860048733e-01
 1.191671162977381115e+01 -9.310512665579873115e-01 -1.522430780078964929e-02 7.394883581065930800e-02 1.543564347729032005e-01 -1.692559004239019282e-01 9.705967756479211284e-01
 1.218404634014190080e+01 -9.178171416241068803e-01  2.134290022883411631e-02 7.696947620599733919e-02 1.458229662181987907e-01 -1.629314072452656692e-01 9.727613884139202360e-01
 1.244220695870901494e+01 -9.099829830247831985e-01  7.088206803648078314e-02 7.946715598706971528e-02 1.357030532409125856e-01 -1.547916393893216669e-01 9.753508091120789425e-01
 1.270042151368443584e+01 -9.043150866471126870e-01  1.256605473039776877e-01 8.164415499560705169e-02 1.240952185615378095e-01 -1.449093923977846088e-01 9.782309935184646532e-01
 1.295957195711009469e+01 -8.997175516310905730e-01  1.900533589052897931e-01 8.352694293255687186e-02 1.107969034268547620e-01 -1.332325388194932902e-01 9.813237929425098205e-01
 1.322250271893284790e+01 -8.975995275038405330e-01  2.620989410536141428e-01 8.514587461196872209e-02 9.619412815170066966e-02 -1.200662849562379730e-01 9.844190961996341915e-01
 1.347868581715187197e+01 -8.966872678513125861e-01  3.426313831881302452e-01 8.642079216210629689e-02 8.040355459322973131e-02 -1.057861121772930985e-01 9.873580979367418964e-01
 1.373099398693699058e+01 -9.014817370356800197e-01  4.249331030511035445e-01 8.742212128136873928e-02 6.432651117982131350e-02 -9.031146287832439445e-02 9.899814707068386177e-01
 1.398055333407286760e+01 -9.100318915490732685e-01  5.224385982321491095e-01 8.815264452262577821e-02 4.712482911781738781e-02 -7.381753817621905522e-02 9.922496323012101049e-01
 1.422144189943513304e+01 -9.300013698609200796e-01  6.407128078611035171e-01 8.869047513998681853e-02 2.963169737872958440e-02 -5.658392700432746114e-02 9.940091656190439551e-01
 1.442026478899134290e+01 -9.838328639847345736e-01  8.114372682994779318e-01 8.933316070478478088e-02 1.177113952843026647e-02 -3.871996192803545817e-02 9.951792759201665284e-01
 1.451912445282721897e+01 -1.049318601996274136e+00  1.056658468071402179e+00 8.954054296552571568e-02 -6.023017901495330943e-03 -2.068922735164802421e-02 9.957500541262295224e-01
 1.457915734386198459e+01 -1.092244406852885819e+00  1.320866754955388300e+00 8.971056373008247375e-02 -2.431904457805660058e-02 -2.517098974788968026e-03 9.956677473127230060e-01
 1.463025794311070626e+01 -1.125611476527964117e+00  1.584276301251781982e+00 8.980262736445751570e-02 -4.157900359340246238e-02 1.557695804741523853e-02 9.949693628231018883e-01
 1.468605846134311044e+01 -1.147250436488062020e+00  1.855532703265215799e+00 8.996369787961233655e-02 -5.853628650081270368e-02 3.345916063818315384e-02 9.936601636353895595e-01
 1.473502094204344282e+01 -1.160365018107965884e+00  2.126382421897520025e+00 8.983092938329344246e-02 -7.458521560953558505e-02 5.078581225393666992e-02 9.918610038772172066e-01
 1.477720374696567340e+01 -1.158229019931403370e+00  2.396813273559765367e+00 8.985396672848137978e-02 -8.918450961062800164e-02 6.755025426944008538e-02 9.896511259311550068e-01
 1.482755259628437194e+01 -1.143198297721785828e+00  2.668979292169983086e+00 9.012552035777877946e-02 -1.031361155108315303e-01 8.357838792293476038e-02 9.870435579698494388e-01
 1.487218376945347487e+01 -1.109926047134030647e+00  2.937506242605489870e+00 9.050939477823677359e-02 -1.155012245867270693e-01 9.843947573928676920e-02 9.842647947539413522e-01
 1.491740317488053336e+01 -1.059401949527533970e+00  3.219102072983768714e+00 9.106608910876737295e-02 -1.263824298571450400e-01 1.123309266269478385e-01 9.813848438614533043e-01
 1.496173068766087155e+01 -9.924566132395444829e-01  3.485262988914116455e+00 9.170265348962014507e-02 -1.354157814876187638e-01 1.246836223301257679e-01 9.786251497839705271e-01
 1.500315279130047763e+01 -9.009012989906027835e-01  3.757509975712585160e+00 9.269458192107972450e-02 -1.428166499657339550e-01 1.359051577065373828e-01 9.759820219060403312e-01
 1.505116597893966279e+01 -7.916881862657134672e-01  4.029741336413273700e+00 9.388309971397872100e-02 -1.492425152251078413e-01 1.457225308600303415e-01 9.734873287501621952e-01
 1.509232917041373945e+01 -6.825018848114021708e-01  4.289172198055212881e+00 9.510012205229419202e-02 -1.534242452278993252e-01 1.544128526318835348e-01 9.713771866293610113e-01
 1.514625832048998610e+01 -5.626353869041512690e-01  4.555434471325098933e+00 9.661427716452183900e-02 -1.567985574547669791e-01 1.620103625095095090e-01 9.694496048106980846e-01
 1.520710127312173299e+01 -4.443823137803863399e-01  4.822814449970110218e+00 9.835271454357624732e-02 -1.590477349270874030e-01 1.686708260878876930e-01 9.677710028634369799e-01
 1.528177618534762416e+01 -3.362080729306556326e-01  5.094599034296180662e+00 1.001323642263628050e-01 -1.604772354666063605e-01 1.742342089538437000e-01 9.663658763437701360e-01
 1.536585537777763832e+01 -2.506191956577071833e-01  5.356373756182747137e+00 1.019622953514170843e-01 -1.605038474541998772e-01 1.789710069787099900e-01 9.653038816559766921e-01
 1.546403411214823720e+01 -1.925830995373126742e-01  5.607590146553297572e+00 1.038187180320452319e-01 -1.600210930816441945e-01 1.828589863991754161e-01 9.644571087654467689e-01
 1.557051038125840314e+01 -1.590749953131426753e-01  5.854478866356375377e+00 1.057297819865460758e-01 -1.587524060131530468e-01 1.858278251529494052e-01 9.638915427500323041e-01
 1.568354754005853202e+01 -1.455436237829454416e-01  6.089241552032812699e+00 1.076150144065056574e-01 -1.569825941637709443e-01 1.880747917638415090e-01 9.635368942115750679e-01
 1.580200453038643005e+01 -1.460884875202146937e-01  6.310574202192582582e+00 1.097503176028236938e-01 -1.547083440580658553e-01 1.883812331506084237e-01 9.636040198450537275e-01
 1.591700172980270267e+01 -1.566269907093551517e-01  6.522246988579880167e+00 1.118611837958371491e-01 -1.519481144675216555e-01 1.882439856283193158e-01 9.638272915540024854e-01
 1.603090140552334830e+01 -1.751093606801416569e-01  6.722423736250099147e+00 1.136966165491999498e-01 -1.490189013163201737e-01 1.879768933338774872e-01 9.641219497596168475e-01
 1.614366592908796605e+01 -1.963813954055887434e-01  6.911670309022648340e+00 1.154261721373957550e-01 -1.461219245345037054e-01 1.877111446648092874e-01 9.644115864736737542e-01
 1.625515724218710290e+01 -2.176346919910812083e-01  7.093951782475591550e+00 1.169633311500452022e-01 -1.433369998036301551e-01 1.874967443472109752e-01 9.646859875175837207e-01
 1.636035389795086914e+01 -2.396673946907841024e-01  7.268737291795203781e+00 1.182850555528493497e-01 -1.405750045074715404e-01 1.871772589583137192e-01 9.649932577326311156e-01
 1.645947986351313475e+01 -2.585150205494621267e-01  7.434269986984784140e+00 1.193985154658620956e-01 -1.381868176027599426e-01 1.869492623778534757e-01 9.652452389117216480e-01
 1.655250396311989647e+01 -2.740059713755266801e-01  7.592786172840501280e+00 1.202714151893383154e-01 -1.360740180513510811e-01 1.867148921992142219e-01 9.654823651060386869e-01
 1.663936762965761673e+01 -2.864496729963542654e-01  7.741516413514959005e+00 1.208972376434283985e-01 -1.346078526601789949e-01 1.865543745493814798e-01 9.656407454477535790e-01
 1.671648408812818687e+01 -2.955984208793517309e-01  7.883868443588892383e+00 1.215088755544313642e-01 -1.334542477610468902e-01 1.849638276521085589e-01 9.660299888597206897e-01
 1.678743784704116493e+01 -3.017435358381647115e-01  8.017847602664817330e+00 1.218466321839031252e-01 -1.327574976041235033e-01 1.832331990848304892e-01 9.664131827580120238e-01
 1.685261692872022721e+01 -3.037280522453344456e-01  8.144967378560689752e+00 1.220731799364252468e-01 -1.326240340194975720e-01 1.813416233549355605e-01 9.667596495404641166e-01
 1.690964560900727420e+01 -3.043499486262367104e-01  8.265961330858893064e+00 1.220730925880221251e-01 -1.325915088689893495e-01 1.792614499080812662e-01 9.671519965438180044e-01
 1.695529767162969748e+01 -3.034699389709620276e-01  8.378462727885480632e+00 1.219882872356590348e-01 -1.327589340083662195e-01 1.770413084195755771e-01 9.675486025680349877e-01
 1.699886598778984848e+01 -2.980739712528517882e-01  8.485991524894059168e+00 1.218990869848986663e-01 -1.329951134880328345e-01 1.745980442419731715e-01 9.679712988138808871e-01
 1.703432744457342096e+01 -2.918935233079039682e-01  8.584022132334682809e+00 1.217793577504075186e-01 -1.332564920239662776e-01 1.718638285703627255e-01 9.684396314631603664e-01
 1.706356523670378067e+01 -2.846120762443087315e-01  8.671787149116667592e+00 1.216475275476527618e-01 -1.335317481261167893e-01 1.689871166347564346e-01 9.689244065949611517e-01
 1.708983624425433590e+01 -2.748589865850103453e-01  8.750518844299683963e+00 1.217052041172560356e-01 -1.334139906699117473e-01 1.657585704258418835e-01 9.694909214194257219e-01
 1.711023738525657123e+01 -2.647354517224127513e-01  8.822170701204676391e+00 1.218905212597930915e-01 -1.328997933991433178e-01 1.622812382755703942e-01 9.701263554018253465e-01
 1.712437538638297241e+01 -2.529619276003793882e-01  8.885831381582370625e+00 1.222289413105364375e-01 -1.320486117900394052e-01 1.585304797674161048e-01 9.708199302729326741e-01
 1.713414674062152798e+01 -2.430855287647742113e-01  8.942052211011546348e+00 1.227286799189092892e-01 -1.304380200596743922e-01 1.543816065961590156e-01 9.716428940681153259e-01
 1.714129636828785053e+01 -2.373516249232613118e-01  8.988014077177430394e+00 1.234293295201371737e-01 -1.281351602507940224e-01 1.498476471036320479e-01 9.725699275523679299e-01
 1.714605791718852501e+01 -2.306117457653885094e-01  9.023702286688196850e+00 1.245259842747698936e-01 -1.252532686232126768e-01 1.449649896761510404e-01 9.735450938234934126e-01
 1.714544733229478624e+01 -2.245107815715935984e-01  9.050641914015312040e+00 1.259653411863099759e-01 -1.215124249131485229e-01 1.397745582606449155e-01 9.745924975468386320e-01
 1.714893536717697131e+01 -2.219109291289929065e-01  9.064413139379459139e+00 1.277100187050935476e-01 -1.166678419169318304e-01 1.341369792064426025e-01 9.757489618719360491e-01
 1.714969243259885445e+01 -2.204224800047491772e-01  9.069533956269031805e+00 1.297534133297680026e-01 -1.108213639365211028e-01 1.281359406357137631e-01 9.769666615304354318e-01
 1.714969363046576589e+01 -2.211344142139243796e-01  9.074095035944846899e+00 1.322926041645447470e-01 -1.037047411940748426e-01 1.216638669237613685e-01 9.782340706714270917e-01
 1.714951644014196575e+01 -2.209667250296005470e-01  9.078961447285069042e+00 1.353685579451670840e-01 -9.532510361841108060e-02 1.146806556408677680e-01 9.795084610975884898e-01
 1.714951439525158960e+01 -2.210816761058005953e-01  9.079417321215879966e+00 1.388977999931444163e-01 -8.560026087687215568e-02 1.072714978290848359e-01 9.807511520504987867e-01
 1.714951105902563810e+01 -2.210332437562385066e-01  9.079504969268553438e+00 1.430137525841595203e-01 -7.444793370256670706e-02 9.932905231923999656e-02 9.819054491673711027e-01
 1.714950127893455090e+01 -2.210167330136099673e-01  9.079518817945279707e+00 1.475765128144212457e-01 -6.191874988096419258e-02 9.093920580609458904e-02 9.829126625118177474e-01
 1.714950547207412512e+01 -2.210457556935838674e-01  9.079566191639493411e+00 1.524707980771902727e-01 -4.813601667050060318e-02 8.226602006069182182e-02 9.837011139447673358e-01
 1.714950295927490842e+01 -2.210404355354685657e-01  9.079580606303439438e+00 1.576548348840150215e-01 -3.342504840413671602e-02 7.330258182199927974e-02 9.842024439489592824e-01
 1.714955909625593833e+01 -2.207485584606537210e-01  9.078863573222454519e+00 1.629586618705629042e-01 -1.775428416429616213e-02 6.421558426011853005e-02 9.843808300923483356e-01
 1.714786813024140599e+01 -2.208092968413136181e-01  9.086699879239658273e+00 1.683045237917285830e-01 -1.433204220877219498e-03 5.510008603068108218e-02 9.841928234428009015e-01
 1.714847450771407367e+01 -2.233070344992758860e-01  9.086583685655776677e+00 1.735970097336281825e-01 1.542641999559973137e-02 4.605421065606279951e-02 9.836183779589059428e-01
 1.714565813071859779e+01 -2.239766116325802581e-01  9.090821163366390678e+00 1.789608050637054859e-01 3.271363108579065926e-02 3.693318669970083873e-02 9.826183329820069590e-01
 1.714433112209799503e+01 -2.253583499009909341e-01  9.094206865221233116e+00 1.841937782293031900e-01 5.018308056013970342e-02 2.795326721515170934e-02 9.812099292909276516e-01
 1.714391367871536787e+01 -2.258964553438871925e-01  9.095455206849461405e+00 1.890094522499448926e-01 6.762933332527384933e-02 1.939853467869741277e-02 9.794515797559746328e-01
 1.714407993712461220e+01 -2.258502476500215961e-01  9.095480361858626850e+00 1.936783620408752127e-01 8.470657360042849193e-02 1.126896507043646453e-02 9.773364307608103374e-01
 1.714410161387011300e+01 -2.258580628626182252e-01  9.095500843847240446e+00 1.978326463946826208e-01 1.016629262861915711e-01 3.841849641888440015e-03 9.749421180925224029e-01
 1.714410387567068383e+01 -2.258851524282548540e-01  9.095542106074153921e+00 2.015788046057575555e-01 1.181130004316116311e-01 -3.190060506612293553e-03 9.723194578823979306e-01
 1.714301813871063729e+01 -2.260596203327989162e-01  9.092791839754852390e+00 2.047301737690412349e-01 1.340146300426735548e-01 -9.522938617725020330e-03 9.695539946403741727e-01
 1.714034601003577052e+01 -2.233634495335665160e-01  9.106103405557732344e+00 2.072316625182141492e-01 1.486175603269076773e-01 -1.455087900570185139e-02 9.668278702709063310e-01
 1.713924866218036414e+01 -2.226208449429242231e-01  9.120401643839896266e+00 2.095246525669546278e-01 1.624881352895193865e-01 -1.901453229136540815e-02 9.640204735474099396e-01
 1.713925554323422418e+01 -2.225417171324509114e-01  9.120665559954614920e+00 2.108208550781370816e-01 1.752810319636345926e-01 -2.258456864061324232e-02 9.614161763550703732e-01
 1.713922308585296506e+01 -2.225955425780023478e-01  9.121055027907871704e+00 2.111894983015630833e-01 1.867679167486496483e-01 -2.488907867183614078e-02 9.591127539780558431e-01
 1.713920104966268454e+01 -2.225960834631403040e-01  9.121112872059992327e+00 2.108181494865054573e-01 1.969794319602923838e-01 -2.597989127420191613e-02 9.571206070715784220e-01
 1.713917185763517281e+01 -2.225914260451180016e-01  9.121138080100580581e+00 2.094550046717365832e-01 2.055597813995298506e-01 -2.588050562898360635e-02 9.556170659408131929e-01
 1.713916188548849107e+01 -2.225773862293973226e-01  9.121153338487088647e+00 2.072283037881608447e-01 2.125121310215051240e-01 -2.446319084141721986e-02 9.546185502972571735e-01
 1.713906740994204014e+01 -2.225915231659965077e-01  9.121185788189684729e+00 2.039904638786960434e-01 2.181905071939743701e-01 -2.189770665188596477e-02 9.540971038947653193e-01
 1.713910494219522818e+01 -2.225815880200383012e-01  9.120990079769258685e+00 2.001169711752506519e-01 2.219646493298866041e-01 -1.806230945494680801e-02 9.541271640995544479e-01
 1.713914142874156710e+01 -2.225981008722048848e-01  9.120920364184261331e+00 1.956788332079692772e-01 2.246844061115305102e-01 -1.311301705669888802e-02 9.544918861197025928e-01
 1.713912314267772885e+01 -2.225955439682544279e-01  9.120979663474562571e+00 1.908101228866472543e-01 2.262996302546279037e-01 -7.400030369347236105e-03 9.551571671202254699e-01
 1.713913438757299446e+01 -2.226036449403283601e-01  9.120972071133941483e+00 1.855127479397941648e-01 2.269489779870664248e-01 -7.367363423072979464e-04 9.560745990570057584e-01
 1.713916027465265302e+01 -2.226072786671094983e-01  9.120960119789065956e+00 1.800408520947540114e-01 2.268293138242862828e-01 6.170279742827930979e-03 9.571288740890088187e-01
 1.713918709868169543e+01 -2.226060217954212161e-01  9.120980282568863728e+00 1.744170149613214205e-01 2.259018669645178612e-01 1.374331588038071005e-02 9.583100608167168799e-01
 1.713913048836652209e+01 -2.225833693562097038e-01  9.120965067914312385e+00 1.687178073828012603e-01 2.246327335579549056e-01 2.207347174966844613e-02 9.594723541255044674e-01
 1.713917889941109252e+01 -2.226024084625543020e-01  9.121009532272422504e+00 1.630397986845482650e-01 2.230037764322429505e-01 3.022503446193561261e-02 9.606111528780180153e-01
 1.713914818112373695e+01 -2.225691161531616613e-01  9.121230464225284607e+00 1.577013376513889398e-01 2.211907417825993982e-01 3.844021027807003471e-02 9.616274195791236767e-01
 1.713911889172070246e+01 -2.225658316799423719e-01  9.121347287754302258e+00 1.525548919846229090e-01 2.193388435461760266e-01 4.698807028701117161e-02 9.625017391641894626e-01
 1.713907740531881529e+01 -2.225710689397046860e-01  9.121398278519372127e+00 1.477882522604607174e-01 2.176051599468378783e-01 5.536624181452629023e-02 9.631932340530870995e-01
 1.713909806486024578e+01 -2.225692980119735598e-01  9.121383522853291126e+00 1.437201864870825130e-01 2.161725943898232805e-01 6.333286393669354530e-02 9.636404234860985740e-01
 1.713906700639477521e+01 -2.225764350136685277e-01  9.121373497338398195e+00 1.403462971303288953e-01 2.153952597375699274e-01 7.080973241645013849e-02 9.637913574832993602e-01
 1.713908471410654144e+01 -2.225853301575144716e-01  9.121286361642102491e+00 1.378534916111893993e-01 2.148706735236805276e-01 7.759668860904714305e-02 9.637456938565247544e-01
 1.713913395735192324e+01 -2.225943295758627816e-01  9.121270041299082365e+00 1.363095045414246254e-01 2.152573355244402353e-01 8.381944652375987459e-02 9.633578249326885112e-01
 1.713912352550596196e+01 -2.225767574266870330e-01  9.121294180451295475e+00 1.357464252387193815e-01 2.166650837540283758e-01 8.940170292023477683e-02 9.626195951837520637e-01
 1.713914717547090660e+01 -2.225936212547141579e-01  9.121283945364373480e+00 1.363802605404381696e-01 2.190510225492970087e-01 9.418843766323022060e-02 9.615329491315363075e-01
 1.713913964510215138e+01 -2.225951842485107690e-01  9.121272484267652914e+00 1.383254712450943391e-01 2.227112013989287487e-01 9.747703955960054789e-02 9.600854188742606876e-01
 1.713910493143654890e+01 -2.224984162784164887e-01  9.121172812606271663e+00 1.415585391887544675e-01 2.277323773374982097e-01 1.000235708271305646e-01 9.581724425039300774e-01
 1.713911360547058749e+01 -2.225041691502891439e-01  9.121164625272069060e+00 1.463160132816542780e-01 2.342026890765784297e-01 1.011406700881586629e-01 9.557778452866443342e-01
 1.713910694583803007e+01 -2.224957946258334651e-01  9.121151706190245179e+00 1.519736934839620024e-01 2.414579632023661493e-01 1.017273772013536498e-01 9.530233938486195600e-01
 1.713914892546700131e+01 -2.225121200492483631e-01  9.121142652779930415e+00 1.586986105447548978e-01 2.497646875500870722e-01 1.009103295046170773e-01 9.498681262488184451e-01
 1.713915895114894994e+01 -2.224718139156738328e-01  9.121032362368815427e+00 1.664229044429982596e-01 2.589663795770866250e-01 9.913582773791085323e-02 9.462620772197374297e-01
 1.713920261003696410e+01 -2.224868861734214942e-01  9.121025573456661206e+00 1.748401336182860699e-01 2.686219162061244115e-01 9.680792764646464765e-02 9.422852110454067454e-01
 1.713921717047098170e+01 -2.224794407040826538e-01  9.120957850087366481e+00 1.837418620119377621e-01 2.789297207067741313e-01 9.395083156576036765e-02 9.378754609749256899e-01
 1.713926007742501056e+01 -2.224999715221549490e-01  9.121003689777083423e+00 1.930243102901595398e-01 2.891728630282976997e-01 9.043373130005902261e-02 9.332429539879604219e-01
 1.713926637465417002e+01 -2.225297987851244663e-01  9.121042373020225469e+00 2.025279446483627677e-01 2.991743067865812455e-01 8.684067836072274782e-02 9.284050098836864606e-01
 1.713933070206987352e+01 -2.225383479469700276e-01  9.121097700157747568e+00 2.121164419411597224e-01 3.092688328987056590e-01 8.293408335219477900e-02 9.232991616340969765e-01
 1.713927438137467973e+01 -2.225149526708618541e-01  9.121014675605639610e+00 2.215956134529372956e-01 3.198127023573920646e-01 7.805492556550280847e-02 9.178903246598923982e-01
 1.713958247670531776e+01 -2.225846121876091654e-01  9.120903301444251099e+00 2.307869650220995550e-01 3.295298328821055778e-01 7.316834608691900887e-02 9.125753991575077384e-01
 1.713944705942599711e+01 -2.225195382423719170e-01  9.120834252858845304e+00 2.398779410656252387e-01 3.392842570567123350e-01 6.798193761627772946e-02 9.070409155388349243e-01
 1.714025960257777470e+01 -2.230678957992637823e-01  9.120493973074456306e+00 2.475889241938672714e-01 3.486660575913172466e-01 6.357500607059635156e-02 9.017149901733780837e-01
 1.713976770747265377e+01 -2.226270714555418362e-01  9.120548372914225155e+00 2.562039895326211347e-01 3.563793061684852326e-01 5.795744495594260665e-02 8.966572591891600608e-01
 1.713981401379453118e+01 -2.226260166629687731e-01  9.120407853385517072e+00 2.634400371144284825e-01 3.640755493817070532e-01 5.256353424116706752e-02 8.917877640199122213e-01
 1.713986694163611091e+01 -2.226374897912357653e-01  9.120340825024960907e+00 2.698143933443252762e-01 3.708833674684273163e-01 4.756021779372330421e-02 8.873464636560665086e-01
 1.714061004637362373e+01 -2.231480277796187295e-01  9.119877171310429631e+00 2.753705321655099403e-01 3.766019398024261222e-01 4.187813090692045492e-02 8.835090667920033614e-01
 1.713998295555773410e+01 -2.226469519163859490e-01  9.120099993818110207e+00 2.800194109416684340e-01 3.809710642587821328e-01 3.819535774635538644e-02 8.803358974505356427e-01
 1.714006794638165587e+01 -2.226737092517211414e-01  9.120004223967720591e+00 2.835070875012084546e-01 3.839341001836685807e-01 3.477968312434878695e-02 8.780710174550283575e-01
 1.714013801335053344e+01 -2.227241345390403859e-01  9.119927661249782602e+00 2.825716587830728876e-01 3.870139529916545307e-01 3.289597527031340451e-02 8.770925336892173574e-01
 1.714020685405791511e+01 -2.227774805345706932e-01  9.119890241790452379e+00 2.813845171968068493e-01 3.883566140119591448e-01 3.111279257661375697e-02 8.769457725385139124e-01
 1.714029365764234925e+01 -2.227707867390839036e-01  9.119723009799058033e+00 2.796358025343168019e-01 3.886370591550689646e-01 2.884768529082892136e-02 8.774581843288313809e-01
 1.714036229109065701e+01 -2.227849175662633963e-01  9.119598318004246806e+00 2.775944038544967962e-01 3.877634885010563526e-01 2.731696643692546611e-02 8.785411813221061239e-01
 1.714042240990020716e+01 -2.228134012522360874e-01  9.119534219639895412e+00 2.753141563898933719e-01 3.858475607186561684e-01 2.598520365281416569e-02 8.801412070627679940e-01
 1.714042809338660334e+01 -2.228662017748884727e-01  9.119566592506085811e+00 2.731004667712583767e-01 3.835946649353429438e-01 2.413114600471844007e-02 8.818667449648852630e-01
 1.714048007445864741e+01 -2.229231682837418682e-01  9.119552152498989983e+00 2.702457848585607114e-01 3.804419925512388945e-01 2.296012636296842005e-02 8.841402256809834936e-01
 1.714056379009715414e+01 -2.229576594100783904e-01  9.119557959750455467e+00 2.675278349426671309e-01 3.769862012572137155e-01 2.115361257222334729e-02 8.864890220796244336e-01
 1.714058710554693477e+01 -2.229713449126625724e-01  9.119564515952561123e+00 2.644670533054392370e-01 3.734235453957137074e-01 1.968730576170725152e-02 8.889456920711628074e-01
 1.714061792065448131e+01 -2.229930817708412061e-01  9.119582247040725065e+00 2.617243689508567672e-01 3.699541060381050794e-01 1.827619722179792822e-02 8.912352634057588707e-01
 1.714069541832635934e+01 -2.230421947938383553e-01  9.119553925621769253e+00 2.587604961939995452e-01 3.668929558284444448e-01 1.604852491880315660e-02 8.934064077567570594e-01
 1.714076947361748182e+01 -2.230873256106297164e-01  9.119571358364211733e+00 2.561526485435150491e-01 3.640103556538027973e-01 1.435820193102461603e-02 8.953636823426793789e-01
 1.714188581583137605e+01 -2.227555186503580309e-01  9.118061966386832751e+00 2.531735005275119188e-01 3.608609562470094789e-01 1.103429972681947528e-02 8.975303856230598676e-01
 1.714089811768204541e+01 -2.231733753034426115e-01  9.119638506857114635e+00 2.518877361887724708e-01 3.604530531146979411e-01 9.852613750978189006e-03 8.980696469986402253e-01
 1.714098639994213968e+01 -2.232591735365053176e-01  9.119684915658314850e+00 2.501126470999751050e-01 3.603775233208459938e-01 6.877599510877432237e-03 8.986236159097670262e-01
 1.714107680736951878e+01 -2.233390249791294413e-01  9.119755503507784411e+00 2.478583992434660044e-01 3.619623069426256001e-01 4.467748527131651382e-03 8.986264749607245639e-01
 1.714114987099427623e+01 -2.234460577227245226e-01  9.119860438513523349e+00 2.459991331105202406e-01 3.649596421095732679e-01 1.902216021181443078e-03 8.979338882759317908e-01
 1.714122937978072869e+01 -2.235416260827391421e-01  9.119949412730111504e+00 2.450169371789804318e-01 3.694891724058820270e-01 -1.472850312174213069e-03 8.963494199709207688e-01
 1.714130104591710335e+01 -2.236380742703518443e-01  9.120055295448738164e+00 2.448517315392102489e-01 3.760083765316631355e-01 -5.723761494658597022e-03 8.936624468414379185e-01
 1.714138568139025054e+01 -2.237420835194058877e-01  9.120144686723961058e+00 2.454883430088662666e-01 3.844231531997432394e-01 -1.034347208981628227e-02 8.898580366080059978e-01
 1.714146477976656513e+01 -2.238387808295227988e-01  9.120239825028328084e+00 2.454104593546427571e-01 3.954463665172268660e-01 -1.494408878148892166e-02 8.849703677853610895e-01
 1.714197232415008898e+01 -2.238125917567241052e-01  9.119719732298284143e+00 2.455735830439179646e-01 4.094061850255631407e-01 -1.950473880621119913e-02 8.784644307755937742e-01
 1.714155480259070430e+01 -2.240171086604708095e-01  9.120373740186249023e+00 2.457328255514354687e-01 4.233755527872575253e-01 -2.543475263258569360e-02 8.716200967778974240e-01
 1.714158859097853949e+01 -2.240878934708989689e-01  9.120466605838300822e+00 2.468387817070255286e-01 4.395747009565311725e-01 -3.081291163079951864e-02 8.630731502029246327e-01
 1.714164814550901283e+01 -2.240700898205985059e-01  9.120443480356453136e+00 2.482339750158545633e-01 4.583276128401541638e-01 -3.471500181649719158e-02 8.527077820712993805e-01
 1.714159479411157605e+01 -2.241491293212634073e-01  9.120629820391933151e+00 2.495623410773450956e-01 4.747892969559642795e-01 -4.074412877492143703e-02 8.429909118029853543e-01
 1.714159612736720106e+01 -2.241684231753675594e-01  9.120693367089549142e+00 2.512828415644110525e-01 4.932501244483214475e-01 -4.551255856463974625e-02 8.315586902197167340e-01
 1.714159545686665709e+01 -2.241857796183959195e-01  9.120753131865793506e+00 2.530390501643877688e-01 5.120818314489478107e-01 -5.015035906998229626e-02 8.192852851583188878e-01
 1.714159103518231575e+01 -2.242018644268255478e-01  9.120815572551199679e+00 2.550393363282013048e-01 5.306005857471516318e-01 -5.480215197884961281e-02 8.064829071149229867e-01
 1.714157413855603806e+01 -2.242358261484191928e-01  9.120891214691825510e+00 2.570291808136900835e-01 5.485759375980087116e-01 -5.921113658270833746e-02 7.934068831332967697e-01
 1.714164640046420018e+01 -2.242126576864631460e-01  9.120869461519323096e+00 2.589107118958243747e-01 5.666600453756426292e-01 -6.314111197024017963e-02 7.796632838730023218e-01
 1.714152442861085746e+01 -2.243151047377840435e-01  9.121113274943256854e+00 2.612762503208859721e-01 5.813611947967649574e-01 -6.784818355905755660e-02 7.675614022281685989e-01
 1.714149683189349460e+01 -2.243575833675248710e-01  9.121239958112507651e+00 2.630059148280888826e-01 5.964554278840107360e-01 -7.155269400845887251e-02 7.549496826234671776e-01
 1.714144059536599940e+01 -2.244487726722983467e-01  9.121400468767806302e+00 2.645851447485841335e-01 6.094150163554696853e-01 -7.549221590358795586e-02 7.435784856737045478e-01
 1.714143039369697874e+01 -2.245212081994401032e-01  9.121533929677218211e+00 2.656356687324106791e-01 6.211809635185858713e-01 -7.883089716084555609e-02 7.330467868506228557e-01
 1.714128321187336113e+01 -2.246727120767104680e-01  9.121809037096877404e+00 2.653922046427917292e-01 6.306114713444619380e-01 -8.375114520504413351e-02 7.244873329468605183e-01
 1.714119259147176066e+01 -2.248220421099480504e-01  9.122030522320564216e+00 2.650025829874541050e-01 6.382444580177587534e-01 -8.735616256784480005e-02 7.174862672421092880e-01
 1.714108521572931210e+01 -2.249785773836414648e-01  9.122259287035838327e+00 2.647423404546014325e-01 6.432866995821746592e-01 -8.994119673053029007e-02 7.127442012685707429e-01
 1.714110034556971840e+01 -2.250284893007510334e-01  9.122323791360305023e+00 2.644916827189934261e-01 6.460173287095613004e-01 -9.066537805400951000e-02 7.102714621901695669e-01
 1.714083302022410038e+01 -2.253793157774754974e-01  9.122753153398525328e+00 2.647233342898097086e-01 6.452019771087170730e-01 -9.089261123937110443e-02 7.108969673866789574e-01
 1.714069136162952844e+01 -2.256214532562648145e-01  9.123002239172288697e+00 2.567325538139531571e-01 6.457708417742483720e-01 -8.472775843990879019e-02 7.140655590883044912e-01
 1.714053829822865538e+01 -2.258975239622751374e-01  9.123265746807213361e+00 2.474050890468202368e-01 6.440030152891709214e-01 -7.700844686557976881e-02 7.198059025345249218e-01
 1.714041704797744714e+01 -2.261445135447628374e-01  9.123487299358499669e+00 2.367976508158033955e-01 6.401739789468510189e-01 -6.795011699668668248e-02 7.276585262660021369e-01
 1.714018521892243285e+01 -2.265125975151613957e-01  9.123768889656128422e+00 2.250994814777883823e-01 6.341887260043157504e-01 -5.776987943771022538e-02 7.374262839614590392e-01
 1.714000316050545436e+01 -2.268508642912152595e-01  9.124020536381740598e+00 2.125547445966413929e-01 6.262447017038574870e-01 -4.653620460132765202e-02 7.486470702531377031e-01
 1.713979672469988458e+01 -2.272123600435480562e-01  9.124262066978724661e+00 1.991319049896615179e-01 6.166011250406149280e-01 -3.434761073134024595e-02 7.609006365162831464e-01
 1.713961482849076035e+01 -2.275442766352864243e-01  9.124478109043369756e+00 1.846634147624918176e-01 6.056624420563111455e-01 -2.107735649191221777e-02 7.737106530053431408e-01
 1.713934989225568728e+01 -2.279737440211347943e-01  9.124732474278017591e+00 1.702710012510665061e-01 5.923924578477429703e-01 -7.994469239000295824e-03 7.874103444073212721e-01
 1.713910068720208102e+01 -2.283812784733132428e-01  9.124955379457208693e+00 1.550596884685491450e-01 5.783161872547391003e-01 5.918080944299475461e-03 8.009193822658526862e-01
 1.713887814062650961e+01 -2.287974883711020868e-01  9.125125021521636626e+00 1.393521135353950058e-01 5.635272783134259722e-01 2.064744641541474759e-02 8.139973452084494632e-01
 1.713855848561987827e+01 -2.292264476047350952e-01  9.125404840538468676e+00 1.244625955437575621e-01 5.467780911897952567e-01 3.398421583297583926e-02 8.272773745120635125e-01
 1.713826518062635174e+01 -2.296681416577192048e-01  9.125626403831326172e+00 1.092387604147118108e-01 5.299084987143634073e-01 4.786223418193958495e-02 8.396267520466818013e-01
 1.713795574426133328e+01 -2.301096819327872467e-01  9.125853941844896511e+00 9.446726800608959418e-02 5.126480433294734462e-01 6.137408948576333900e-02 8.511763272587657969e-01
 1.713763231361710737e+01 -2.305526196517808657e-01  9.126082398680409824e+00 7.989445410652930291e-02 4.956649206210097525e-01 7.497622377653390124e-02 8.615751438713856736e-01
 1.713731597230101755e+01 -2.309794453783029500e-01  9.126357251324064279e+00 6.690806766286268303e-02 4.779029136817531387e-01 8.656004952550125364e-02 8.715729879948410641e-01
 1.713698249215726577e+01 -2.314027883665938923e-01  9.126668895789409319e+00 5.438792044067367049e-02 4.612569284976760220e-01 9.792761200769460606e-02 8.801671334635821076e-01
 1.713664604745920172e+01 -2.317974032064114009e-01  9.127040508069816482e+00 4.299117542393422059e-02 4.457516562351553358e-01 1.086106750353924705e-01 8.875026428510739418e-01
 1.713631369410835958e+01 -2.321689536023834322e-01  9.127440177273385302e+00 3.320939183984736309e-02 4.309290529279207194e-01 1.175872197309913575e-01 8.940752392233040080e-01
 1.713599299858457314e+01 -2.324839045463003018e-01  9.127916474340231900e+00 2.494393585966406604e-02 4.179224665586335208e-01 1.252794793363671000e-01 8.994574276009875691e-01
 1.713568357290521149e+01 -2.328036685885455093e-01  9.128375864966038478e+00 1.845626279757853205e-02 4.069611941779581743e-01 1.315758528267453320e-01 9.037310151531326996e-01
 1.713538064575251596e+01 -2.330253933183734638e-01  9.128962973243789136e+00 1.407822860977826253e-02 3.977462826736267720e-01 1.358159463714752602e-01 9.072781970320584755e-01
 1.713508517270480169e+01 -2.332476744085383302e-01  9.129546068582126139e+00 1.140773786835292888e-02 3.910079366328978456e-01 1.386262130543089999e-01 9.098161517916860674e-01
 1.713479799023846439e+01 -2.334549110789141402e-01  9.130144666177557156e+00 1.048956324832162924e-02 3.861938760571934082e-01 1.399754992155029243e-01 9.116748975255113407e-01
 1.713455504950675135e+01 -2.336348246797284034e-01  9.130692763015360924e+00 1.117098083825506828e-02 3.833069727458834897e-01 1.400266457870924797e-01 9.128765044085175306e-01
 1.713428814255493293e+01 -2.337035663970237209e-01  9.131458013236358084e+00 1.339285922311965124e-02 3.817817649853050832e-01 1.387068237808309901e-01 9.136868896307797083e-01
 1.713402654960015425e+01 -2.338299208221408243e-01  9.132130302548532086e+00 1.683678826092030456e-02 3.821347410499204011e-01 1.364907355597705929e-01 9.138160872681767577e-01
 1.713380383318710187e+01 -2.338764745646821908e-01  9.132839170039998677e+00 2.145987567984367420e-02 3.839162236701224584e-01 1.332479244212626812e-01 9.134510373173285736e-01
 1.713357880170301684e+01 -2.339210744895905414e-01  9.133561851982493707e+00 2.704791922520895578e-02 3.868917688463912596e-01 1.291180928138672690e-01 9.126399549508046327e-01
 1.713335290738478278e+01 -2.339648037472739084e-01  9.134297457052657165e+00 3.360564015200686455e-02 3.908872275882488978e-01 1.242499427862789885e-01 9.113944195440045748e-01
 1.713312792262334483e+01 -2.340026294721564426e-01  9.135046290166856764e+00 4.091578523897851372e-02 3.957358996506719073e-01 1.187180463500827898e-01 9.097389854880194582e-01
 1.713296318941148755e+01 -2.340454029598608710e-01  9.135693780678153075e+00 4.890458623893428197e-02 4.009638815223935948e-01 1.126498878545505317e-01 9.078250436761765574e-01
 1.713273920155158692e+01 -2.339480345792945837e-01  9.136601024538165916e+00 5.736147326611533426e-02 4.072190038898209630e-01 1.060923119091163602e-01 9.053324061412481027e-01
 1.713254517798910825e+01 -2.339216337652580968e-01  9.137394918859316206e+00 6.609986922904557971e-02 4.136240102595498125e-01 9.939637876394805116e-02 9.025886911064889828e-01
 1.713234555578537766e+01 -2.338946806319870397e-01  9.138201592893231862e+00 7.506195970542302309e-02 4.201379770268165448e-01 9.240982356619090177e-02 8.996167000303302297e-01
 1.713216868590934183e+01 -2.338400710578143471e-01  9.138988141084990247e+00 8.419998117704108331e-02 4.265983681425420948e-01 8.529387381053013528e-02 8.964648072056703443e-01
 1.713201379867211926e+01 -2.337599823791620679e-01  9.139758756033444342e+00 9.322181712992180791e-02 4.329070525817120263e-01 7.827640132910568260e-02 8.931819420649833585e-01
 1.713186307282679621e+01 -2.336851353975595291e-01  9.140506759787555779e+00 1.020512390253083546e-01 4.389382724322271612e-01 7.136452333201105669e-02 8.898459655565148507e-01
 1.713171482694916037e+01 -2.336091963020883178e-01  9.141237475707770344e+00 1.105578434378698266e-01 4.446192461171361021e-01 6.471698805869169346e-02 8.865113652363449948e-01
 1.713157047860362781e+01 -2.335326641398547398e-01  9.141949503115428755e+00 1.186365244656663598e-01 4.497214396102214851e-01 5.845408910809889169e-02 8.833227729908019743e-01
 1.713158314070855681e+01 -2.335618592914534553e-01  9.142090227659579682e+00 1.260197507574826736e-01 4.541423766078567792e-01 5.278840896931144555e-02 8.803903157500532206e-01
 1.713129874405215602e+01 -2.333923317969566202e-01  9.143297524018338507e+00 1.327643978255920731e-01 4.577302872189545346e-01 4.773047096371175330e-02 8.778259514129459484e-01
 1.713118287330409473e+01 -2.333047369486236366e-01  9.143941864691591093e+00 1.386712016563129979e-01 4.606262595148473138e-01 4.325977035436278512e-02 8.756268264194756457e-01
 1.713107185522255449e+01 -2.332147733325434791e-01  9.144566865726508453e+00 1.440220952597747184e-01 4.628392911663800624e-01 3.939662586602119682e-02 8.737764774242666732e-01
 1.713096053336215618e+01 -2.331302044650507277e-01  9.145172772288335139e+00 1.486632489041224692e-01 4.644546102330637805e-01 3.599779382178988629e-02 8.722874023499869178e-01
 1.713085568802485881e+01 -2.330476013330596841e-01  9.145751472406704607e+00 1.526940730959094328e-01 4.654263219435902377e-01 3.314991078467731389e-02 8.711853662099763307e-01
 1.713075558281483879e+01 -2.329680822170893117e-01  9.146312496088226496e+00 1.561104201142056447e-01 4.659076010871112672e-01 3.072032614858954958e-02 8.704113427238547862e-01
 1.713065740987440577e+01 -2.328889583298781041e-01  9.146851444520994079e+00 1.589985098352975079e-01 4.658988873644683282e-01 2.867869316256884543e-02 8.699627768940420003e-01
 1.713056280868234182e+01 -2.328194768098224010e-01  9.147365289012002521e+00 1.611612477843497593e-01 4.655019985544707750e-01 2.698466868836378596e-02 8.698314602324775935e-01
 1.713047026522673377e+01 -2.327510786442718027e-01  9.147858787870246644e+00 1.628641260601677576e-01 4.647595775640244176e-01 2.556642563059997528e-02 8.699541191267746720e-01
 1.713050822988740407e+01 -2.328048756318322754e-01  9.147672125620166739e+00 1.638407983998000361e-01 4.636801694810861463e-01 2.430721044795484606e-02 8.703827047511607518e-01
 1.713030563867947365e+01 -2.326073018639319701e-01  9.148785267659448550e+00 1.646757125273523303e-01 4.623813070220835209e-01 2.344901668223672159e-02 8.709394813859312467e-01
 1.713023022624138392e+01 -2.325424869028389629e-01  9.149214968893613076e+00 1.647229201568055357e-01 4.609115412725859895e-01 2.264915699765898335e-02 8.717304207058736987e-01
 1.713016101205584363e+01 -2.324722419030066378e-01  9.149624303875260267e+00 1.644420273193621940e-01 4.592125846959964064e-01 2.193813598033990744e-02 8.726977368468585849e-01
 1.713009656716107898e+01 -2.324060867138935116e-01  9.150012924989935570e+00 1.636601620020241288e-01 4.573936689248754295e-01 2.132208232801202641e-02 8.738144836326016129e-01
 1.713003457010860942e+01 -2.323472545325375727e-01  9.150379813489509573e+00 1.624265304176371605e-01 4.554632691502815134e-01 2.071410334609857101e-02 8.750667166530755603e-01
 1.712997723737793976e+01 -2.322904416671942585e-01  9.150724671922120024e+00 1.608350780293843763e-01 4.535056614108435302e-01 2.009959639612608068e-02 8.763907227762671726e-01
 1.712992398140834993e+01 -2.322317170231065209e-01  9.151051264420589249e+00 1.589754000753590690e-01 4.516234266168777101e-01 1.942517208727632949e-02 8.777162214469372836e-01
 1.712987188613238843e+01 -2.321813863751910345e-01  9.151357746239288105e+00 1.566420078591171106e-01 4.497842014505672448e-01 1.866095464563347420e-02 8.790956843660725495e-01
 1.712982435705017892e+01 -2.321348299166940965e-01  9.151640401422561411e+00 1.539731076786386432e-01 4.481141162990218696e-01 1.774506744602125444e-02 8.804380349954591400e-01
 1.712978181510744236e+01 -2.320890033675994113e-01  9.151900523184181679e+00 1.510622797192130995e-01 4.466058136278477919e-01 1.665425722220108609e-02 8.817290233377935715e-01
 1.712974110332703148e+01 -2.320462298383789146e-01  9.152140902754293705e+00 1.477914799777370058e-01 4.453720372070176792e-01 1.529196458820401665e-02 8.829312446272892245e-01
 1.712970420756241197e+01 -2.320106658232633512e-01  9.152362824927720908e+00 1.441167235181474993e-01 4.443287747555852429e-01 1.371714402217381369e-02 8.840894467679553115e-01
 1.712967053702959319e+01 -2.319722673541671498e-01  9.152559776746162612e+00 1.401507451494409806e-01 4.434144705915759044e-01 1.206808579634674645e-02 8.852094312699457790e-01
 1.712963995921849047e+01 -2.319401031829424475e-01  9.152738825736864925e+00 1.357634901658431037e-01 4.426799445135133904e-01 1.032622260941547070e-02 8.862821845158136425e-01
 1.712961759936602135e+01 -2.319130927073047022e-01  9.152896893181763360e+00 1.310127879476969404e-01 4.420403414138420750e-01 8.653573763487408185e-03 8.873337036414349344e-01
 1.712959472899218483e+01 -2.318871486562042450e-01  9.153027745400169835e+00 1.257718617196926791e-01 4.414643950706123032e-01 6.966897731316755091e-03 8.883929811859740955e-01
 1.712957696851293221e+01 -2.318655548425673785e-01  9.153141596748582742e+00 1.199530485128068452e-01 4.410359053774839388e-01 5.261760948223301836e-03 8.894216717575927911e-01
 1.712956277024443352e+01 -2.318473069860695901e-01  9.153233235750589003e+00 1.135772996703876409e-01 4.406505969326371397e-01 3.771879047175874002e-03 8.904566364236650156e-01
 1.712955248826049370e+01 -2.318331073967804246e-01  9.153305604618159563e+00 1.066317168659298154e-01 4.401863357562437740e-01 2.487347995644722046e-03 8.915489217489213081e-01
 1.712954335819890517e+01 -2.318219883593773400e-01  9.153353527436593140e+00 9.903158503253672862e-02 4.397340904467414435e-01 1.474008252670617244e-03 8.926502686744633985e-01
 1.712953766395397537e+01 -2.318160159760876693e-01  9.153395039537620903e+00 9.060358944774897505e-02 4.392590572208070476e-01 7.980940591863905495e-04 8.937795216240660423e-01
 1.712953441478488514e+01 -2.318087544792268029e-01  9.153423364950253216e+00 8.158886174409718528e-02 4.385960841729178994e-01 4.189920085378067761e-04 8.949729364808648446e-01
 1.712952831621037220e+01 -2.318047262739341141e-01  9.153441201354919343e+00 7.183889355880634930e-02 4.378497406748333987e-01 4.875668692530774366e-04 8.961732757908906777e-01
 1.712952468217811131e+01 -2.318049031651603642e-01  9.153454704449588419e+00 6.121445304490052280e-02 4.368842527127924091e-01 1.044861831336970194e-03 8.974318072888614051e-01
 1.712952504886768779e+01 -2.318013175711069740e-01  9.153456546830000207e+00 4.986889502867697388e-02 4.356585734212875538e-01 2.097537750953356803e-03 8.987270447964337272e-01
 1.712952014435096260e+01 -2.318012848530289216e-01  9.153460214595753541e+00 3.763836463866846588e-02 4.343407384294559193e-01 3.708195137721418538e-03 8.999542909152120629e-01
 1.712951869456439269e+01 -2.318037156271718635e-01  9.153462110690208320e+00 2.457756830722700875e-02 4.328132497847191340e-01 5.950461904444918904e-03 9.011288620114317194e-01
 1.712951761580278287e+01 -2.318076430326122261e-01  9.153478200765103878e+00 1.032525996897100048e-02 4.309006979336796883e-01 8.959853194053695249e-03 9.022957932726840546e-01
 1.712952308545606073e+01 -2.318064542070264744e-01  9.153508816479659416e+00 -4.921706997982634550e-03 4.282446631298674200e-01 1.277507374679536130e-02 9.035591196993013607e-01
 1.712952242992260565e+01 -2.318063585121780124e-01  9.153546734367035143e+00 -2.126228701408269806e-02 4.250354481034311904e-01 1.716848167080839427e-02 9.047640721445373568e-01
 1.712953014883819236e+01 -2.317998956235241548e-01  9.153598216866729587e+00 -3.862565763023843163e-02 4.208412866596546453e-01 2.232914244232220985e-02 9.060364669333507148e-01
 1.712966224525167291e+01 -2.318893004003783620e-01  9.153102648433637967e+00 -5.683202811233663276e-02 4.155838303196196515e-01 2.858673502300853458e-02 9.073273935786555500e-01
 1.712953272334831922e+01 -2.317696192404273825e-01  9.153740694453798454e+00 -7.529953550777834792e-02 4.106856279731020409e-01 3.465497341936785852e-02 9.080012817975284811e-01
 1.712953840436109232e+01 -2.317466411617651323e-01  9.153834272793115900e+00 -9.431907113357262951e-02 4.049131934010954947e-01 4.157132069257560292e-02 9.085268537176556247e-01
 1.712955529965964274e+01 -2.317272782248423479e-01  9.153888980123017660e+00 -1.134024024032688066e-01 3.990785281891670033e-01 4.895707849745707663e-02 9.085589842891486079e-01
 1.712956753395497600e+01 -2.316897526173332666e-01  9.153982337703322258e+00 -1.321779691101327148e-01 3.950525580994124764e-01 5.672648834150090941e-02 9.073282572153656966e-01
 1.712951028215248073e+01 -2.316431388349046161e-01  9.154277906463310188e+00 -1.514136132410649482e-01 3.891199196013570560e-01 6.392198111020386264e-02 9.064069650138758538e-01
 1.712946744012044320e+01 -2.316014881911506729e-01  9.154549709503950083e+00 -1.699515158987922048e-01 3.851458470293174785e-01 7.154551960399893606e-02 9.042457616070788129e-01
 1.712941285161490512e+01 -2.315440248487153907e-01  9.154829594346999500e+00 -1.874072496898448736e-01 3.831041707630433724e-01 7.900458304806443066e-02 9.010371762391664596e-01
 1.712935765514014008e+01 -2.314809858423805267e-01  9.155206265132640908e+00 -2.048524912683660770e-01 3.775354864710768754e-01 8.579109201943244112e-02 8.989673530258508460e-01
 1.712929098276583062e+01 -2.314091090607059975e-01  9.155581916413705557e+00 -2.210160866831219484e-01 3.743720188541335148e-01 9.215716444176035027e-02 8.958261762018419061e-01
 1.712922277540219795e+01 -2.313349986948525228e-01  9.155992434479689024e+00 -2.359761015266448048e-01 3.713994647525628023e-01 9.802772639341603145e-02 8.926187775013104675e-01
 1.712915273304135866e+01 -2.312506668328659920e-01  9.156421107519513214e+00 -2.494381992349536947e-01 3.686439834340614619e-01 1.030245928662855415e-01 8.895325353830668691e-01
 1.712907407221814893e+01 -2.311612613251565751e-01  9.156884546714120887e+00 -2.613522161098284502e-01 3.668417431755052194e-01 1.073451134296070919e-01 8.863403303591815829e-01
 1.712898136005598815e+01 -2.310953683386089974e-01  9.157358205538407958e+00 -2.717582914405518024e-01 3.671366669046812747e-01 1.108948470246473861e-01 8.826440005748713569e-01
 1.712890719872566336e+01 -2.309808109943656262e-01  9.157895719743301299e+00 -2.806231594719389988e-01 3.666219705002516926e-01 1.130863003790854998e-01 8.798013763236964824e-01
 1.712881825280465264e+01 -2.308758452813779449e-01  9.158443449988105556e+00 -2.871100309919433213e-01 3.680823400776631615e-01 1.141764871024229938e-01 8.769532204283801979e-01
 1.712872648712622237e+01 -2.307726610784617272e-01  9.159020833777478998e+00 -2.914813161086742266e-01 3.711697737646192929e-01 1.140077386358687994e-01 8.742275887514715516e-01
 1.712863701857611787e+01 -2.306497696364013805e-01  9.159627083084016519e+00 -2.935233269758565910e-01 3.749807367478437126e-01 1.124286936178058721e-01 8.721199988765664379e-01
 1.712854588404656297e+01 -2.305245107673759009e-01  9.160259564505270902e+00 -2.929743804465458346e-01 3.806480705837871903e-01 1.092822318196274151e-01 8.702473513727716492e-01
 1.712843058434116372e+01 -2.304293474583096746e-01  9.160880664111926919e+00 -2.900228855341851486e-01 3.881657408404110554e-01 1.045870832800029904e-01 8.684904291442835378e-01
 1.712835486829223441e+01 -2.302556028138789124e-01  9.161609836071416879e+00 -2.840131283310871613e-01 3.963718808725101295e-01 9.825136900358381886e-02 8.675093910028293109e-01
 1.712825840090063778e+01 -2.301161295234015469e-01  9.162323697319957105e+00 -2.760927952152150699e-01 4.059515232309612864e-01 9.090573779145229294e-02 8.664365389648012172e-01
 1.712815554503013260e+01 -2.299670816818668584e-01  9.163067657481031247e+00 -2.660054775502332935e-01 4.165659961250084420e-01 8.240999521677383477e-02 8.654030560808202432e-01
 1.712805120516287616e+01 -2.298184813364081425e-01  9.163844400490832598e+00 -2.543642357957871525e-01 4.280278170990691744e-01 7.330912708184880722e-02 8.641277655670650537e-01
 1.712793701776466904e+01 -2.296563615882916132e-01  9.164644021570204302e+00 -2.409825026030408823e-01 4.399977337142756406e-01 6.338891520750856989e-02 8.627347641044100790e-01
 1.712780866971869287e+01 -2.295059196802049506e-01  9.165462412832638961e+00 -2.268947506908133571e-01 4.525229704866535752e-01 5.306597317137587422e-02 8.607704315218221991e-01
 1.712771553494906840e+01 -2.293200803452993819e-01  9.166325794183501685e+00 -2.109654285035034993e-01 4.645802049350494789e-01 4.274956077218709793e-02 8.589710683210615150e-01
 1.712760905276863710e+01 -2.291493947162103195e-01  9.167215944570017427e+00 -1.949155850389051869e-01 4.767736760691678732e-01 3.247796844186866955e-02 8.565278501498491126e-01
 1.712749695003731532e+01 -2.289660749709545584e-01  9.168127007733449574e+00 -1.780747224505163928e-01 4.886274477821735962e-01 2.231295705938124430e-02 8.538353134213396700e-01
 1.712736283776828117e+01 -2.287924287830245818e-01  9.169055476141139138e+00 -1.612857704060969843e-01 4.999559380909022743e-01 1.253897510232614143e-02 8.508076952728749198e-01
 1.712725749622480365e+01 -2.285903734751063565e-01  9.170034015431500762e+00 -1.443647428428932455e-01 5.105966469149909592e-01 3.786415350476499825e-03 8.476057740729868728e-01
 1.712712987311672919e+01 -2.283960825781744530e-01  9.171031291957628895e+00 -1.280578585351493104e-01 5.206839079861195207e-01 -4.066567887383974560e-03 8.440811073927145802e-01
 1.712700811374564580e+01 -2.282038528475171524e-01  9.172056732951086033e+00 -1.125593032669574417e-01 5.298861274366235552e-01 -1.070892392803214285e-02 8.404977181090852456e-01
 1.712688032353643308e+01 -2.280117519478695731e-01  9.173104295536305131e+00 -9.803779166422564584e-02 5.381779563041914072e-01 -1.596740276488125068e-02 8.369576577120194649e-01
 1.712676374353195285e+01 -2.278055775527428883e-01  9.174189976152428372e+00 -8.506166767081742297e-02 5.453515757681247633e-01 -1.958504492917288731e-02 8.336501649465469788e-01
 1.712663536142198595e+01 -2.276013643365616956e-01  9.175301606978566227e+00 -7.354232121602768957e-02 5.514555428000309512e-01 -2.135418094136670025e-02 8.306818345561707284e-01
 1.712650776650738038e+01 -2.273994132871179907e-01  9.176428285050507228e+00 -6.414596863477774191e-02 5.561656247619983784e-01 -2.088810597502131078e-02 8.283289078438459407e-01
 1.712637865133951109e+01 -2.271891356967293552e-01  9.177526281874113678e+00 -5.675015011497856754e-02 5.595239773100199043e-01 -1.845480541710211794e-02 8.266630265314403037e-01
 1.712627172644525686e+01 -2.269873190928561324e-01  9.178584913844813897e+00 -5.182039476852012133e-02 5.612612784998547433e-01 -1.370128401471541052e-02 8.259011434542826713e-01
 1.712614778645636804e+01 -2.267806709779182084e-01  9.179608890021341949e+00 -4.950525772504964922e-02 5.613539200535414553e-01 -6.758588005004478004e-03 8.260661761543547366e-01
