-6.791573880017021461e-03  4.061572760489021855e-03  2.080446269481765580e-03 -4.948469176163625182e-04 -1.376778514723556797e-04 -1.148082549953096439e-03 9.999992090385851906e-01
6.596565783221296220e-02 1.207300867766523678e-01 1.172567306914455293e-01 2.551801735982044215e-03 6.341184596938584384e-02 -1.962958612064302430e-02 9.977911131330983174e-01
3.506859336965081897e-02 1.921073228417537471e-01 1.826264402326235325e-01 -3.630479661139657602e-03 6.494910857160630935e-02 -3.270617776601066756e-02 9.973458471609143450e-01
-2.707082548009968059e-01  3.373173235967029393e-02  4.798448906956654381e-01 -1.547071507404336639e-02 7.474348751743956076e-02 -2.545562629245343156e-02 9.967577835858053570e-01
-5.019502337934402814e-01 -1.054859723901810376e-01  7.913709998821596425e-01 -2.629073923078049241e-02 8.749599712332806201e-02 -2.349285722179252078e-02 9.955407240176818995e-01
-5.773775040893187604e-01 -1.180841497324262301e-01  8.929534236114926582e-01 -3.456791757425574374e-02 9.123636424775703746e-02 -2.758258874586705725e-02 9.948468151989563468e-01
-7.316755852282257333e-01 -1.379219333770147771e-01  9.765512253443701107e-01 -4.025027066311347851e-02 1.033926898272543304e-01 -2.452470960197550981e-02 9.935232287273259022e-01
-7.948763563898982865e-01 -2.158683042448548139e-01  9.669020798544112338e-01 -4.682191517216117288e-02 9.832251026023233753e-02 -2.137679157717722184e-02 9.938226325746478684e-01
-7.059036170656074471e-01 -1.086851381159903290e-01  7.812837595130663892e-01 -4.852631026252054308e-02 8.864065775224577726e-02 -3.259192576330063873e-02 9.943469200337446967e-01
-6.844686129894189675e-01 -1.614595387821779471e-02  5.536709785312287080e-01 -5.045058177417039574e-02 7.516684851222946162e-02 -4.084112657454817830e-02 9.950561220672476948e-01
-7.237417797879734938e-01  8.794947263963620587e-02  3.134402586897270804e-01 -5.490063081650911614e-02 6.181571870726481482e-02 -4.923731620668925224e-02 9.953594447984186466e-01
-5.622203981297446695e-01  1.690505774140525219e-01  1.007045851253941110e-01 -5.828830506101621844e-02 4.769614550890927118e-02 -6.042280520894806328e-02 9.953274013144561838e-01
-4.726575948869758959e-01  2.568816485856459386e-01 -1.122677884039732094e-01 -6.826318779363338418e-02 3.531976589192842297e-02 -6.854987284865152186e-02 9.946826460042541562e-01
-4.307135656962489123e-01  3.305240857366515406e-01 -2.872820132933268655e-01 -7.650442815247181227e-02 2.688109974726832566e-02 -7.754222159391031821e-02 9.936859075279882436e-01
-2.537106628522894924e-01  8.393117234276468164e-01 -1.463604638263162061e-01 -3.636169508407521844e-02 3.867924396933904857e-02 -1.183186368515658227e-01 9.915555674747433823e-01
-2.822592004637183294e-01  1.163060730540479648e+00 -2.458581515751276370e-02 -2.020989611078441786e-02 5.189130339935505570e-02 -1.400946535619170263e-01 9.885708577406446818e-01
-6.373080094698148068e-01  1.340856191945253739e+00  6.910389588120782745e-02 -3.165870096204231876e-02 8.911022182889717647e-02 -1.481061173519139240e-01 9.844397762290703069e-01
-9.308056648946284595e-01  1.452166964660731141e+00  2.121177258412814404e-01 -5.403043407808071075e-02 1.148055444448987106e-01 -1.539620329190701797e-01 9.798959595678878864e-01
-7.609603418562361776e-01  1.400360762012057281e+00  1.659448923636584472e-01 -8.460885873029048987e-02 6.834327410655229029e-02 -1.508170910459873948e-01 9.825602999089577683e-01
-9.478081501970925249e-01  1.432410696148027185e+00 -4.087942315637152491e-02 -1.153489577899745183e-01 3.219814059156665687e-02 -1.529222611292178347e-01 9.809549835391733197e-01
-1.037359626851905414e+00  1.436740913128322639e+00 -2.141156643228722123e-01 -1.488527301352957632e-01 3.240166287213267545e-03 -1.571258987869608437e-01 9.762908470246405290e-01
-1.109217704446792796e+00  1.409177428312231584e+00 -3.869590312453625169e-01 -1.872100326566937534e-01 -2.691668005761998009e-02 -1.657383830845369499e-01 9.678629471055696376e-01
-1.212973061918331874e+00  1.431439411984554599e+00 -6.062336172183377947e-01 -2.265520034487741863e-01 -5.528547450842083433e-02 -1.803216146581003709e-01 9.555636144856191061e-01
-1.389813982447041907e+00  1.522748904607970744e+00 -8.697081945562332717e-01 -2.652910848279249056e-01 -7.922645108820354498e-02 -2.010377083132827147e-01 9.396422987472066168e-01
-1.708853120250425128e+00  1.702392229880522967e+00 -8.800545180689249847e-01 -2.927442273652613447e-01 -9.441350894458526433e-02 -1.682580645108996131e-01 9.365234275767654326e-01
-2.034703891857875924e+00  1.839345163385315285e+00 -9.658213555191432764e-01 -3.161096308097805507e-01 -1.069959780386938869e-01 -1.350942989793795235e-01 9.329394902007941415e-01
-2.146598662281002490e+00  1.925270767989790022e+00 -8.604810824057771423e-01 -3.409477989264969033e-01 -1.316500209526005882e-01 -1.065465306226303643e-01 9.247003337312245108e-01
-2.290472499588579236e+00  2.003591907967053665e+00 -7.770836311930304774e-01 -3.462474070242725355e-01 -1.341204598422141014e-01 -1.065957743220297821e-01 9.223674843994489336e-01
-2.397524573407739723e+00  2.079296919356593776e+00 -7.262160480446903099e-01 -3.492438992054464064e-01 -1.361194185986602800e-01 -1.081892030888808448e-01 9.207580024540279462e-01
-2.485331376652588631e+00  2.140007362018676140e+00 -7.096953427751044874e-01 -3.494603091586245824e-01 -1.371911297785397832e-01 -1.121557927636719354e-01 9.200419362085615615e-01
-2.557326612007901012e+00  2.234545820399410410e+00 -6.665438221949633313e-01 -3.512447804721682276e-01 -1.370398569130511501e-01 -1.119371168741812583e-01 9.194113680362043795e-01
-2.613980894932086851e+00  2.308270999949083357e+00 -6.389393006200418945e-01 -3.509215456383900644e-01 -1.381935843807493014e-01 -1.134090057480048874e-01 9.191817010025891133e-01
-2.659111649342434713e+00  2.376020027356212871e+00 -6.081104961057269831e-01 -3.500699790971245062e-01 -1.397536501392106500e-01 -1.140011078519508197e-01 9.191972989604755284e-01
-2.695413632612574162e+00  2.438697258066386375e+00 -5.755838598229330305e-01 -3.487493272841354353e-01 -1.413783275830513830e-01 -1.141574906228006170e-01 9.194314235131338942e-01
-2.723869452652465384e+00  2.493602987435481921e+00 -5.421525364945560810e-01 -3.471130435503123612e-01 -1.426795608814911409e-01 -1.143991094174252876e-01 9.198195049401832746e-01
-2.748070269558017031e+00  2.543058774652716014e+00 -5.119518161058929095e-01 -3.448818397967689520e-01 -1.440339445965273801e-01 -1.137248178543847354e-01 9.205310452050747827e-01
-2.767124896935934331e+00  2.585406800456722554e+00 -4.832551906066933078e-01 -3.423428210089771162e-01 -1.459314951637240287e-01 -1.134741627348056642e-01 9.212106197903552340e-01
-2.782926465586168074e+00  2.622039593039669825e+00 -4.579435970181564564e-01 -3.392320699965205022e-01 -1.474046264622926872e-01 -1.123541051312213074e-01 9.222635381730919235e-01
-2.795836595463665475e+00  2.652018550739970948e+00 -4.368329071867648739e-01 -3.358783639421641376e-01 -1.492627224611153269e-01 -1.109632390161018195e-01 9.233599102766411049e-01
-2.805699415491466731e+00  2.675085915214113541e+00 -4.207550883492147120e-01 -3.317548798387595643e-01 -1.504999691463445866e-01 -1.095205136719379219e-01 9.248209102713641494e-01
-2.822393019685800475e+00  2.693232913053853039e+00 -4.023905200540806026e-01 -3.261017646509122292e-01 -1.531780883725086528e-01 -1.081664463157736705e-01 9.265495843318489744e-01
-2.817481809144554372e+00  2.702182162650101471e+00 -3.984168749742869053e-01 -3.220922050084678578e-01 -1.530338586449013771e-01 -1.055537019292803053e-01 9.282756409548084120e-01
-2.819744964576189616e+00  2.706521999635375764e+00 -3.949886087212264307e-01 -3.163064507229468858e-01 -1.541112081984688242e-01 -1.031865197520871191e-01 9.303507440100816650e-01
-2.819644265035146979e+00  2.706409766913948189e+00 -3.953178321224322112e-01 -3.102425937668179534e-01 -1.554096708492974377e-01 -1.001698924892419768e-01 9.325038122485311831e-01
-2.820298218298634030e+00  2.706677173609325582e+00 -3.947806702153927594e-01 -3.035762142393164109e-01 -1.566449258736276051e-01 -9.748440372302827339e-02 9.347730421749100849e-01
-2.821457519530431224e+00  2.707475136663204829e+00 -3.935298397633473777e-01 -2.966771194149641633e-01 -1.575524444984408301e-01 -9.415163507707377533e-02 9.371741479898590965e-01
-2.823848500895949964e+00  2.709226398625093069e+00 -3.911812331080179450e-01 -2.896731638844232126e-01 -1.584518927089762497e-01 -9.099449802561709877e-02 9.395224622919865487e-01
-2.827157110046851329e+00  2.712169345521785679e+00 -3.869879076237286997e-01 -2.825347228008278089e-01 -1.595836259963931969e-01 -8.742628542798223934e-02 9.418406666427011631e-01
-2.831500747579171140e+00  2.715902569221940510e+00 -3.823877012878835191e-01 -2.756489586235091327e-01 -1.608860465837000098e-01 -8.369883076780340603e-02 9.439956765539475603e-01
-2.836229910849553004e+00  2.720829648859057315e+00 -3.762132385520320921e-01 -2.686626496362837790e-01 -1.624363006899201822e-01 -7.991418326740663824e-02 9.460700567195268196e-01
-2.842343708655493906e+00  2.727336197086107639e+00 -3.672270674119050282e-01 -2.618860607711482325e-01 -1.644797717151262051e-01 -7.619862105249083917e-02 9.479218670439084615e-01
-2.849177258826404824e+00  2.734469847620002447e+00 -3.578323833812488974e-01 -2.548563325857550743e-01 -1.662633799344800378e-01 -7.250205671962438314e-02 9.498148187963409983e-01
-2.856554217179068100e+00  2.742316291766016434e+00 -3.485661921268454200e-01 -2.478205772892179692e-01 -1.680909293507616975e-01 -6.890706414558071813e-02 9.516208370211703960e-01
-2.865017294868684061e+00  2.751467953014409940e+00 -3.375640372609589046e-01 -2.411244991183972286e-01 -1.704228791052836423e-01 -6.537766703334034479e-02 9.531740548586316031e-01
-2.873737518290357507e+00  2.761301026135390302e+00 -3.263823301229147877e-01 -2.347897144365347633e-01 -1.729198457367035202e-01 -6.196759282906751792e-02 9.545326261496650533e-01
-2.883150080234320178e+00  2.772063530744922843e+00 -3.148416582912254569e-01 -2.287617477796539955e-01 -1.762793833020283862e-01 -5.913388818518590384e-02 9.555610001687786514e-01
-2.893407778760549220e+00  2.783997096472470290e+00 -3.027262198752662115e-01 -2.228440156865543198e-01 -1.797640003742798642e-01 -5.644206557472504493e-02 9.564725516583238996e-01
-2.904680770648197630e+00  2.797457503229763720e+00 -2.897232812072266239e-01 -2.169628993972221032e-01 -1.833676286188631877e-01 -5.386082706488583283e-02 9.572891017700621008e-01
-2.917533686217931521e+00  2.811813854000737134e+00 -2.751539329525521382e-01 -2.118722188612849333e-01 -1.878505792342126113e-01 -5.172189858458930284e-02 9.576780084991887154e-01
-2.931735767373129686e+00  2.827911981744443359e+00 -2.602109217015369236e-01 -2.075059246797240631e-01 -1.931006582695664608e-01 -4.963228568703548921e-02 9.577004036838208112e-01
-2.946847437066693054e+00  2.845187543815522524e+00 -2.434803535965994470e-01 -2.035196815538412030e-01 -1.989432377264724328e-01 -4.797974657467386078e-02 9.574441348202836766e-01
-2.963614707753710054e+00  2.863628836425879953e+00 -2.260074286623098838e-01 -2.002779416470884533e-01 -2.053300963459990802e-01 -4.685587166856385044e-02 9.568347949956289566e-01
-2.982105729370264857e+00  2.882475170006797871e+00 -2.080802248444163227e-01 -1.981071511201744073e-01 -2.122809802989853722e-01 -4.586166331986209210e-02 9.558174773019615378e-01
-3.002992246918996244e+00  2.901233018809636910e+00 -1.898949781816268723e-01 -1.971117692357495510e-01 -2.194913716210990795e-01 -4.517300291085300790e-02 9.544264707250409430e-01
-3.025800296161432534e+00  2.920461211509042698e+00 -1.709179846369090205e-01 -1.967798064699426419e-01 -2.271731124895361997e-01 -4.470415209413433621e-02 9.527180188875474798e-01
-3.051328353316919095e+00  2.940874329735698733e+00 -1.505127319187499757e-01 -1.968729563436903973e-01 -2.350482834223636130e-01 -4.453564966635813194e-02 9.507943623252564924e-01
-3.079900666561471212e+00  2.962263847809337491e+00 -1.277929000011063798e-01 -1.975923792788967237e-01 -2.432522331585830477e-01 -4.435407451859899736e-02 9.485875388111871809e-01
-3.110628367679327599e+00  2.985313937735834866e+00 -1.044938756839582927e-01 -1.989154662805208695e-01 -2.513022521756561045e-01 -4.455794884262315181e-02 9.461999812517353226e-01
-3.144513407334141419e+00  3.008251380063167613e+00 -7.927233950496043180e-02 -2.008005192185629284e-01 -2.597269349537215666e-01 -4.476462446531381811e-02 9.435132214959048857e-01
-3.183784621350956634e+00  3.031628950159944491e+00 -5.270151105399867308e-02 -2.035032907399755009e-01 -2.676512333654193498e-01 -4.480038148636460160e-02 9.407136406764001757e-01
-3.228227006250888653e+00  3.055438714347006091e+00 -2.323384463856015270e-02 -2.068854881253737454e-01 -2.755243211943401715e-01 -4.507525023212644727e-02 9.376848964604449499e-01
-3.272339798637565522e+00  3.079192218474647191e+00  5.725160756081759672e-03 -2.104779937412549762e-01 -2.833247198224426167e-01 -4.526733019322954493e-02 9.345464066087717514e-01
-3.317152361462521348e+00  3.102448758168772969e+00  3.545217223833019293e-02 -2.137636491424572127e-01 -2.909695894081759104e-01 -4.520788173520591535e-02 9.314494338255586703e-01
-3.362120323028475966e+00  3.126960458743375249e+00  6.593835704403350206e-02 -2.167960692168655334e-01 -2.985391810168916971e-01 -4.544132133832382014e-02 9.283366351086802526e-01
-3.409596101443488347e+00  3.151211531494679363e+00  9.867891350053992205e-02 -2.194804638601077218e-01 -3.059761910804590368e-01 -4.549926414795538165e-02 9.252765605145528705e-01
-3.459621803476396362e+00  3.174156221301158709e+00  1.351366362115269393e-01 -2.224455802251911196e-01 -3.126052724710503550e-01 -4.599682206481749830e-02 9.223232621058172764e-01
-3.509872953738100598e+00  3.196694926100409173e+00  1.715404598829193272e-01 -2.253515274265561474e-01 -3.191885258001174730e-01 -4.607952859498930936e-02 9.193541489157099900e-01
-3.560819714493185462e+00  3.216381473251529233e+00  2.099634780242167764e-01 -2.283173985782040172e-01 -3.253416533576680147e-01 -4.625038460509061505e-02 9.164523315595098918e-01
-3.607749068313173879e+00  3.242987361269270341e+00  2.509180126411789669e-01 -2.313321137406339489e-01 -3.310573242981895703e-01 -4.746649568167766314e-02 9.135827455510066031e-01
-3.634599034896158543e+00  3.260748357383140839e+00  2.943096843728769674e-01 -2.325384588689332066e-01 -3.383059437880254205e-01 -4.713165907265570720e-02 9.106336037384157311e-01
-3.667747019347125548e+00  3.283538744620042138e+00  3.424400138494370083e-01 -2.348480206881947974e-01 -3.446369301457195555e-01 -4.714665899264455784e-02 9.076612727798862856e-01
-3.685887676895855058e+00  3.310139251769675273e+00  3.969570920096290312e-01 -2.369983188773924498e-01 -3.508741668785149703e-01 -4.666427436619798030e-02 9.047328674058847664e-01
-3.718202550916995364e+00  3.330167050218303171e+00  4.450993599286616753e-01 -2.390210977715274965e-01 -3.561299743366859172e-01 -4.605181735247201869e-02 9.021749200224865595e-01
-3.741983510406270419e+00  3.353239632029408224e+00  4.971910521940197114e-01 -2.410172970799292769e-01 -3.606340480290564088e-01 -4.555501940851366949e-02 8.998769283169512079e-01
-3.765790809212569368e+00  3.375538420493366498e+00  5.494464800085152589e-01 -2.433692328564069363e-01 -3.643648860495753983e-01 -4.499727723871881774e-02 8.977666129646757476e-01
-3.790964058841463480e+00  3.397230744903633859e+00  6.023633624267445974e-01 -2.460315963470628420e-01 -3.673713509573364178e-01 -4.422124099024308391e-02 8.958522344337711552e-01
-3.813225821701229368e+00  3.426319452298524304e+00  6.565701995288011350e-01 -2.496556244992474416e-01 -3.703103565188897717e-01 -4.338883483485839881e-02 8.936776365236051012e-01
-3.843249663440734487e+00  3.440163328062267656e+00  7.094952099232068043e-01 -2.517176848127041788e-01 -3.715622639478657896e-01 -4.247977516843540191e-02 8.926226301545956421e-01
-3.871544325747322546e+00  3.460954018984121028e+00  7.621555995059576816e-01 -2.547922709571527333e-01 -3.726334409081172860e-01 -4.193311643960528218e-02 8.913286886009762489e-01
-3.898004317075214775e+00  3.481886132800569911e+00  8.165359548357253860e-01 -2.584307276981202550e-01 -3.731101978820449139e-01 -4.063629642199662051e-02 8.901410172725133796e-01
-3.924153221588057239e+00  3.501598592651854691e+00  8.706319479204553957e-01 -2.621392522167497741e-01 -3.729588834219580984e-01 -3.902637497713853237e-02 8.891915574160796920e-01
-3.948553118955931307e+00  3.528267523809166750e+00  9.209817004970082266e-01 -2.665352413851812541e-01 -3.717727279626352743e-01 -3.831721531098794542e-02 8.884119510980110768e-01
-4.016266351648895672e+00  3.616710476587318368e+00  1.013302596136322897e+00 -2.669433291121828811e-01 -3.691367601216626326e-01 -3.755724981803433560e-02 8.894204654467384730e-01
-4.075580522641837788e+00  3.708767568960641192e+00  1.095814933435552696e+00 -2.679047448247349195e-01 -3.657343793746040128e-01 -3.718603775426500280e-02 8.905518570190090744e-01
-4.134570349747920481e+00  3.800434839374028151e+00  1.177617127028888433e+00 -2.687785579456106189e-01 -3.616976148555770543e-01 -3.674150996248658207e-02 8.919545860872858389e-01
-4.189352428305285869e+00  3.893136037911872460e+00  1.256679820608264553e+00 -2.694900529800449140e-01 -3.571682342412401678e-01 -3.618857486222362002e-02 8.935862302224942821e-01
-4.253507713825780634e+00  3.983050926754115206e+00  1.343267728890802371e+00 -2.707664802586494668e-01 -3.518673927825602954e-01 -3.541299606839106578e-02 8.953327709707750159e-01
-4.304398605909931064e+00  4.082863327135320297e+00  1.421955131525217020e+00 -2.717169542432448792e-01 -3.458007369314322066e-01 -3.457758928322240272e-02 8.974386538554117720e-01
-4.370413530632548671e+00  4.166942385923944059e+00  1.509937470515555269e+00 -2.730658834803075807e-01 -3.397966825743288788e-01 -3.325155922291927330e-02 8.993706530679352884e-01
-4.431212772935002597e+00  4.259474827508658912e+00  1.595407552108804250e+00 -2.743135334346412657e-01 -3.329405392340081815e-01 -3.204964975566613333e-02 9.015960862047422975e-01
-4.490979036886259657e+00  4.351238937087686054e+00  1.681342474704088374e+00 -2.756868845637223675e-01 -3.256258406572150044e-01 -3.061490449259346783e-02 9.038956141052684190e-01
-4.552060416262405873e+00  4.444542563884597897e+00  1.767148343795439835e+00 -2.772948233429126108e-01 -3.178492328495013952e-01 -2.905181060689945166e-02 9.062204138203173720e-01
-4.612047152698282915e+00  4.532479846438694615e+00  1.854087637030599645e+00 -2.788751786766439089e-01 -3.094861467549230305e-01 -2.735338630904293397e-02 9.086796751013465068e-01
-4.672761736211697325e+00  4.624093018192724891e+00  1.941448785205530658e+00 -2.806244890332318387e-01 -3.008405444816458219e-01 -2.545579178948997878e-02 9.110965182762991166e-01
-4.734986859593792730e+00  4.716763786913001688e+00  2.024924822168107763e+00 -2.823216875244587976e-01 -2.920740069220722490e-01 -2.325103390856360364e-02 9.134805026140458972e-01
-4.793809011828369826e+00  4.805458995544375611e+00  2.116709935824396371e+00 -2.843168729670962902e-01 -2.827215418850869133e-01 -2.135839944690965525e-02 9.158472930971611747e-01
-4.853701613283034177e+00  4.896045610100884460e+00  2.203576881786386554e+00 -2.860788023592714668e-01 -2.733561521801897154e-01 -1.919201081318757177e-02 9.181867999633149813e-01
-4.903022211050176438e+00  4.988937819453131972e+00  2.285227851935661914e+00 -2.879816446302000399e-01 -2.632809009667800293e-01 -1.691355990559056249e-02 9.205779005785038605e-01
-4.972515698701371889e+00  5.079839145626051433e+00  2.378025626576985907e+00 -2.896920933635631079e-01 -2.543320059917897891e-01 -1.446339376208663485e-02 9.225966247562972233e-01
-5.030188292962396446e+00  5.172917338702842649e+00  2.464440651028162677e+00 -2.915858607786779855e-01 -2.449317038023679227e-01 -1.206509397744499543e-02 9.245758918410873495e-01
-5.089108805230356580e+00  5.267353981618890124e+00  2.548903437837285679e+00 -2.932989774377883219e-01 -2.357519241312972802e-01 -9.523518433738694181e-03 9.264480787928599526e-01
-5.151752929946307624e+00  5.362681309784761652e+00  2.628141211708258318e+00 -2.949350351698654671e-01 -2.265637723208402676e-01 -7.252980762071210841e-03 9.282400424303864916e-01
-5.225229980755694115e+00  5.457217062541384500e+00  2.697317757227751578e+00 -2.964961443707131439e-01 -2.176508063129450610e-01 -4.550653348151436489e-03 9.298910981608176085e-01
-5.336887447512478566e+00  5.521956555669468081e+00  2.704141255369993502e+00 -2.978781050901316285e-01 -2.091724055151747419e-01 -2.086097904496288062e-03 9.314028062414461129e-01
-5.417401869099536249e+00  5.479765217240161412e+00  2.604278693648186760e+00 -2.993014788708004970e-01 -2.011097905011161036e-01 3.401954422331800393e-04 9.327236252917635584e-01
-5.466455550174690536e+00  5.412881344588092780e+00  2.496017610865679082e+00 -3.006376549517142394e-01 -1.936698566940996680e-01 2.872305045734500299e-03 9.338633395186607400e-01
-5.505058464427957432e+00  5.338252989295963147e+00  2.386345085945213995e+00 -3.019078828661562741e-01 -1.866782589688000538e-01 5.144816040256553272e-03 9.348670433594099549e-01
-5.537606993721104764e+00  5.262075572527548317e+00  2.279677981290560318e+00 -3.030357963817940647e-01 -1.802763878173244128e-01 7.459324423216770472e-03 9.357425332782189908e-01
-5.564597050158051950e+00  5.185105555075022465e+00  2.175464808753276191e+00 -3.039708229611039481e-01 -1.744732891566362076e-01 9.525198059485638982e-03 9.365201977326178540e-01
-5.589547967409814078e+00  5.110155766955867485e+00  2.074558970510270051e+00 -3.048062928847586339e-01 -1.695302722346940516e-01 1.155253736547275263e-02 9.371334747485551286e-01
-5.610535903907194033e+00  5.034765169904541260e+00  1.976739226557509221e+00 -3.055076941322498185e-01 -1.654423950383481778e-01 1.356271693658871180e-02 9.376086152863938317e-01
-5.629316178973176932e+00  4.961414364651131947e+00  1.881872249516007622e+00 -3.060547196946636905e-01 -1.623551258133127395e-01 1.536180273450525949e-02 9.379420753391494170e-01
-5.646098929240183750e+00  4.889045003110357612e+00  1.789342467676983350e+00 -3.064110368952061569e-01 -1.601088397183907386e-01 1.701341204096674248e-02 9.381833401438972597e-01
-5.659384321171901711e+00  4.817828860767106924e+00  1.700383659449010931e+00 -3.066444150173414096e-01 -1.587708567673256632e-01 1.863206694849021267e-02 9.383037162141418808e-01
-5.672834924391438882e+00  4.748902617198762499e+00  1.613534402010369906e+00 -3.066439701876315094e-01 -1.581531800622909545e-01 2.011916039807734244e-02 9.383774648661529216e-01
-5.684139734723034465e+00  4.681485612694307186e+00  1.529841265822697416e+00 -3.065679451826398005e-01 -1.583160576848254009e-01 2.144663611464507971e-02 9.383454388789851386e-01
-5.693615944038372234e+00  4.615880333658396673e+00  1.449257673057933848e+00 -3.062259626869946461e-01 -1.590689677376452282e-01 2.260365217935820376e-02 9.383026154644663608e-01
-5.701909988923892669e+00  4.552179813446212364e+00  1.371362105208304927e+00 -3.057812305065854552e-01 -1.605470677316448991e-01 2.370247857647287543e-02 9.381687857853623358e-01
-5.709954216632707968e+00  4.490357964836557692e+00  1.295662002729804252e+00 -3.051509011886204270e-01 -1.624256974241858886e-01 2.470693900051401312e-02 9.380247264786065742e-01
-5.715306405536246359e+00  4.430264868874825623e+00  1.223430448958408023e+00 -3.042624399001186419e-01 -1.648047963951171924e-01 2.558628036454763804e-02 9.378747725620395492e-01
-5.719936039054652532e+00  4.371591038832307596e+00  1.153727694712534113e+00 -3.032505681895616978e-01 -1.676241753655607070e-01 2.632242449958235170e-02 9.376824402185356400e-01
-5.725091880689584301e+00  4.315500517693408256e+00  1.086648474472727166e+00 -3.020042404606649855e-01 -1.707673763760885199e-01 2.707338004558666397e-02 9.374961194598682157e-01
-5.729503795227904206e+00  4.261612044617169026e+00  1.022021992771832366e+00 -3.005309118637322641e-01 -1.742365248594599514e-01 2.776734807509934413e-02 9.373109296280124347e-01
-5.731030148244221856e+00  4.209120298332525323e+00  9.613635820124915021e-01 -2.988716909620490747e-01 -1.779656342963834847e-01 2.833801689013521613e-02 9.371237389745847857e-01
-5.732434875594267787e+00  4.159000832643165779e+00  9.030576013565176918e-01 -2.969945501883396455e-01 -1.819096425269480233e-01 2.873257606224438945e-02 9.369512037384718495e-01
-5.733435047789210870e+00  4.111172719762282490e+00  8.476489836530716193e-01 -2.949624328546660013e-01 -1.860450816066730184e-01 2.918153536224244934e-02 9.367672223174364765e-01
-5.734618550062023701e+00  4.065548021661342659e+00  7.943151215503894136e-01 -2.926983709838332226e-01 -1.902393781911589088e-01 2.948797736834005492e-02 9.366253796473678062e-01
-5.734689195434225617e+00  4.021858084208489004e+00  7.439174949003874993e-01 -2.901812533043713338e-01 -1.944797372139534519e-01 2.972226388459493426e-02 9.365303300339347103e-01
-5.732820458519719331e+00  3.979565348470967656e+00  6.964628144146707278e-01 -2.874596898198509831e-01 -1.986667194056806751e-01 2.993638901324784107e-02 9.364839955611132805e-01
-5.730856059799896762e+00  3.939850095986202394e+00  6.521080065376978485e-01 -2.844632565819744663e-01 -2.027431319524234665e-01 3.003602350550823447e-02 9.365221382289243834e-01
-5.729176043586178935e+00  3.901831599114216509e+00  6.096167147837576739e-01 -2.812730748181749840e-01 -2.066616913195122307e-01 3.014398985556052124e-02 9.366257217260670620e-01
-5.727928474918560831e+00  3.866654553135768779e+00  5.699054922409343416e-01 -2.777997350322802261e-01 -2.103666893805082871e-01 3.005948734137850464e-02 9.368402160645395993e-01
-5.726433299753129091e+00  3.834008572272661564e+00  5.326767382457480160e-01 -2.740699990934063468e-01 -2.138732171303746044e-01 3.001661041016883899e-02 9.371461389189672531e-01
-5.725171417845352551e+00  3.803201590515192798e+00  4.980013293050511436e-01 -2.702190614276864244e-01 -2.172378374026871506e-01 2.992595499671531212e-02 9.374933696081688694e-01
-5.722258879853242775e+00  3.774304914772333319e+00  4.666995337962889234e-01 -2.661698630524624853e-01 -2.204565795100394132e-01 2.976954760808071462e-02 9.379052588553800085e-01
-5.719363393967799247e+00  3.747756338180492364e+00  4.379169182908770885e-01 -2.619685538631645882e-01 -2.235380782753042805e-01 2.958638066667366659e-02 9.383644550103510396e-01
-5.716794361563676041e+00  3.723484411040164588e+00  4.116491023285262507e-01 -2.576359136014474416e-01 -2.264773838844156562e-01 2.938035440032881265e-02 9.388655523486467702e-01
-5.714505407369871115e+00  3.702045445954443625e+00  3.880622337029706603e-01 -2.531360845644561319e-01 -2.293271796561189013e-01 2.913641281542030809e-02 9.394052569634663286e-01
-5.712100629072548230e+00  3.682484215439152830e+00  3.669096631239072703e-01 -2.486206949212149131e-01 -2.321318574313545047e-01 2.884374166043765508e-02 9.399311620482574403e-01
-5.710574465824785229e+00  3.665509047089923200e+00  3.481039066081896838e-01 -2.439908081948048701e-01 -2.348267714159512909e-01 2.847635264639611710e-02 9.404860287546884523e-01
-5.708624558670361004e+00  3.650846267825822444e+00  3.316019342827287719e-01 -2.393042262271500298e-01 -2.374943961376112245e-01 2.818477940058210229e-02 9.410289673135450172e-01
-5.707090745001601739e+00  3.638568647823375191e+00  3.177606812365638689e-01 -2.345976504356968306e-01 -2.401336048236623055e-01 2.785806505876148656e-02 9.415538871756761186e-01
-5.705548591304243189e+00  3.628765398085620042e+00  3.066309641161640842e-01 -2.299294052768680041e-01 -2.428197180081846929e-01 2.757810461728164853e-02 9.420246818853367232e-01
-5.704190939915235070e+00  3.620976214567238394e+00  2.978120376836637107e-01 -2.253442140666910842e-01 -2.455691675579442790e-01 2.709727054434873245e-02 9.424338210509054514e-01
-5.702981110363237072e+00  3.615742939164155345e+00  2.918171222883206850e-01 -2.207456600019324922e-01 -2.483321357012933939e-01 2.680182177899816803e-02 9.428065370571381276e-01
-5.702075389099611868e+00  3.612295050544839015e+00  2.880377426816422837e-01 -2.163175792927270191e-01 -2.511129305298145931e-01 2.633170111010101760e-02 9.431095601924049943e-01
-5.700675361695060950e+00  3.607344985575230201e+00  2.820952473393127935e-01 -2.118735029647182411e-01 -2.539813043537657022e-01 2.604308679204165103e-02 9.433582953525990744e-01
-5.699093174999604550e+00  3.599629412101624570e+00  2.736659462234912743e-01 -2.075782942170312506e-01 -2.569923578208994641e-01 2.566037403000873823e-02 9.435082008102751994e-01
-5.696756985315575506e+00  3.589722340124166688e+00  2.630477874469001609e-01 -2.034267562580325817e-01 -2.601156651185863589e-01 2.535356927443128267e-02 9.435648319661437133e-01
-5.694178434869373362e+00  3.577334214495966780e+00  2.500899873970057197e-01 -1.994546785739680361e-01 -2.633970849449193130e-01 2.499567416903523617e-02 9.435120683437544509e-01
-5.691222155584695130e+00  3.562212527137269547e+00  2.349821891217137582e-01 -1.957349395765214939e-01 -2.668453973890461683e-01 2.467340443591969565e-02 9.433305838542493937e-01
-5.687588731413528720e+00  3.544374930935529910e+00  2.168094340465993586e-01 -1.921639941868450441e-01 -2.704060660586524167e-01 2.440600730369994406e-02 9.430577424444029910e-01
-5.683846396615463981e+00  3.524508886373110883e+00  1.966845158671806093e-01 -1.887881751207055037e-01 -2.740337957461110308e-01 2.420568892695372856e-02 9.426975062803254479e-01
-5.679469676518490218e+00  3.502153793711241914e+00  1.744040772883310719e-01 -1.856846141895898972e-01 -2.777450012143063973e-01 2.404334255417453492e-02 9.422318483433633762e-01
-5.674898367730645710e+00  3.477487740124267201e+00  1.497501319265548414e-01 -1.828466607713963854e-01 -2.814420867836299744e-01 2.400753107601104330e-02 9.416905483667445953e-01
-5.669517730421970825e+00  3.449804859916113298e+00  1.227749595962166484e-01 -1.803750689863233836e-01 -2.851102164861905042e-01 2.388330026409559229e-02 9.410667281929969707e-01
-5.664587704755873254e+00  3.420609076246030611e+00  9.337152250281433030e-02 -1.781434355141753023e-01 -2.885655878555863363e-01 2.389355810688054485e-02 9.404381509539900819e-01
-5.659226787616364440e+00  3.389207535892870826e+00  6.193744549050739234e-02 -1.762654773122781793e-01 -2.918450273253204164e-01 2.400791094245827151e-02 9.397768787034168625e-01
-5.653469050763710868e+00  3.355296114379840322e+00  2.798685564681480109e-02 -1.747451896000676019e-01 -2.948024447137317927e-01 2.424535007484232563e-02 9.391314073665048001e-01
-5.647374296336362676e+00  3.318320245308880700e+00 -8.320465740691229684e-03 -1.736783233660924297e-01 -2.974923975893378203e-01 2.459597708912412625e-02 9.384717104315514202e-01
-5.639289082149819166e+00  3.278788197127066262e+00 -4.633411462515246715e-02 -1.729764055361613095e-01 -2.998077848946665847e-01 2.507908198981259260e-02 9.378515313688469135e-01
-5.631875252180040370e+00  3.235834964536398406e+00 -8.680537428774892650e-02 -1.727428671501236024e-01 -3.015769519513327723e-01 2.568218681123668121e-02 9.373108711527308179e-01
-5.623898585198178424e+00  3.191074715338709566e+00 -1.289363833153330807e-01 -1.729271182682644570e-01 -3.029589490864916246e-01 2.637822852851311531e-02 9.368117612389055271e-01
-5.615162476207749442e+00  3.143412557144210417e+00 -1.738333182327205240e-01 -1.736059900164471093e-01 -3.037465573408278940e-01 2.725472219765023157e-02 9.364059852713103593e-01
-5.601103697772312096e+00  3.097596538362016982e+00 -2.195957877380970702e-01 -1.748382892181772619e-01 -3.033709489011859328e-01 2.828187117321886990e-02 9.362680042322265583e-01
-5.597085265799342402e+00  3.041502016769109140e+00 -2.691808966419794169e-01 -1.765029766818459744e-01 -3.033234979978929879e-01 2.950649655510299840e-02 9.359331821480706415e-01
-5.585849938475029752e+00  2.985749522117318921e+00 -3.189248577094700998e-01 -1.787911941828625173e-01 -3.020291697585832380e-01 3.086590078427732878e-02 9.358735949188768943e-01
-5.573922971847539820e+00  2.928122966537440419e+00 -3.710328135889260359e-01 -1.815795502979682952e-01 -2.998870876635019167e-01 3.247420924447653318e-02 9.359711679855511335e-01
-5.561974038879533566e+00  2.867725210698048421e+00 -4.246416889639443859e-01 -1.850426959318349773e-01 -2.967898972578180139e-01 3.430287448546181367e-02 9.362148633567014544e-01
-5.549763945803969811e+00  2.805320182571162224e+00 -4.798952263598327272e-01 -1.891112414956138688e-01 -2.927741217370415927e-01 3.627532291409201609e-02 9.365918817332179458e-01
-5.537021775005579016e+00  2.739891871980185023e+00 -5.377073248777772818e-01 -1.938359555325060712e-01 -2.876651919079784570e-01 3.854883258301624455e-02 9.371181073983325671e-01
-5.522293957967843170e+00  2.671262777855957893e+00 -5.966235807815285508e-01 -1.991310102485604749e-01 -2.814937680031910361e-01 4.097450076121109813e-02 9.377788596572876889e-01
-5.506805374689126786e+00  2.599994561810109683e+00 -6.572424646054011443e-01 -2.050168047241734404e-01 -2.743715350984265444e-01 4.366127830208635374e-02 9.384999005250084236e-01
-5.491066171095264181e+00  2.525724548665148284e+00 -7.199491480784909747e-01 -2.114394847517087062e-01 -2.663174904900850182e-01 4.651466524864387997e-02 9.392575389443525991e-01
-5.475036269967762159e+00  2.448834010159297581e+00 -7.847321490933865107e-01 -2.182991642776596353e-01 -2.575015305093903417e-01 4.949313857977569175e-02 9.399940775848112384e-01
-5.457627212044065423e+00  2.369047769008967297e+00 -8.500788896452167176e-01 -2.255024174102915335e-01 -2.480569378514963785e-01 5.260000288453298839e-02 9.406644752633113171e-01
-5.438790391634133137e+00  2.286065577630199908e+00 -9.175500818922419644e-01 -2.329762450454117007e-01 -2.380529205965737083e-01 5.580162525633287213e-02 9.412433558112022203e-01
-5.419065255476605891e+00  2.200511670435156830e+00 -9.871094649713225699e-01 -2.406327061586848171e-01 -2.275914164323922240e-01 5.919717213226011882e-02 9.416972670155676628e-01
-5.398950441714294612e+00  2.112418266412451562e+00 -1.059353092274847086e+00 -2.483605216745213007e-01 -2.167284147244868953e-01 6.248900936364085168e-02 9.420408532719382055e-01
-5.377522501805209743e+00  2.021127324639002687e+00 -1.133232883286592774e+00 -2.561420080564678625e-01 -2.056075613793970636e-01 6.593371840908819614e-02 9.422152340039769980e-01
-5.355533733167249899e+00  1.927492034546633537e+00 -1.207588979464999435e+00 -2.638978954065209215e-01 -1.944168807764923845e-01 6.927104420570155685e-02 9.422109634810030832e-01
-5.332313125919042385e+00  1.830630273063226454e+00 -1.284813786340924135e+00 -2.715878328630085270e-01 -1.832603083566924917e-01 7.261252083936341195e-02 9.420101540000179741e-01
-5.308923613901567862e+00  1.731880025533584888e+00 -1.365606464806112808e+00 -2.789708747312436565e-01 -1.721122677295137682e-01 7.603762923859591627e-02 9.416851370221698270e-01
-5.283052910310078509e+00  1.626434955633492496e+00 -1.450032121060051971e+00 -2.861976063058381814e-01 -1.612509752551398445e-01 7.928015435176311021e-02 9.411714563510920062e-01
-5.258266347237890770e+00  1.524017723226498422e+00 -1.530561897990421194e+00 -2.931425266453172029e-01 -1.507862997903058055e-01 8.245073355629001233e-02 9.404960539011194554e-01
-5.234118366155374957e+00  1.424671993052534003e+00 -1.608332051457457279e+00 -2.997609798307180884e-01 -1.407757437420313340e-01 8.544724587098870283e-02 9.396937336802180241e-01
-5.211465431506633550e+00  1.329472393702942457e+00 -1.683992619458855255e+00 -3.059156539433953714e-01 -1.313379449065484594e-01 8.837500676148001000e-02 9.388055256974245921e-01
-5.188020758297470891e+00  1.236545978038352978e+00 -1.757639864626658444e+00 -3.115472174771228842e-01 -1.226397424948610232e-01 9.106958207819476625e-02 9.378721427055819460e-01
-5.165649879201708927e+00  1.146743522753839617e+00 -1.827835712081285813e+00 -3.167143517497182370e-01 -1.148714454739337143e-01 9.353723795071068603e-02 9.368817190697217301e-01
-5.143950946137243463e+00  1.060257221147627327e+00 -1.895847197486925761e+00 -3.212981308056368501e-01 -1.080413038918900531e-01 9.572546142274182546e-02 9.359119744022658116e-01
-5.122810698682969566e+00  9.771926520349740741e-01 -1.961384496530324428e+00 -3.251897404623991794e-01 -1.022844546553665357e-01 9.776652592647575024e-02 9.350033312465361179e-01
-5.102535779179930842e+00  8.977197334234403581e-01 -2.025670053161877870e+00 -3.280112112376633582e-01 -9.898492662407178122e-02 9.579886369148227221e-02 9.345764855371918589e-01
-5.082894764490409223e+00  8.201317779517993678e-01 -2.088316598831184479e+00 -3.303908023678029937e-01 -9.648869826702724528e-02 9.439140632035729339e-02 9.341424469696038013e-01
-5.063995444342138441e+00  7.455714431085440630e-01 -2.148179855571736852e+00 -3.322388880032932645e-01 -9.479491132229171668e-02 9.333458492895523040e-02 9.337665132900588860e-01
-5.045804916174150279e+00  6.739895121928588528e-01 -2.205482373113227812e+00 -3.336787332768516023e-01 -9.372524994243509877e-02 9.264490245890093234e-02 9.334296987617035635e-01
-5.028315149596525480e+00  6.056394223458553272e-01 -2.260126094495638949e+00 -3.347035582416768573e-01 -9.323091922712882507e-02 9.225971479658440222e-02 9.331503998960072321e-01
-5.012085386038354962e+00  5.407813813367442490e-01 -2.311702872954811472e+00 -3.354035950266854305e-01 -9.313249840698337167e-02 9.218232641510425152e-02 9.329164940552545637e-01
-4.996505621087981019e+00  4.790641498498001694e-01 -2.361282416548986962e+00 -3.358192459636723526e-01 -9.343102203795293492e-02 9.226855178100830390e-02 9.327285738700029638e-01
-4.981817594511874780e+00  4.201766684954040265e-01 -2.408605976453630504e+00 -3.360159459372046298e-01 -9.393890332000170984e-02 9.255091224495486102e-02 9.325787340281718185e-01
-4.967946269909356616e+00  3.649287184527231220e-01 -2.453197709245961811e+00 -3.360049143907835600e-01 -9.460682118302390919e-02 9.287744552268321907e-02 9.324827220941236394e-01
-4.954850128469316495e+00  3.122486239411723652e-01 -2.495372072728649471e+00 -3.359335275240010188e-01 -9.538185357239771511e-02 9.317540833202786477e-02 9.323997588891446142e-01
-4.942341645811826112e+00  2.629545882758135278e-01 -2.535013316362062064e+00 -3.357790564597603056e-01 -9.610657507858806625e-02 9.353869475840725922e-02 9.323446058472963927e-01
-4.930319800176178546e+00  2.168744669573783312e-01 -2.571850682948924049e+00 -3.356773439478314414e-01 -9.674873150135361588e-02 9.387557421170031335e-02 9.322809556563043110e-01
-4.918983079552283755e+00  1.739416634940209594e-01 -2.606606165722904933e+00 -3.355562631386346251e-01 -9.710459163142502736e-02 9.408665330377904978e-02 9.322662678777047240e-01
-4.908464441905968201e+00  1.335144664225530464e-01 -2.639473359903115046e+00 -3.355325674929141577e-01 -9.715620658543135113e-02 9.417866880770781046e-02 9.322601278694430116e-01
-4.898669863093322974e+00  9.656992812251685709e-02 -2.669205180327074878e+00 -3.357047399692580369e-01 -9.682232657601325121e-02 9.398271822239530338e-02 9.322526553001125871e-01
-4.889872022002027308e+00  6.250649699922128377e-02 -2.696894024809142643e+00 -3.360832148498985594e-01 -9.596460837923553866e-02 9.353598234251213339e-02 9.322499056808739581e-01
-4.881908719038642985e+00  3.222020120006119370e-02 -2.721387122240524814e+00 -3.367272823026771222e-01 -9.450633414102971308e-02 9.282701134760212858e-02 9.322373282188122223e-01
-4.874844797381557626e+00  4.596229812949492732e-03 -2.743661069190319601e+00 -3.377277966402512654e-01 -9.235655374829222775e-02 9.167311479698116161e-02 9.322050430992526726e-01
-4.868778272757572800e+00 -1.944334654270785112e-02 -2.762871040988900795e+00 -3.390827408628391826e-01 -8.937804634821040761e-02 9.009093418997130009e-02 9.321577566360215172e-01
-4.863272478030060242e+00 -4.133910509721216986e-02 -2.780195884246923210e+00 -3.408761195459874549e-01 -8.548803719274757074e-02 8.803859181996917527e-02 9.320646291811304218e-01
-4.858540642757484207e+00 -5.921315021052997452e-02 -2.794759127368392715e+00 -3.430667073405572753e-01 -8.072326690425861428e-02 8.531346377509377299e-02 9.319391618520537213e-01
-4.855041333692473593e+00 -7.400674808161944451e-02 -2.806588874301903402e+00 -3.457264678861158291e-01 -7.496562941547417480e-02 8.231813569774193429e-02 9.317065462604524617e-01
-4.849534193807863325e+00 -9.824403793539893126e-02 -2.820132281148980624e+00 -3.488605087557134499e-01 -6.872904510227444141e-02 7.932716317902675784e-02 9.312786183371775106e-01
-4.849327080129306466e+00 -9.444571638443532979e-02 -2.822201685642526492e+00 -3.523022328044939089e-01 -6.126880161957285603e-02 7.580920905180255076e-02 9.307965591535078964e-01
-4.847805391902539007e+00 -9.992450926745899409e-02 -2.826331058912959993e+00 -3.560736469792775138e-01 -5.362863001526114309e-02 7.205377843797121373e-02 9.301310558100804871e-01
-4.845969492315661320e+00 -1.061587096204558156e-01 -2.831502610992163049e+00 -3.601371117851410175e-01 -4.550476132498325332e-02 6.821781164004672715e-02 9.292883877391648895e-01
-4.846162204912426219e+00 -1.056250564214923360e-01 -2.830607521841791652e+00 -3.643531836549799285e-01 -3.733854860015166366e-02 6.423580986818931693e-02 9.282921690284220428e-01
-4.844130665718876294e+00 -1.120962227971401548e-01 -2.835113059036338257e+00 -3.687289804408754312e-01 -2.905096927241006266e-02 6.038665416431986122e-02 9.271183485220239051e-01
-4.841118772597967634e+00 -1.224364254957914788e-01 -2.842700761176950586e+00 -3.733398252488405178e-01 -2.058503312238221805e-02 5.664358721068149527e-02 9.257349163353523203e-01
-4.836784985935140391e+00 -1.395621263840596260e-01 -2.856301189430947574e+00 -3.779535509315498643e-01 -1.240290981151436628e-02 5.310024035199616826e-02 9.242173151596977387e-01
-4.830763899369916459e+00 -1.599630238447018460e-01 -2.872405657108413557e+00 -3.827471430004645292e-01 -4.274888681686889354e-03 4.976820703292151454e-02 9.225017481937199948e-01
-4.823527010550748173e+00 -1.868182427522195876e-01 -2.893915372110096751e+00 -3.875185584885758039e-01 3.374953850386116540e-03 4.665378497614242753e-02 9.206744271787089540e-01
-4.814529781848078116e+00 -2.205474828564591983e-01 -2.920083596577230267e+00 -3.922368508740710080e-01 1.052417759968901113e-02 4.373331161034262060e-02 9.187637846355476423e-01
-4.804529088437059059e+00 -2.564708814212128818e-01 -2.950092603411980097e+00 -3.969692109660618584e-01 1.703132404731532226e-02 4.132682143544774006e-02 9.167428610991309457e-01
-4.792952942471049305e+00 -2.997795086483391880e-01 -2.984944143444931530e+00 -4.015944147841811751e-01 2.271162793264792923e-02 3.917169629342939774e-02 9.146975927487158708e-01
-4.780505702059807405e+00 -3.497639557480679562e-01 -3.024394156987449733e+00 -4.060733993475715842e-01 2.748576589894793920e-02 3.737015317829550654e-02 9.126622588157607963e-01
-4.765275330909667595e+00 -4.030744509311391943e-01 -3.068337907432630907e+00 -4.105403665553974957e-01 3.115887990359629545e-02 3.604555269324914019e-02 9.105967547508344584e-01
-4.749452616414894912e+00 -4.629763777559491866e-01 -3.116826104925411123e+00 -4.147928445378169515e-01 3.362876783758129290e-02 3.515631044577782749e-02 9.086143493968124041e-01
-4.733064169429442636e+00 -5.263870158260608445e-01 -3.167086825800808469e+00 -4.187811982554542345e-01 3.478481332495807210e-02 3.479636792626929903e-02 9.067532947438424751e-01
-4.713777767857738610e+00 -5.991920571972568776e-01 -3.227345673154352390e+00 -4.226985812405431031e-01 3.434951338654624459e-02 3.480788940375712653e-02 9.049499605959411275e-01
-4.693550659532589542e+00 -6.754677266311170936e-01 -3.289481058733008112e+00 -4.263662193973835612e-01 3.197554897729358581e-02 3.467037734484521017e-02 9.033201958105161467e-01
-4.671935245790991509e+00 -7.562629840190550068e-01 -3.356142260408656597e+00 -4.297581888366752145e-01 2.810598437631551746e-02 3.489453153949648168e-02 9.018316497211096294e-01
-4.642596078404195303e+00 -8.388080725655768788e-01 -3.417788259505773585e+00 -4.327916213907228027e-01 2.296329479439795929e-02 3.545558302784338617e-02 9.005037485642859441e-01
-4.624433573463861968e+00 -9.353998791981366079e-01 -3.503733824258041807e+00 -4.358181762415835880e-01 1.631198479798380216e-02 3.647439667899423504e-02 8.991474043761198409e-01
-4.598225335950180792e+00 -1.033239349002729845e+00 -3.584109249885229609e+00 -4.384610041970667949e-01 8.642450524539305526e-03 3.767936358402270564e-02 8.979184380595677251e-01
-4.570030194102497667e+00 -1.136446227939754250e+00 -3.669327329600605481e+00 -4.408521826701559676e-01 2.406524185048996661e-05 3.915914767784377942e-02 8.967251048169492256e-01
-4.544542436837945232e+00 -1.247526824131809153e+00 -3.758540834893264737e+00 -4.429420867340337908e-01 -9.121543553641921556e-03 4.091116551890213587e-02 8.955698642645273377e-01
-4.509095650593581084e+00 -1.357754607084905141e+00 -3.855129537193078271e+00 -4.447329537296961788e-01 -1.953633818839320760e-02 4.269294312477718567e-02 8.944317995042402325e-01
-4.479499374503938647e+00 -1.464582561932960658e+00 -3.944111601155335656e+00 -4.462863798271911042e-01 -3.020951015615497975e-02 4.470937034338946792e-02 8.932619575915919929e-01
-4.447707357250703097e+00 -1.563103078483436548e+00 -4.019559979442678177e+00 -4.474341739138825713e-01 -4.111156880617038156e-02 4.692313708684139884e-02 8.921382841971454702e-01
-4.423770441253398467e+00 -1.655238480562434500e+00 -4.108455419577930812e+00 -4.484841534568170807e-01 -5.265465887624116298e-02 4.898479902967605576e-02 8.908927771964318953e-01
-4.399049484938154286e+00 -1.740610503359413030e+00 -4.182223635944085416e+00 -4.491799015472212053e-01 -6.415456146551840044e-02 5.117057611276902562e-02 8.896646449249757671e-01
-4.376329301089477930e+00 -1.818087152754127356e+00 -4.250465056954939591e+00 -4.495788729873143597e-01 -7.561273580303272401e-02 5.337985240066628334e-02 8.884324073926614940e-01
-4.353531054379373266e+00 -1.886811970722467091e+00 -4.314124821111724017e+00 -4.496643413395085553e-01 -8.694321051759353047e-02 5.550468264703532772e-02 8.872215554622483458e-01
-4.333189182455529753e+00 -1.948533831542114569e+00 -4.371626424019636303e+00 -4.494477670463463137e-01 -9.793455474394784088e-02 5.746115011599581268e-02 8.860608014755562145e-01
-4.315239390491899307e+00 -2.004457809612371300e+00 -4.423248285103781541e+00 -4.490916117782470240e-01 -1.085297816541583582e-01 5.931000797619715575e-02 8.848843617549021490e-01
-4.298774224023730994e+00 -2.052134768000891452e+00 -4.468737192194409680e+00 -4.484279621322276865e-01 -1.185384785104350858e-01 6.107194389765491921e-02 8.838162759074593700e-01
-4.283404628049676255e+00 -2.092060342476982804e+00 -4.509994296343656117e+00 -4.475480711962999680e-01 -1.278097892342838215e-01 6.256409852569150276e-02 8.828652871871377483e-01
-4.270469622468329618e+00 -2.125689019909531297e+00 -4.544298479278120695e+00 -4.465334225284782743e-01 -1.361725959042200396e-01 6.377242975423200178e-02 8.820419513225837838e-01
-4.260041788054259371e+00 -2.152336836863372405e+00 -4.571898764654143577e+00 -4.453157148539517718e-01 -1.435601042347212086e-01 6.475042665531648145e-02 8.814146543053300586e-01
-4.252280433387811698e+00 -2.172654899977836784e+00 -4.592526371585629263e+00 -4.439372641475199943e-01 -1.498831452629219851e-01 6.533553593851065822e-02 8.810141973946484795e-01
-4.246840454598549641e+00 -2.186022952460377589e+00 -4.606802066933091133e+00 -4.423863099057610548e-01 -1.551489473062472868e-01 6.574440754923710495e-02 8.808523314572807017e-01
-4.241016012032918781e+00 -2.200433297758942253e+00 -4.621853136453427879e+00 -4.406791081303681468e-01 -1.594931761613464227e-01 6.582226839554601583e-02 8.809263756970010517e-01
-4.234300189294037509e+00 -2.214411545311511631e+00 -4.638708049490201546e+00 -4.388004050462183114e-01 -1.629993496164705846e-01 6.567992685384216323e-02 8.812329792763979874e-01
-4.227166926627890398e+00 -2.228163762359802735e+00 -4.656465952522149010e+00 -4.367039761021097033e-01 -1.657395019800496083e-01 6.529374664174460163e-02 8.817918016116371716e-01
-4.222949874005387016e+00 -2.236051231988885224e+00 -4.667525132279910949e+00 -4.344028300642107654e-01 -1.678408403813121119e-01 6.462820145654826764e-02 8.825796446263596273e-01
-4.221459518227114849e+00 -2.238865789455932287e+00 -4.671158585670880825e+00 -4.318953640035121944e-01 -1.694544164560066457e-01 6.379794688017169368e-02 8.835617789773971831e-01
-4.217958969177455053e+00 -2.245346177237065977e+00 -4.679679862749681618e+00 -4.291727946907921698e-01 -1.705993061876028283e-01 6.270708823842480184e-02 8.847453928166352233e-01
-4.212449415955449084e+00 -2.255746880585390635e+00 -4.692994654505829644e+00 -4.262254868150004428e-01 -1.714346236450080552e-01 6.145241088774774235e-02 8.860957089395556929e-01
-4.205496795987830438e+00 -2.269804989998462474e+00 -4.711067776887763792e+00 -4.229849169651633822e-01 -1.719670959481462147e-01 5.992549591289829392e-02 8.876485863621528249e-01
-4.196372313311651503e+00 -2.287220183213996005e+00 -4.733902141864381186e+00 -4.194868482344762395e-01 -1.723141138773904291e-01 5.833302806039656480e-02 8.893457641177925366e-01
-4.181981002230349631e+00 -2.300882866246981795e+00 -4.764978322312587444e+00 -4.156616349326820448e-01 -1.725569921572431276e-01 5.657848232603678723e-02 8.912061293777200355e-01
-4.164438015562410556e+00 -2.307674962171057942e+00 -4.799954198658863191e+00 -4.115086898848916430e-01 -1.728851185124457013e-01 5.465192855837421732e-02 8.931878305546980812e-01
-4.151440398153315670e+00 -2.268599066613459225e+00 -4.812135415453662191e+00 -4.070472550566056613e-01 -1.733053346838618336e-01 5.267116426277800023e-02 8.952673017463560479e-01
-4.150662703999634218e+00 -2.214796694615611905e+00 -4.797144856839636873e+00 -4.021564886070914113e-01 -1.740400048284564127e-01 5.058060491034643835e-02 8.974529724712202450e-01
-4.154851350398933718e+00 -2.157245930978678672e+00 -4.772076402711464382e+00 -3.969227234414069994e-01 -1.750131126901064427e-01 4.842057209127634265e-02 8.997100700785393146e-01
-4.164130465512331014e+00 -2.097416520349274727e+00 -4.738246066758391883e+00 -3.912994778940007135e-01 -1.764242921580353729e-01 4.626241464696246447e-02 9.020083019171448724e-01
-4.176078230665971169e+00 -2.034087854675465046e+00 -4.699158811677373038e+00 -3.852396792843378326e-01 -1.783234458623981777e-01 4.395711286883428881e-02 9.043555221199777172e-01
-4.190645228572255299e+00 -1.966658683503152094e+00 -4.654032364386730514e+00 -3.787288964198562979e-01 -1.808859205597219966e-01 4.169447108124364060e-02 9.067007653250962473e-01
-4.209737639017165023e+00 -1.898028784545855663e+00 -4.601174303151557510e+00 -3.717802456300540181e-01 -1.840796401420166373e-01 3.934674838646098904e-02 9.090357355109066617e-01
-4.231526489386624235e+00 -1.825422367140825841e+00 -4.543243165453507260e+00 -3.643236980716282880e-01 -1.880446589889529507e-01 3.701866123544057807e-02 9.113380645893581766e-01
-4.255908076126011075e+00 -1.749970235769167770e+00 -4.479908804199694394e+00 -3.564439424307284110e-01 -1.927388280857237624e-01 3.468278373467113818e-02 9.135625674057553658e-01
-4.283537641071760049e+00 -1.671968054324199482e+00 -4.410465117495753873e+00 -3.481989373775433161e-01 -1.980750912499069372e-01 3.238635451267875970e-02 9.156827410609365003e-01
-4.313798324694346320e+00 -1.591324291241918987e+00 -4.336003973420074153e+00 -3.396748829905429368e-01 -2.039491060699019920e-01 3.005139459875629665e-02 9.176724086956732362e-01
-4.347113519500975798e+00 -1.507281040783007509e+00 -4.256529666730386907e+00 -3.308795671463849453e-01 -2.102641944255026762e-01 2.769607282045803698e-02 9.195328205876825978e-01
-4.383024655112482293e+00 -1.420705116490365683e+00 -4.172177675625881932e+00 -3.219240682555852273e-01 -2.169017729105113812e-01 2.540083568258578312e-02 9.212346675699284448e-01
-4.421206954531027300e+00 -1.330083712041809196e+00 -4.082534542151448953e+00 -3.128464537392249833e-01 -2.239014892479150587e-01 2.312650729235533539e-02 9.227461103444508650e-01
-4.462878381402240358e+00 -1.234509029599943464e+00 -3.988115291875434565e+00 -3.036469794395780242e-01 -2.309967687333305819e-01 2.081393970499667567e-02 9.241243339648282928e-01
-4.506432720330828978e+00 -1.135841049581156836e+00 -3.888460146784388449e+00 -2.945561339958892577e-01 -2.382816416052769004e-01 1.856832856018725622e-02 9.252641570782751401e-01
-4.548758976299478007e+00 -1.042096440615015052e+00 -3.794081383042353206e+00 -2.855643207775932502e-01 -2.456283494037877768e-01 1.636112169906912134e-02 9.262030265361644865e-01
-4.587091150651862570e+00 -9.535613011060237731e-01 -3.704828217859670758e+00 -2.766896192572598778e-01 -2.529990463180045723e-01 1.430623527559669178e-02 9.269464217470674283e-01
-4.622410362161059716e+00 -8.708298351041650065e-01 -3.620267978587270896e+00 -2.680819562214810103e-01 -2.602740857878322878e-01 1.219178940582461151e-02 9.274916847534840914e-01
-4.653168743629407800e+00 -7.940346569029151924e-01 -3.540733668082081120e+00 -2.597892953578918585e-01 -2.673510733999526212e-01 1.019898437928427014e-02 9.278625470871073588e-01
-4.682390155194470438e+00 -7.222012657040459693e-01 -3.464917400739835340e+00 -2.518911899177432301e-01 -2.741910155520699832e-01 8.283905940202274804e-03 9.280633019006417905e-01
-4.706008938872470182e+00 -6.552796917612957461e-01 -3.393625708784912209e+00 -2.443977240981023147e-01 -2.806548478515419331e-01 6.482087071910041381e-03 9.281490135642487260e-01
-4.728051167379922148e+00 -5.937878421882664126e-01 -3.326416602911885345e+00 -2.374930037951679118e-01 -2.868120727526281555e-01 4.692245913268542658e-03 9.280699816824048431e-01
-4.745464793258994618e+00 -5.381934861784922752e-01 -3.263618361312669247e+00 -2.312611128257540671e-01 -2.924879538421644720e-01 3.024423981109984529e-03 9.278792741576893377e-01
-4.759499181267983658e+00 -4.890277993368846166e-01 -3.205299196613939028e+00 -2.257552898607943781e-01 -2.977023519389775941e-01 1.369033432494900105e-03 9.275807158934097352e-01
-4.772738501617921791e+00 -4.436492630883654975e-01 -3.152422313509970930e+00 -2.210240012429862122e-01 -3.022764184610615135e-01 -1.407781393965394905e-04 9.272417904184481197e-01
-4.781451908718736377e+00 -4.042195833783380765e-01 -3.103958407601281611e+00 -2.170970756227672271e-01 -3.062132329490850902e-01 -1.550427006756198304e-03 9.268764275236525130e-01
-4.788394105343545704e+00 -3.698359816208365292e-01 -3.060726191743200708e+00 -2.141011872507032621e-01 -3.093923504482931075e-01 -2.810812283635539741e-03 9.265145192797715756e-01
-4.794679226570894848e+00 -3.404230438805679881e-01 -3.023521646705649601e+00 -2.119768263977054035e-01 -3.119260218368657966e-01 -4.011821046112312369e-03 9.261489552244165369e-01
-4.799528103750785313e+00 -3.158725679693972221e-01 -2.991829176001364665e+00 -2.105929642931026191e-01 -3.138725047698219806e-01 -5.135324383886846061e-03 9.258014271879442258e-01
-4.802115317376527415e+00 -2.964982510623486722e-01 -2.965309988948246378e+00 -2.099169359218033548e-01 -3.153337893986805085e-01 -6.099818290703454271e-03 9.254524696025673292e-01
-4.803054834051980748e+00 -2.821631937407786950e-01 -2.944415747755069646e+00 -2.096883987282159023e-01 -3.163557422914891615e-01 -7.008056025568214567e-03 9.251490187579189950e-01
-4.804502296164162800e+00 -2.722962633370673013e-01 -2.930807620586126205e+00 -2.099352945023382211e-01 -3.170542110334780839e-01 -7.787868727979569729e-03 9.248476352831482838e-01
-4.803907115033671182e+00 -2.668051036786171504e-01 -2.922010690321165782e+00 -2.104413712298754402e-01 -3.173710546121922826e-01 -8.427106777010343400e-03 9.246183141386523641e-01
-4.805067822108629372e+00 -2.650002928621816856e-01 -2.920282772547375227e+00 -2.112668225158206570e-01 -3.176443862360249781e-01 -8.971863447029453445e-03 9.243310441952578005e-01
-4.805437690347531543e+00 -2.610727751094532589e-01 -2.914680408635896836e+00 -2.122026923925372510e-01 -3.176290762661305722e-01 -9.461869878052033347e-03 9.241170165461155550e-01
-4.806202662916468249e+00 -2.554732374474566470e-01 -2.905526819121727833e+00 -2.131634116431793124e-01 -3.175352941603798440e-01 -9.973491693987486528e-03 9.239227383079992029e-01
-4.806306630424741044e+00 -2.474518822915362515e-01 -2.891889921827408116e+00 -2.141204042222141224e-01 -3.175305513768886811e-01 -1.030759642670847111e-02 9.236993855654062058e-01
-4.806554302593565531e+00 -2.361720412282025672e-01 -2.874122646375613765e+00 -2.149682324521432208e-01 -3.176610732214942279e-01 -1.050852984381981867e-02 9.234552898742263150e-01
-4.807305855887591406e+00 -2.215892776335330883e-01 -2.852260030465260776e+00 -2.155946873093615990e-01 -3.179085027453484869e-01 -1.060452000972819143e-02 9.232229735234889212e-01
-4.808544038807913701e+00 -2.039714615784826712e-01 -2.825902142204344436e+00 -2.158793060535419972e-01 -3.183983593513530219e-01 -1.063655333885347651e-02 9.229872554446661992e-01
-4.807679915905837653e+00 -1.842233921080899117e-01 -2.795479732921095639e+00 -2.156876933756861070e-01 -3.191681166184489049e-01 -1.055696999074017851e-02 9.227670793028558416e-01
-4.804845727636472219e+00 -1.633907768197246924e-01 -2.760378950764101003e+00 -2.150308499237312543e-01 -3.203288468413201806e-01 -1.045708402897106357e-02 9.225192750593339541e-01
-4.801724205862862860e+00 -1.396454308448004111e-01 -2.721326852808215957e+00 -2.136747143628542900e-01 -3.219343523492724790e-01 -1.028879273063016894e-02 9.222773606478440467e-01
-4.798123401684593503e+00 -1.131598663728415888e-01 -2.678166305703359118e+00 -2.115694969567243344e-01 -3.239954129079501421e-01 -1.004006497504536521e-02 9.220436635362679878e-01
-4.792794488025025501e+00 -8.433845908280768189e-02 -2.630710030653791165e+00 -2.086864755235839641e-01 -3.266812833973854469e-01 -9.613130305861397953e-03 9.217574961653983712e-01
-4.780293748427441258e+00 -5.499913295256564361e-02 -2.575248994066948960e+00 -2.049092945997088300e-01 -3.300541984886288804e-01 -9.243756379446630908e-03 9.214070544632682047e-01
-4.766754498483923186e+00 -2.143974629856693070e-02 -2.513034961226519481e+00 -2.001411434932471034e-01 -3.341378197409080042e-01 -8.795785872594366964e-03 9.209875537980367621e-01
-4.741805827801273132e+00  1.786602142932258719e-02 -2.443253792895294207e+00 -1.943235260883546534e-01 -3.387162435645377778e-01 -8.258423774767207834e-03 9.205658433761670922e-01
-4.720817636666067685e+00  4.812916335087269459e-02 -2.368866038986827682e+00 -1.880610662537366695e-01 -3.440083672299221185e-01 -7.797621347533191700e-03 9.199078626344223686e-01
-4.689254810905364224e+00  8.496128955198012367e-02 -2.287220883065142818e+00 -1.809461142274863266e-01 -3.495673380550455289e-01 -7.272586236425825253e-03 9.192433243709289270e-01
-4.650012901520471864e+00  1.213601849388893372e-01 -2.200580965407058720e+00 -1.733045212165746085e-01 -3.553026814224375385e-01 -6.743228704363449927e-03 9.185205911500082809e-01
-4.603399765909515828e+00  1.577471801489093162e-01 -2.107688864069352963e+00 -1.653169029565996206e-01 -3.613275348783750451e-01 -6.210617533453951893e-03 9.176459896743450750e-01
-4.550022878795322967e+00  1.944449185752094023e-01 -2.008335950431406225e+00 -1.570783281063893311e-01 -3.674711545304092941e-01 -5.801296822562298713e-03 9.166557120220035770e-01
-4.488245422480934721e+00  2.298455013407919578e-01 -1.904083532040504512e+00 -1.487810779457064692e-01 -3.736698378938288490e-01 -5.501318392816573373e-03 9.155352415880311234e-01
-4.416131104940626884e+00  2.650949145177142197e-01 -1.797130050627721687e+00 -1.405388903556620550e-01 -3.796781686635312680e-01 -5.284587071507077481e-03 9.143661092130384027e-01
-4.334301321458301715e+00  3.172271722594924293e-01 -1.687234434317169463e+00 -1.324931242148898181e-01 -3.860505999435154822e-01 -5.061466470821012094e-03 9.128991663246245336e-01
-4.415234484803109538e+00  3.239624150995673579e-01 -1.804348609504500933e+00 -1.249468548519894612e-01 -3.916079983107609852e-01 -5.143907731035860832e-03 9.115947560922503801e-01
-4.490867949185974872e+00  3.145240775915382203e-01 -1.916917794620090820e+00 -1.178387886438174853e-01 -3.973648909181032862e-01 -5.263047405066329301e-03 9.100480557028918227e-01
-4.563742123921437965e+00  2.994972799675026387e-01 -2.027254630065150387e+00 -1.112723338937995354e-01 -4.026423311374023872e-01 -5.545570584545633785e-03 9.085520719986043270e-01
-4.633251559932212160e+00  2.789680380662886705e-01 -2.135700493368526853e+00 -1.054789964564308014e-01 -4.073719607836862600e-01 -6.008439823490676658e-03 9.071307323229031994e-01
-4.698692714359337330e+00  2.537694616971713502e-01 -2.241427693175193969e+00 -1.005676332504292780e-01 -4.115198145416267828e-01 -6.621753174623074001e-03 9.058110982798381894e-01
-4.761265086872725760e+00  2.242818026875654791e-01 -2.344661419319352902e+00 -9.670236570501372642e-02 -4.149894678463010855e-01 -7.447748143967685558e-03 9.046418767066235489e-01
-4.820630580581103608e+00  1.897751000546469835e-01 -2.445360655936257732e+00 -9.400252149210054642e-02 -4.176617459217984440e-01 -8.579538919049702062e-03 9.036861089220188381e-01
-4.877571149964927244e+00  1.531459776744475421e-01 -2.542448304830649874e+00 -9.255837587498842722e-02 -4.195293316725084432e-01 -9.880010172315713615e-03 9.029565174031348729e-01
-4.929726164138983791e+00  1.115423300672074292e-01 -2.635414141097475405e+00 -9.256100486111357162e-02 -4.206230354186735743e-01 -1.157631969799292719e-02 9.024271224184987616e-01
-4.979832976101763009e+00  6.709211884891747024e-02 -2.726151450931311615e+00 -9.412604734791632510e-02 -4.205261635124618036e-01 -1.338053062640070894e-02 9.022854284605865693e-01
-5.028531440981581113e+00  2.095403689423169791e-02 -2.813332931446433260e+00 -9.733177510743996896e-02 -4.193233088248162210e-01 -1.545900387754779552e-02 9.024718873348668291e-01
-5.074709195596153855e+00 -2.763367936212207665e-02 -2.896267257485441782e+00 -1.021406234715161315e-01 -4.172563481199169644e-01 -1.793103723990226508e-02 9.028526518175498117e-01
-5.119351527780700906e+00 -7.819554246887150395e-02 -2.974412622923602534e+00 -1.083279009750279936e-01 -4.142563858273564104e-01 -2.071744053163923627e-02 9.034530980241414211e-01
-5.161765051955756078e+00 -1.280673884474192725e-01 -3.045451318027479370e+00 -1.158298156294491482e-01 -4.103455501737943156e-01 -2.363662601781447298e-02 9.042351979293372644e-01
-5.200624191845244937e+00 -1.761171612007708109e-01 -3.110073135483341300e+00 -1.244124868052392946e-01 -4.056750411350986130e-01 -2.679662667515568530e-02 9.051139347760615017e-01
-5.237150449587967493e+00 -2.220536333923575634e-01 -3.167525976816072841e+00 -1.338702184808269469e-01 -4.002308361941722681e-01 -3.001183405789801389e-02 9.060868237534914771e-01
-5.270894205654350628e+00 -2.648491969043821337e-01 -3.218811610223783148e+00 -1.441283156853862268e-01 -3.941990615343650695e-01 -3.329933781429806477e-02 9.070420511774792693e-01
-5.301047535100103403e+00 -3.054000780432963857e-01 -3.263349752842757745e+00 -1.550506606866126624e-01 -3.876669523840154952e-01 -3.662950585130479719e-02 9.079272580724866426e-01
-5.328960280310733211e+00 -3.422126144920085711e-01 -3.302695114324806003e+00 -1.664830697953804950e-01 -3.806644753469097253e-01 -4.007771311848777607e-02 9.087198256842208277e-01
-5.354973112022503479e+00 -3.753938420353293837e-01 -3.336282417012105039e+00 -1.782420445799542674e-01 -3.732331443783433178e-01 -4.349576056098735516e-02 9.094145986812800508e-01
-5.377036554903322774e+00 -4.040694553318098792e-01 -3.364721088163269869e+00 -1.902000302127745401e-01 -3.656454189443246183e-01 -4.689069603345541459e-02 9.099058405887869849e-01
-5.396216535907848666e+00 -4.281025464516252654e-01 -3.387794048829752214e+00 -2.021388462322400437e-01 -3.579510840039117348e-01 -5.024052357014902742e-02 9.102125016147167846e-01
-5.413273846574672810e+00 -4.477888327267086632e-01 -3.405931382513943007e+00 -2.140073771554356630e-01 -3.501637457649909302e-01 -5.355892901251382843e-02 9.103392965251553282e-01
-5.427470629639516098e+00 -4.596292946310086558e-01 -3.422994960018268529e+00 -2.255347052492357729e-01 -3.424576687815401033e-01 -5.672806649148617181e-02 9.102959784009764244e-01
-5.433389131080733847e+00 -4.725776914036410314e-01 -3.428529198460065430e+00 -2.366326685180838718e-01 -3.349458170408583513e-01 -5.964085547717624253e-02 9.100874948018972121e-01
-5.440583853502209521e+00 -4.776757020150311783e-01 -3.432629638958003326e+00 -2.471620206393251307e-01 -3.276679108667150397e-01 -6.230777988525748601e-02 9.097595376293114988e-01
-5.442143020743476001e+00 -4.786616985635753219e-01 -3.432593665766486168e+00 -2.569816313505354777e-01 -3.208122610484084869e-01 -6.483919886691508205e-02 9.093051262363596177e-01
-5.443488603179194030e+00 -4.797204942702186781e-01 -3.432719426577614197e+00 -2.659412461798428828e-01 -3.145109693493946534e-01 -6.711907204591444076e-02 9.087646196386124364e-01
-5.444917420125305441e+00 -4.810315301461074444e-01 -3.433182607158987931e+00 -2.739192036148491716e-01 -3.088359196766760628e-01 -6.908682039751183612e-02 9.081936224483360132e-01
-5.446122593250045441e+00 -4.825886915582358050e-01 -3.433931759924066185e+00 -2.807468999714338720e-01 -3.038934505873484015e-01 -7.066689219530837562e-02 9.076541958223964812e-01
-5.447645161133040759e+00 -4.841861669799614187e-01 -3.434656699761979848e+00 -2.863604842846754206e-01 -2.998210643769504968e-01 -7.200313091439825008e-02 9.071496852971082658e-01
-5.449509442286829319e+00 -4.853920827155755457e-01 -3.435838748703200274e+00 -2.907350649025671196e-01 -2.965352175548446878e-01 -7.295183719364015107e-02 9.067623813523991716e-01
-5.451109457489239141e+00 -4.870802124388800003e-01 -3.437450199841264986e+00 -2.939745190267525898e-01 -2.940689904031504320e-01 -7.366680757085321274e-02 9.064632438817253890e-01
-5.452822152368253406e+00 -4.887966329511360675e-01 -3.438973101949645894e+00 -2.961630027825951639e-01 -2.923313467141794297e-01 -7.402388374638420310e-02 9.062837988986521820e-01
-5.454460299211023155e+00 -4.911218779959175551e-01 -3.441081194990601055e+00 -2.973414523738727167e-01 -2.912487508572750294e-01 -7.410663255540664296e-02 9.062397215061647193e-01
-5.456154113588898014e+00 -4.934329633455958319e-01 -3.443233076111746449e+00 -2.975488270753172126e-01 -2.909200740406146513e-01 -7.394110159270089744e-02 9.062907477854799110e-01
-5.457933551352573964e+00 -4.955046449761785210e-01 -3.445748144390992529e+00 -2.967759469982634291e-01 -2.911698488742901492e-01 -7.348457256621457323e-02 9.065010612153567848e-01
-5.459931723500389467e+00 -4.987679337872673591e-01 -3.448726184360375147e+00 -2.952285803585183999e-01 -2.920263971806734138e-01 -7.289787004252587521e-02 9.067781256914133614e-01
-5.462677302767941612e+00 -5.028135147951657835e-01 -3.452862654717863133e+00 -2.928488493199314924e-01 -2.934202609575404797e-01 -7.213189814238896158e-02 9.071610062067134717e-01
-5.465933419078731426e+00 -5.078176421763771486e-01 -3.457759581181182096e+00 -2.897307459266012519e-01 -2.953055721503487496e-01 -7.126466965243624663e-02 9.076188962230236079e-01
-5.469969656913141520e+00 -5.132133497970464697e-01 -3.463618064194935009e+00 -2.859080026841060440e-01 -2.975902711878941620e-01 -7.012114907189330448e-02 9.081738098780092194e-01
-5.474736301401655680e+00 -5.193508693498704032e-01 -3.470043544363782484e+00 -2.814268772090626203e-01 -3.002868901652622213e-01 -6.890591684348629231e-02 9.087786699759130560e-01
-5.480045068198108105e+00 -5.264413686334556974e-01 -3.477407870289722425e+00 -2.763542677889153087e-01 -3.033090338695114130e-01 -6.761971478317442552e-02 9.094281295521039477e-01
-5.486182222901295091e+00 -5.343432216630038534e-01 -3.485603864247120320e+00 -2.707620432227732521e-01 -3.065966679224201297e-01 -6.624544402422183342e-02 9.101087519163476580e-01
-5.493026949798487379e+00 -5.424459967201296084e-01 -3.494704687411174682e+00 -2.646157510808709867e-01 -3.101174957486094730e-01 -6.468412504452576706e-02 9.108356641446041513e-01
-5.500377594961658900e+00 -5.515850903041271680e-01 -3.504362752838597661e+00 -2.580456574959159033e-01 -3.138599479956832305e-01 -6.314645428118134673e-02 9.115464316223076402e-01
-5.508437677001785993e+00 -5.617500590385189341e-01 -3.514830263556711465e+00 -2.510957277421715927e-01 -3.177271203560765311e-01 -6.163200098744902461e-02 9.122510120324053284e-01
-5.516958602907888753e+00 -5.727413775889707015e-01 -3.526067843311251337e+00 -2.438287641033957676e-01 -3.216902061253170686e-01 -6.008579489877759194e-02 9.129362750653760017e-01
-5.526303295057266141e+00 -5.843865397097409708e-01 -3.538023042235515891e+00 -2.362598271964954921e-01 -3.256985669170058273e-01 -5.854147957930817825e-02 9.136052937291664344e-01
-5.536106267681756066e+00 -5.965794279740919137e-01 -3.550645729408358431e+00 -2.284504641948504888e-01 -3.297409894998045710e-01 -5.695188076619788625e-02 9.142416248071623119e-01
-5.547184405600884105e+00 -6.090753371777004599e-01 -3.563876537534818478e+00 -2.204475067296252921e-01 -3.336992775175228187e-01 -5.546418593840263256e-02 9.148614173956434170e-01
-5.559246500177872363e+00 -6.219827624331328852e-01 -3.577534197553127182e+00 -2.123107571985900777e-01 -3.376451347165417283e-01 -5.401088804603097066e-02 9.154248900660768573e-01
-5.572100508781195671e+00 -6.360974476357729168e-01 -3.592051987228985332e+00 -2.041204945200666698e-01 -3.414916644945560908e-01 -5.267701364282773718e-02 9.159385345269049905e-01
-5.585263755861669566e+00 -6.510155102598128574e-01 -3.606981295401842313e+00 -1.958885770261164505e-01 -3.453357710835033290e-01 -5.132211194293991724e-02 9.163716011676495965e-01
-5.599439330294202932e+00 -6.664796646063276819e-01 -3.622987002798806255e+00 -1.875915199647725240e-01 -3.490522924808092675e-01 -5.003445464978566876e-02 9.167706758503441078e-01
-5.614459761121014303e+00 -6.823618142997257552e-01 -3.639535664354474953e+00 -1.793084365323072693e-01 -3.527158906982615916e-01 -4.871702862316697191e-02 9.170968521150867359e-01
-5.630675629135128979e+00 -6.986599953116301442e-01 -3.656579254066458784e+00 -1.711300999997161787e-01 -3.562728261183076839e-01 -4.740462482158788737e-02 9.173532382835337673e-01
-5.648490286577013464e+00 -7.154380935856528012e-01 -3.674267341270613940e+00 -1.630048653985744500e-01 -3.597214851065778096e-01 -4.622771553146951679e-02 9.175472005983411616e-01
-5.666833700839999821e+00 -7.323897041041973477e-01 -3.692731304056614761e+00 -1.549749286133607351e-01 -3.630674934354046757e-01 -4.496715638099529899e-02 9.176833449283163802e-01
-5.686003133938886123e+00 -7.505936356349810490e-01 -3.712035730247555954e+00 -1.471442419807781621e-01 -3.662884947036623706e-01 -4.385737583213626667e-02 9.177460657963869561e-01
-5.706133671597523715e+00 -7.690141467383140306e-01 -3.732079449805755900e+00 -1.394594202538921579e-01 -3.693765214907883676e-01 -4.274070632097496519e-02 9.177610187281859400e-01
-5.728615473550285664e+00 -7.869735566688649264e-01 -3.752497781959015732e+00 -1.320374203790208034e-01 -3.723393262706667373e-01 -4.159629694396538985e-02 9.177141678172509032e-01
-5.752340311122732253e+00 -8.048909764829641489e-01 -3.773636389542422531e+00 -1.249247876644905136e-01 -3.751313631730160969e-01 -4.047164133775586758e-02 9.176231819425471059e-01
-5.776547746913462511e+00 -8.236124603325694071e-01 -3.795468884964094514e+00 -1.181293481030645104e-01 -3.778308810592226896e-01 -3.935506736606261824e-02 9.174641470419261369e-01
-5.804839513043084764e+00 -8.421977452352931159e-01 -3.818906128840846570e+00 -1.116921793628194992e-01 -3.802569421898076563e-01 -3.819873388806060976e-02 9.173169418009188281e-01
-5.827940791080890470e+00 -8.623535658250045532e-01 -3.841302484097515180e+00 -1.057014813997298880e-01 -3.827707584468542645e-01 -3.711749218702646569e-02 9.170256458145914502e-01
-5.856410908816322980e+00 -8.805553833472157255e-01 -3.865045789724039782e+00 -1.001159978954230256e-01 -3.850542816042349936e-01 -3.594444829846864947e-02 9.167431394999194794e-01
-5.885669288642613850e+00 -8.997368802659528875e-01 -3.889670293106495258e+00 -9.501535362568536147e-02 -3.871491246136699038e-01 -3.488241164421495427e-02 9.164446820425873330e-01
-5.917964484279166548e+00 -9.207681179445187380e-01 -3.916294941800794405e+00 -9.043202731276825390e-02 -3.891650586768942710e-01 -3.375913178235194489e-02 9.160965705439650941e-01
-5.953367261318559756e+00 -9.429439346299095526e-01 -3.945566481586655350e+00 -8.637710970505488306e-02 -3.909583098435631121e-01 -3.264129837202241202e-02 9.157647844964633688e-01
-5.993340792410839946e+00 -9.652065142104926387e-01 -3.976735312347486229e+00 -8.625533592233930458e-02 -3.932458275289496541e-01 -3.060541624894620380e-02 9.148666813542970511e-01
-6.036615381696469385e+00 -9.888286537415365007e-01 -4.010271140372590359e+00 -8.612268462720018558e-02 -3.953099169562716009e-01 -2.869822193068652730e-02 9.140510734125565362e-01
-6.082626969584033816e+00 -1.014417108963783676e+00 -4.045913922969534227e+00 -8.604759987448072633e-02 -3.972376938884765729e-01 -2.697565453018556034e-02 9.132745146847548456e-01
-6.133849591420371894e+00 -1.038450341851423264e+00 -4.083744818745853600e+00 -8.594834874399584490e-02 -3.989917290438100839e-01 -2.548544892623775746e-02 9.125617641539883751e-01
-6.188552132869853395e+00 -1.063512594305793701e+00 -4.123451670070727104e+00 -8.583936723342529274e-02 -4.007411369248610189e-01 -2.405261790227357366e-02 9.118440742699281953e-01
-6.250814410839001134e+00 -1.091814816939804977e+00 -4.168783814048504510e+00 -8.580895088640405621e-02 -4.022479908227507561e-01 -2.269017192165382127e-02 9.112181593476947894e-01
-6.322950575806941309e+00 -1.120197671681819163e+00 -4.219467194959655387e+00 -8.572334258906977311e-02 -4.036208463604000207e-01 -2.142409844271631406e-02 9.106496191865389722e-01
-6.403319395000659497e+00 -1.151526149527230425e+00 -4.275432146301460179e+00 -8.564447954855854139e-02 -4.049270384794222966e-01 -2.022208477130547910e-02 9.101044906595303630e-01
-6.493116177793243793e+00 -1.182657172774402854e+00 -4.336679405839342749e+00 -8.554551361642885599e-02 -4.061446471877748765e-01 -1.885519256666251184e-02 9.096004465555705965e-01
-6.590736991972207193e+00 -1.216142771615812634e+00 -4.403491256143796662e+00 -8.539406108475412760e-02 -4.072750867037013833e-01 -1.748923922613816392e-02 9.091363949338057138e-01
-6.698221938001570841e+00 -1.249674140527319510e+00 -4.476115252077006446e+00 -8.515275731397919934e-02 -4.084974309358018196e-01 -1.611856070670087543e-02 9.086358174986395309e-01
-6.824826734693319352e+00 -1.291296852413392759e+00 -4.559148236672399435e+00 -8.517536254673475915e-02 -4.096147145808108903e-01 -1.471977887587328296e-02 9.081543213153580041e-01
-6.931333998829197540e+00 -1.312633678217474120e+00 -4.628176580139471419e+00 -8.467730581881917351e-02 -4.109685891081109599e-01 -1.328439976546800551e-02 9.076112038580320673e-01
-7.051819074473756999e+00 -1.344230771387470824e+00 -4.703527668424017705e+00 -8.484718472086691388e-02 -4.123708625591867571e-01 -1.207508886991386435e-02 9.069759749772423607e-01
-7.177162103420318573e+00 -1.369705264092123898e+00 -4.773591456119385512e+00 -8.498610487652046019e-02 -4.138556561516481547e-01 -1.016234241613688319e-02 9.063098723095889264e-01
-7.318780198636963163e+00 -1.404510766070278027e+00 -4.850332000140978650e+00 -8.474483862037758553e-02 -4.157100774574403190e-01 -8.792917101300938912e-03 9.054977241475457017e-01
-7.435456387987958493e+00 -1.418367616308324752e+00 -4.916118952857715385e+00 -8.512078006551877796e-02 -4.171353042262642696e-01 -6.675023102639136320e-03 9.048248641785209267e-01
-7.568521280063235324e+00 -1.440263982626007966e+00 -4.986250452624871876e+00 -8.509928876778985463e-02 -4.190283934588625581e-01 -4.643173041138264241e-03 9.039644669292101753e-01
-7.705496316563580805e+00 -1.462764657879873864e+00 -5.055645522205088227e+00 -8.478847703561959159e-02 -4.214928560288630499e-01 -2.639002594055813323e-03 9.028553162849078939e-01
-7.839360858940159105e+00 -1.478926610284303944e+00 -5.119680930055483969e+00 -8.490839010664225084e-02 -4.239296784797828010e-01 1.237579597880947323e-04 9.017062590874557193e-01
-7.971508488793430658e+00 -1.496495805898776510e+00 -5.184017824696162791e+00 -8.605497520840990622e-02 -4.269307888426669417e-01 2.959725988641172256e-03 9.001754733395763708e-01
-8.107085102714853164e+00 -1.517351277193049963e+00 -5.246265982608417033e+00 -8.679463173267512599e-02 -4.308355210930475132e-01 5.191193118170161352e-03 8.982318727260136804e-01
-8.231201871051247565e+00 -1.530526216268374151e+00 -5.307358290457758088e+00 -8.813572755055745778e-02 -4.339411644781610011e-01 8.757704170833147811e-03 8.965770808570380224e-01
-8.359104530771386266e+00 -1.546160665714821691e+00 -5.366537176940460618e+00 -8.890591693177460342e-02 -4.377143970085689562e-01 1.165230357010678050e-02 8.946318060562431507e-01
-8.493260596329553991e+00 -1.561701765772933070e+00 -5.426923918175877937e+00 -8.886929705525388468e-02 -4.426060923436033190e-01 1.393068903515261130e-02 8.921928216278343093e-01
-8.608043007388330281e+00 -1.576751555075009303e+00 -5.482274002501012156e+00 -9.024699835429297878e-02 -4.455179871836697503e-01 1.772845724341911774e-02 8.905363014429115154e-01
-8.730044762843384376e+00 -1.591585286710691438e+00 -5.537801392594499994e+00 -9.086332062857298275e-02 -4.496292955997111540e-01 2.076627891731948686e-02 8.883389641138031978e-01
-8.850422498383316849e+00 -1.605767467519156444e+00 -5.592388671785649024e+00 -9.138679662261044168e-02 -4.537565117195534459e-01 2.380032560684645221e-02 8.861077959120823300e-01
-8.968648225354652226e+00 -1.619647738072362841e+00 -5.646114811203129413e+00 -9.177729289207592345e-02 -4.578770525302151007e-01 2.690128253005599074e-02 8.838562407280285971e-01
-9.088511305544948016e+00 -1.633571288063321747e+00 -5.696396007249357574e+00 -9.104577145524649084e-02 -4.627068703124726512e-01 2.945609607885746675e-02 8.813315823624777723e-01
-9.200495749607256357e+00 -1.646475661085491149e+00 -5.750098924903319642e+00 -9.215922689900626907e-02 -4.661166627662649553e-01 3.286201002290771445e-02 8.792963220020154624e-01
-9.312699626577876089e+00 -1.659559083463849838e+00 -5.800791577578424452e+00 -9.219552677749619229e-02 -4.699613153264277088e-01 3.578620413966506625e-02 8.771292347950491175e-01
-9.422882964846097664e+00 -1.671963510878598402e+00 -5.851058421102290907e+00 -9.210818076391651121e-02 -4.735903021318750850e-01 3.859549370265001611e-02 8.750649670903581923e-01
-9.531391894354936056e+00 -1.683820577288790643e+00 -5.899756050364777238e+00 -9.196412219544046474e-02 -4.771291740273358450e-01 4.135293745948552535e-02 8.730293729791033241e-01
-9.638536831256685034e+00 -1.691716483266350046e+00 -5.952473887905679106e+00 -9.148532735119821457e-02 -4.806156806111064883e-01 4.368494137629266166e-02 8.710514498737241817e-01
-9.742945399716766985e+00 -1.707364329669544656e+00 -5.994287274684211297e+00 -9.192322242516492992e-02 -4.834225759494863994e-01 4.679881184566712926e-02 8.692885628208683046e-01
-9.844538919249231412e+00 -1.717946762933576288e+00 -6.041835366214419523e+00 -9.176727725991210005e-02 -4.859465050950533827e-01 4.929761330394041158e-02 8.677583225372955678e-01
-9.944583763667075971e+00 -1.728512132095395337e+00 -6.087802238318666070e+00 -9.146581769030215359e-02 -4.883582976110067975e-01 5.152163973030018246e-02 8.663057762639154724e-01
-1.004309742168009478e+01 -1.739363858372771077e+00 -6.133126904853064332e+00 -9.118714757583301633e-02 -4.903648346310455763e-01 5.347282233359421794e-02 8.650825916326894127e-01
-1.013880047716200394e+01 -1.749246436621527234e+00 -6.177248635845779212e+00 -9.077570583879804311e-02 -4.919780559064477199e-01 5.521233084212574804e-02 8.641000881026225100e-01
-1.023281473180391998e+01 -1.759999251147436272e+00 -6.220376042987026288e+00 -9.052222159279058045e-02 -4.931503688136805730e-01 5.672658972038857605e-02 8.633600263826970433e-01
-1.032508671735191541e+01 -1.769103914146912038e+00 -6.263109537063005661e+00 -9.020820271042105654e-02 -4.939274190555933974e-01 5.822325739792274385e-02 8.628489074958668459e-01
-1.041540635678737559e+01 -1.779366094233087559e+00 -6.305246618816044091e+00 -8.997790369140412636e-02 -4.942323027933503421e-01 5.944858242495567463e-02 8.626147887501962597e-01
-1.050324304537693010e+01 -1.788748895686992135e+00 -6.346906637877474999e+00 -8.975284390062084061e-02 -4.942364201068014107e-01 6.053911374295999070e-02 8.625600290756471056e-01
-1.059020408815295156e+01 -1.798232538262755309e+00 -6.386821184818817443e+00 -8.960031624885692048e-02 -4.939354694608995566e-01 6.148548904639569712e-02 8.626813258517140870e-01
-1.068494420963509839e+01 -1.808326574129816011e+00 -6.429240413930923381e+00 -8.965518771882173554e-02 -4.936770699047256517e-01 6.195293433797756377e-02 8.627900856478948333e-01
-1.078536744670178038e+01 -1.819994531589281372e+00 -6.477578027765563462e+00 -8.962857484637239136e-02 -4.921063295008774596e-01 6.307020455506592849e-02 8.636088398885020112e-01
-1.089511596650882552e+01 -1.831619549402639713e+00 -6.527333876014748348e+00 -8.975163305781427847e-02 -4.909296547491091012e-01 6.365580965425639282e-02 8.642225733852576530e-01
-1.101183453439033855e+01 -1.844593414163486322e+00 -6.581904370499775503e+00 -9.005089697562347617e-02 -4.893589483395889839e-01 6.425656723561908035e-02 8.650374264741101937e-01
-1.113492418428111996e+01 -1.856485579163522637e+00 -6.641172622756575272e+00 -9.070432321657961872e-02 -4.878308606284614268e-01 6.447588361869853457e-02 8.658155909891580571e-01
-1.126783653884860747e+01 -1.874858995806015116e+00 -6.702139349026126069e+00 -9.118090239074153058e-02 -4.852018096930508229e-01 6.530098149980072264e-02 8.671799286912499349e-01
-1.139801028278951733e+01 -1.890392829680499265e+00 -6.763587480167860377e+00 -9.193145616144512977e-02 -4.827006566824286748e-01 6.573426965311277015e-02 8.684628312136106754e-01
-1.152675743345120019e+01 -1.906799514407541807e+00 -6.826467157506604266e+00 -9.289035937089258621e-02 -4.799169809456516056e-01 6.628551742953160686e-02 8.698605076189266372e-01
-1.165377865266647106e+01 -1.923172322333771334e+00 -6.888241673847595337e+00 -9.413538294732555489e-02 -4.769296167736827297e-01 6.685510052914450663e-02 8.713248911024560339e-01
-1.178047903905722471e+01 -1.939422352119202886e+00 -6.949286989159998207e+00 -9.555530480624445377e-02 -4.737694982412168354e-01 6.744432912286253690e-02 8.728475861963637117e-01
-1.190514050239563026e+01 -1.956913226536092232e+00 -7.011944342745151104e+00 -9.721094308424457764e-02 -4.704177176741548005e-01 6.813914396255914274e-02 8.744222438290100152e-01
-1.202802022965188122e+01 -1.974460610857856624e+00 -7.074740890299295870e+00 -9.906654235324509339e-02 -4.667632548572140383e-01 6.898849901226815351e-02 8.761041439836400047e-01
-1.214688684004847552e+01 -1.989894752665660516e+00 -7.138157039765962608e+00 -1.014294412147268842e-01 -4.630412781017840818e-01 6.979832065724153600e-02 8.777431501653336632e-01
-1.226826716879168799e+01 -2.011063597381341772e+00 -7.201506701121814125e+00 -1.036304182539941193e-01 -4.588305256252275810e-01 7.100997973466849356e-02 8.795981286616415540e-01
-1.238578204894018242e+01 -2.030788239301796860e+00 -7.265235102927800170e+00 -1.063827621854465250e-01 -4.546054018536692110e-01 7.218798667942347147e-02 8.813657192643870042e-01
-1.250162378593968171e+01 -2.051345937330905755e+00 -7.330126935075027994e+00 -1.094867486290220793e-01 -4.502019774179265577e-01 7.364529653239801354e-02 8.831235483794378505e-01
-1.261439226350898046e+01 -2.073074543972145189e+00 -7.396534897136922915e+00 -1.128416712318529719e-01 -4.456631417764435055e-01 7.515383004475592599e-02 8.848745804492046396e-01
-1.272519238003792807e+01 -2.096158218982905996e+00 -7.463509858581673484e+00 -1.165641061484400526e-01 -4.410712077166866751e-01 7.686318162307345658e-02 8.865444434386451356e-01
-1.283221283061727647e+01 -2.121745261931331505e+00 -7.533001875365240352e+00 -1.204881523571816743e-01 -4.364375506085710898e-01 7.863937690658223678e-02 8.881557959953243486e-01
-1.293533663923475174e+01 -2.149560178355495843e+00 -7.605153199188163349e+00 -1.244221041674754419e-01 -4.317069268644075919e-01 8.048310952832625487e-02 8.897588091008026279e-01
-1.303340436439314587e+01 -2.179968304064008766e+00 -7.680645957998270212e+00 -1.284147825795746989e-01 -4.269293777739189832e-01 8.233138610644308297e-02 8.913262550101431758e-01
-1.312076310650540734e+01 -2.216057297102159929e+00 -7.763627443166642550e+00 -1.323330282316976247e-01 -4.221367221901271005e-01 8.422296849308825994e-02 8.928577988659877063e-01
-1.317801024281042466e+01 -2.265920469682984884e+00 -7.860229810260610073e+00 -1.361768637014828254e-01 -4.175396192058437039e-01 8.602290936597417614e-02 8.942687444219887816e-01
-1.312175837152246061e+01 -2.322376877195438283e+00 -7.935027779205405807e+00 -1.400215010922976067e-01 -4.130264099711912218e-01 8.778718805360068156e-02 8.955984443442335241e-01
-1.300426428238129617e+01 -2.349759006549158702e+00 -7.945136064450948332e+00 -1.436589255030142065e-01 -4.086956440808258151e-01 8.947766675523988189e-02 8.968409729627191407e-01
-1.288483581760065277e+01 -2.363796807849620762e+00 -7.934560493920067792e+00 -1.469733404975917535e-01 -4.045858734855708461e-01 9.110271670008072975e-02 8.980030084408189284e-01
-1.276679824945433950e+01 -2.373268371654154496e+00 -7.915806106503141315e+00 -1.500102026199627014e-01 -4.007081851666260408e-01 9.252005909919748528e-02 8.990939484362399092e-01
-1.265033647708168729e+01 -2.378148630045523237e+00 -7.892357870991343560e+00 -1.526281220813945905e-01 -3.970525639740792867e-01 9.391455428668886440e-02 9.001299763282241129e-01
-1.253549283244342583e+01 -2.379719484535010920e+00 -7.865436475611070399e+00 -1.548461986069882557e-01 -3.936700916286618446e-01 9.517950597274713043e-02 9.011034210215995710e-01
-1.242249736117103609e+01 -2.379835416609725307e+00 -7.836492106953572900e+00 -1.565874762450429891e-01 -3.907359357561430158e-01 9.623394793610093312e-02 9.019671934480828490e-01
-1.231135694085536514e+01 -2.378356981786123647e+00 -7.806026848656157036e+00 -1.578079511208410612e-01 -3.882366837669530835e-01 9.703851293420556745e-02 9.027471711106046515e-01
-1.220207252818011057e+01 -2.375037020675513588e+00 -7.773754931827015824e+00 -1.584920750392095068e-01 -3.861924289123631615e-01 9.760400254268446207e-02 9.034429305098261587e-01
-1.209389928304760353e+01 -2.370585557270644461e+00 -7.741477626936592138e+00 -1.584906093996030219e-01 -3.846512673313163821e-01 9.790073296560573846e-02 9.040683468396356615e-01
-1.198735044421629325e+01 -2.364932992609066975e+00 -7.707992955863143258e+00 -1.578769263237505827e-01 -3.836299832136654264e-01 9.788435408774039115e-02 9.046112785826152525e-01
