0.9999999927586086 2.7036815118720236e-05 -0.00011726804190001032 7.385575102117275e-05 2.7037497613739252e-05 -0.9999999996175603 5.818376079363913e-06 2.732955724158491e-06 -0.00011726788454480398 -5.821546671633813e-06 -0.9999999931071765 0.00015743167715631597
0.9999108739567367 0.004075369562359906 0.012713595321752305 -0.022478152157771224 0.003818965671384645 -0.9997901337936524 0.020127192304727495 -0.005734962052684353 0.012792952914627542 -0.020076845663621723 -0.9997165901513906 -0.009450720245266248
0.9996766396528516 0.008058730923607227 0.02411789767545966 -0.03626673567869487 0.007148610261563274 -0.9992677706508064 0.03758749672292753 -0.008638699535015913 0.024403145365122877 -0.03740293296612863 -0.99900225580417 -0.01549973625367765
0.9993511838675226 0.011555029180735499 0.03411293894130283 -0.04296566800806085 0.009764680618727794 -0.9985893865190962 0.0521908818073546 -0.010160851993765563 0.034667885932011276 -0.051823917567541795 -0.9980543167848921 -0.01769117299382959
0.9989848950534881 0.014746311500819538 0.04256437186301269 -0.05371814288967798 0.012030550621838053 -0.9979176432077994 0.06336910308917759 -0.012799266991854744 0.04341019818783855 -0.062792703968791 -0.9970820583189635 -0.022246224608042337
0.9986333163223308 0.017281042955798985 0.04932408220559342 -0.06897338967757913 0.014005515605361637 -0.9977214561162798 0.06599804192427819 -0.018287958057988805 0.050352210117255825 -0.06521703427457154 -0.9965999164041394 -0.028828405945119585
0.9983662952267945 0.019189804333246102 0.053819066925922955 -0.08600700382881502 0.015593272590854572 -0.9976667230115112 0.06646773386674412 -0.02497708954956283 0.05496899494289984 -0.06551992983150051 -0.9963360619739924 -0.03738887979582557
0.9981940346122692 0.020143947927498834 0.056594086496509384 -0.10851295228418945 0.0163454438048168 -0.9976326669472703 0.06679736751175515 -0.0339722520782008 0.057805672137807955 -0.06575167831752375 -0.9961602386499501 -0.04854404475224814
0.9981692435691377 0.020206236538400923 0.05700762403020336 -0.13439840088250932 0.016374867080299164 -0.9976258194801323 0.06689236155718131 -0.04437895475412459 0.05822392051998357 -0.06583640567002672 -0.9961302840330345 -0.06216283797237119
0.9983041137215858 0.019266883535676266 0.05493344814757294 -0.16276622687069822 0.016218049704464173 -0.9983316276565803 0.055416027323750415 -0.05784752236266442 0.05590949284641141 -0.05443113465091289 -0.9969510420227623 -0.07840529422379097
0.9985653658457179 0.017616600759874278 0.050565457686795455 -0.19508489049411976 0.01565116371078535 -0.9991164202082872 0.039005383534531514 -0.07258219800897882 0.05120792133943829 -0.038158016822745174 -0.9979587739702724 -0.09748504190916155
0.9989064576526782 0.01511834156148502 0.04424166145397999 -0.2301633339592687 0.014313179690935917 -0.9997271485074842 0.018459724381193768 -0.0899673815435665 0.04450867046894665 -0.01780629904064667 -0.9988502960742224 -0.12045207380815277
0.999277880616101 0.012186560950148627 0.03598895724527058 -0.2687367132351857 0.012413622269203799 -0.999904387197743 -0.006092490858742878 -0.1082296619070335 0.035911269729029756 0.006534844674102865 -0.9993336162220975 -0.14611413671550222
0.9996218706548311 0.00887928640356548 0.026024488112160262 -0.3084807359398671 0.009755526691787347 -0.9993830786837691 -0.03373857939388752 -0.12781667312258596 0.025708858541412107 0.03397970443537265 -0.9990918047301672 -0.17675841689177138
0.9998786660329073 0.005481289101723585 0.014581107023727457 -0.35114904957396725 0.006405072230029098 -0.9979240896351789 -0.06408187244087006 -0.14756078369367887 0.01419958668349815 0.06416749017674885 -0.9978381155991363 -0.21109883440036092
0.9999961513789427 0.001787967649204138 0.002121414383877018 -0.39539588253778407 0.0019842029231358265 -0.9953380133349742 -0.09642770426151828 -0.16711373083455802 0.0019391147626017704 0.09643154246444682 -0.9953377303467729 -0.2518913741926848
0.999931786787054 -0.001744044422555971 -0.011549029478824923 -0.43973831008659686 -0.003232263276284124 -0.9914921117612686 -0.1301266490358277 -0.18632237665420637 -0.011223824970276429 0.13015510218286813 -0.9914301161094535 -0.29887259941951044
0.9996487807307873 -0.00531393530437016 -0.025962998190333472 -0.4849722931725393 -0.009519025306756324 -0.9863080690502518 -0.1646383341860978 -0.2042410995311953 -0.024732637155378788 0.16482765246749365 -0.9860122421356622 -0.35235812865047933
0.9991216513365658 -0.0084024710151505 -0.04105270163258077 -0.527447376751262 -0.01643681255388566 -0.979760185364614 -0.1994988981607817 -0.2155708470153364 -0.038545518851905096 0.19999844413179085 -0.9790377241563782 -0.41415193993770044
0.9983541150439397 -0.01127653444944796 -0.05623078112246718 -0.5688088164123822 -0.024143981106641416 -0.971998978537038 -0.23374142529572556 -0.22340411492188253 -0.052020468578767534 0.23471434871725572 -0.9706714404756536 -0.48293285168894673
0.9973442150852786 -0.013780343150907752 -0.07151656296672114 -0.6082843132437207 -0.03246658914452788 -0.9630965831269002 -0.2671907411543499 -0.22471707252730044 -0.0651953773303766 0.2688030388815082 -0.960986206489363 -0.5581057149087489
0.9961260018725846 -0.016108566988205533 -0.08644942141463911 -0.6445432351525842 -0.04136094265616558 -0.953375084677917 -0.29894016180160227 -0.2216501756789477 -0.07760322683969238 0.3013576977363632 -0.9503479769006224 -0.6388593675182908
0.9947174827054308 -0.018164060990567138 -0.10103067102866296 -0.6774144522110461 -0.05061877819091121 -0.94303090442843 -0.3288319518954276 -0.21212861571947145 -0.08930212144529541 0.33220894054981187 -0.9389687699408011 -0.7264517182788683
0.9931799239089035 -0.020298617479231736 -0.11481117050503713 -0.7082835532227285 -0.06025306693002163 -0.932398531025494 -0.35637416750801065 -0.1989147764394294 -0.09981586381848935 0.3608613937094589 -0.9272625560542366 -0.8181201834837081
0.9915813935774627 -0.022090365858304893 -0.1275866593622681 -0.7394452692744993 -0.06952404150055375 -0.9220903871406985 -0.3806779814963642 -0.18062289812833127 -0.10923711623988648 0.38634354359683976 -0.915863482598051 -0.913428568351267
0.9899878700192082 -0.02435590446758303 -0.1390352729791905 -0.7684854557892093 -0.0788983858878982 -0.9122410374090215 -0.4019842464216689 -0.15995388945600034 -0.11704299175566368 0.40892918651580584 -0.9050292031180018 -1.0144170521318132
0.9884630151187997 -0.0267247005452068 -0.14908607622115683 -0.7968081780715255 -0.0876799640633797 -0.9035763479215045 -0.41935904351603165 -0.1358768005556274 -0.12350340741896965 0.42759276637661386 -0.8954950220399321 -1.1199846215186744
0.9870760306791181 -0.02942131879519564 -0.1575287137607263 -0.824408931047435 -0.0957777722211845 -0.8964259938602147 -0.4327205286094868 -0.10987763377977824 -0.12848162517303502 0.4422158110380929 -0.8876585201871371 -1.227892777174957
0.9859609786199305 -0.03275692751941065 -0.16373128087911926 -0.8539505073757697 -0.10299010923743576 -0.891130622063642 -0.4419041206186334 -0.08087583703548959 -0.13143053693145296 0.4525629217246533 -0.8819936597515629 -1.3420382585845883
0.98510250542585 -0.03693741123794017 -0.16795440290374358 -0.8843812961041294 -0.10939893726499522 -0.8881565573923609 -0.4463292530030271 -0.05290536124269389 -0.13268355711618296 0.45805409856477636 -0.8789661634323629 -1.4586523023502818
0.984576582885508 -0.04183461683974383 -0.1698788311337483 -0.9179529142457348 -0.11473525784957078 -0.8874280632775289 -0.4464384090932219 -0.028501933828239394 -0.13207866231791288 0.4590438947871612 -0.8785407956486397 -1.5788575440071286
0.9843246673601662 -0.047427469848587936 -0.16986931544590203 -0.947817284748529 -0.11917577999647684 -0.8888610292764088 -0.4424061528685089 -0.010495589494486372 -0.13000801009372245 0.45571559742611883 -0.8805800426843811 -1.7075635781074192
0.9843718423536391 -0.05350466851121856 -0.16777761003425656 -0.957766844505356 -0.12259919883909777 -0.8921436159498902 -0.43479788978773365 0.0019342953367438506 -0.12641800672892223 0.44857220039516427 -0.8847606843702577 -1.84430326779852
0.9846923551353217 -0.05993704739473479 -0.16367197709948625 -0.9437704459974208 -0.12504031919660683 -0.8971058720984193 -0.4237522540609612 0.015278678241836763 -0.12143263281862957 0.43773120130524856 -0.8908678415402589 -1.9860391188305266
0.9852915854460339 -0.06667840875755207 -0.15733556957916975 -0.9144398079062889 -0.12652999710862145 -0.9035055117452341 -0.4094727708623313 0.030619463834067613 -0.11485056151770964 0.4233577447638626 -0.8986531969939923 -2.126266605602132
0.9860668635029263 -0.0735344186170418 -0.1492140408277825 -0.8741599544842583 -0.12729562795296334 -0.9109995227852631 -0.39226992312575265 0.04869763868079567 -0.1070885792489667 0.40579866776971657 -0.9076670520795395 -2.271172689398484
0.9870155838439943 -0.08019551314395867 -0.13917225628937835 -0.8288852230456247 -0.12722158582621151 -0.9192453433483819 -0.3725622992630626 0.06993523684636267 -0.09805562374980419 0.38543051047353927 -0.9175120796191972 -2.4176445681559917
0.9880460460819032 -0.08683024095785777 -0.12737943349347353 -0.7822374045858865 -0.1267013680722607 -0.9280888367714284 -0.3501397926384185 0.09151937392371032 -0.08781670769583312 0.3620933861802194 -0.9279960159041671 -2.5674570615925414
0.9891497888901467 -0.09277857489035568 -0.11390711645851151 -0.7340024846119253 -0.12540491683384433 -0.9371192464708858 -0.3257009744040322 0.1153616098609475 -0.0765264788976654 0.3364515625393261 -0.9385861942796577 -2.7237198671298177
0.9902513112282458 -0.09838161958166142 -0.09860728948322993 -0.6899671912279689 -0.12380862428401654 -0.9460437628346023 -0.2994538751705278 0.13594145267548743 -0.06382605395635456 0.308743025395289 -0.9490015696015075 -2.8817159200004867
0.9913085447014582 -0.10296500341223905 -0.08188758925621566 -0.6483575874803935 -0.1215888975967021 -0.9547479323226611 -0.2714268330633914 0.15621552337228134 -0.050234541732713925 0.279024360581511 -0.9589691846034383 -3.0478798918547763
0.9922375929026188 -0.10681063051989169 -0.06368711360047895 -0.6112381647483981 -0.11919596897138195 -0.9628750422023962 -0.24220646994807468 0.17453637283804685 -0.0354525064246589 0.24791761194331766 -0.9681322107421757 -3.2248095373298233
0.9930075670118655 -0.10948294672366046 -0.044152646963457526 -0.5862824378480289 -0.11640792296373731 -0.970301315463388 -0.21204846776453642 0.18802831994599115 -0.01962568033073482 0.21570545098982355 -0.9762612309647621 -3.3981507586602477
0.9935505760924033 -0.11093920298676126 -0.02344666260080886 -0.5732791404095963 -0.1133554494866713 -0.976874262304787 -0.1812931816648191 0.19664361059528226 -0.0027919201508452493 0.18278175206278272 -0.9831495493030198 -3.5832534700195176
0.9938187542907381 -0.11099869344279423 -0.0018904163558406926 -0.5825316658962194 -0.11001833108361975 -0.9824790891158929 -0.15043538903988246 0.19634448041124186 0.01484083709164925 0.14971349138938128 -0.988618035466894 -3.772922173437331
0.993740325395345 -0.10980863340008878 0.02054822897378652 -0.6232576548034315 -0.10660840520463444 -0.987112333947004 -0.1193477612250139 0.18133024732653363 0.033388824820270745 0.1164100691542762 -0.992639855222738 -3.965136766279981
0.9933171369811755 -0.10691050212460555 0.04348804335660645 -0.6913757132958489 -0.10273736485389422 -0.9907239564158912 -0.0889442299788017 0.15296485425059797 0.05259371865916302 0.08388198089642888 -0.9950867871891842 -4.147419003212075
0.9924407215154288 -0.10277966463957715 0.06706530261254054 -0.7790924748523606 -0.09886898871813636 -0.9933354535529194 -0.05924187526293737 0.10799000148643033 0.07270720286043608 0.05216337078249892 -0.9959882757346189 -4.324986263587091
0.9911078587834703 -0.09713596910410838 0.09093852738993746 -0.8756232460956321 -0.09470881317202656 -0.9950332093433925 -0.030645603458484855 0.0493216631534224 0.09346364515249161 0.021760418424153424 -0.995384865880939 -4.498934937660912
0.9892531929600314 -0.09021787260722515 0.11506022631913021 -0.9727191325412518 -0.09041962898961946 -0.9958976921587566 -0.0034752620393489393 -0.024705399066683502 0.1149017445984287 -0.006965788906438673 -0.9933524383989543 -4.673421896415239
0.9869197514747303 -0.08175091945372419 0.1389467211470901 -1.0547318959105516 -0.08558124695630338 -0.9960924651617753 0.02180942496586613 -0.11238915352261003 0.13662084144983422 -0.033415385923377124 -0.9900596737899847 -4.852898269618473
0.984106995672593 -0.07184930222752585 0.16239180655957103 -1.1087856190508247 -0.08019244983461025 -0.9957444418598718 0.045411204506116916 -0.21305669259957583 0.15843797542820032 -0.05771208083746856 -0.9856808427009338 -5.046188156007915
0.9807712948058116 -0.061185597687552946 0.18532131534324084 -1.1266503139533441 -0.07479066852362047 -0.9949236811065583 0.06732922601044722 -0.3210219310176922 0.18026098631351686 -0.07989487723873712 -0.9803686987069129 -5.245850266487895
0.9770144665259459 -0.049023126653074935 0.20745955088204182 -1.1229250502070693 -0.06533760919839678 -0.9952238754597726 0.07252885314872404 -0.4321388043862796 0.2029131070760573 -0.08441664982684502 -0.9755511776471559 -5.455199346812609
0.9728657552981317 -0.036195783220432445 0.22852152512456061 -1.1037786834718062 -0.05500732028502231 -0.9955517258184297 0.07649154159125869 -0.5386115533547549 0.22473632746678204 -0.08698635810864681 -0.9705292147172786 -5.672826202652962
0.9683867776576722 -0.02252744257180024 0.24843422306309695 -1.0844229656536302 -0.043994494456753075 -0.9957265032135061 0.08119861609472506 -0.63904145653322 0.2455433430481981 -0.08956140423965037 -0.9652394633226187 -5.90784670377286
0.9636178580542776 -0.008418766671665068 0.2671511707004376 -1.072570988079941 -0.03266570995285252 -0.9957207442576625 0.08644738774678433 -0.7251959939748214 0.2652801821323304 -0.09202892927060939 -0.9597692957920372 -6.158317542394795
0.958650739752277 0.006003435784004113 0.2845219111618647 -1.082238560287871 -0.021161985070235322 -0.9955056806609666 0.09230715118360736 -0.7862401932422287 0.28379733888868625 -0.09451136720275263 -0.954215212574798 -6.420998492711972
0.9535563661453798 0.020865269810641345 0.3004910932113432 -1.1266385644205612 -0.009057342653276956 -0.9951606358423585 0.09784310611327858 -0.8124081080635155 0.3010784301933304 -0.09602056751322761 -0.9487527757465367 -6.6922908397136345
0.9485577895466433 0.03580789067325841 0.3145725907575519 -1.1930641156682613 0.0030360654914557 -0.994566710345693 0.10405691220903343 -0.8157548594790361 0.31658948529083814 -0.09774893164469303 -0.943512715423382 -6.968059256422214
0.9436074557784019 0.05156884611306307 0.3270254172231553 -1.274345192861991 0.016114528245190753 -0.9937774443257407 0.1102121278663767 -0.796747686468692 0.3306739956193207 -0.09872712524917777 -0.9385668134774353 -7.237409129740532
0.9389892395297798 0.06593916458139051 0.33756663730527975 -1.3580969968335426 0.027864532611650367 -0.9928087817913919 0.11642289560145287 -0.7746036424721747 0.3428159504305776 -0.09991370963086506 -0.9340741270146492 -7.495535272461581
0.9348298424610944 0.08091544571927549 0.3457540401618131 -1.4385705639717685 0.040443356168231054 -0.9916174403604436 0.12271587882116998 -0.7483140344843697 0.35278534633118663 -0.100735011873 -0.9302660677445629 -7.751590790298264
0.9309726607546505 0.09514861973883301 0.35247219051891365 -1.5156441798260167 0.05259645835518855 -0.9903249886522685 0.12841350948936495 -0.7272629577772441 0.361280386259616 -0.10101067771616651 -0.9269699701130687 -8.005484703092648
0.9278956407198313 0.10923735551593852 0.35647844267643813 -1.5742874215775606 0.06522146755158109 -0.988930777073838 0.1332744473879131 -0.7148783335187785 0.36709105151658517 -0.10041473156872961 -0.9247491776586927 -8.258623342852308
0.9253828673024436 0.12293779524220307 0.3585426716641893 -1.618525554622377 0.07779344861062314 -0.9874029267189286 0.13778112955031563 -0.7104179368849612 0.3709645916477404 -0.09960802582061687 -0.9232895065664641 -8.509858411093402
0.9236970982751854 0.1357950909956005 0.35825042065502083 -1.6450253249915243 0.08995759562435333 -0.9858095549264715 0.1417291515714325 -0.7129977566670163 0.37241281077251914 -0.09868745957399727 -0.922805225221088 -8.757066827679452
0.9228610801448385 0.14827642222433893 0.3554455364275254 -1.6512138899172482 0.10255429179047662 -0.9842052153143033 0.1443007670924852 -0.717886985337795 0.371227752180862 -0.09671709652628875 -0.9234910715595841 -9.001233534714839
0.9229443218797346 0.1606234848588521 0.34981977477231724 -1.631279823655286 0.1155653085582122 -0.9824794209528069 0.14621507057099953 -0.7196995076538184 0.3671763039301445 -0.09452133894542158 -0.9253363055214914 -9.23874671487215
0.9238198579581958 0.17260891055284963 0.3417060638031721 -1.5839057930164102 0.13539574549387676 -0.9822122741942363 0.13010396044834252 -0.718486093736334 0.3580849929056739 -0.07392707501277779 -0.9307577157541047 -9.471581492777391
0.9253373082703903 0.18443260054500957 0.33126346278923324 -1.5118444636260575 0.1561107050406663 -0.98154937847509 0.11040953485487884 -0.7087671020513966 0.34551456365052813 -0.05045228905975971 -0.9370561631161795 -9.686965735363367
0.9274933280997473 0.1957873633046441 0.31847046126865547 -1.4139501666488696 0.176689704879792 -0.9803164556039115 0.08809310450697316 -0.6938744135099605 0.3294493504621718 -0.025435314867321403 -0.9438305834405101 -9.891460275431573
0.930153966390769 0.20716293225748347 0.30314537487153215 -1.2952603461349246 0.1973540177052371 -0.9783056884547667 0.06300294939640456 -0.672401356950932 0.3096207204034016 0.0012245144042744814 -0.9508593534594654 -10.078163508791476
0.9327210654158999 0.2193564663651059 0.2862064897818401 -1.1669055497252174 0.21833953308062695 -0.9752130007903184 0.03588107277766746 -0.6418446537527844 0.2869830350797102 0.029023158914160754 -0.9574958975489563 -10.247961168808246
0.9352972637102916 0.23133933133050238 0.26777068972461804 -1.0314776798417793 0.23842084999412066 -0.9711419312919951 0.006232782246765767 -0.610032842792027 0.26148523243985045 0.05801261126695326 -0.9634625110246207 -10.405928487981969
0.9376203639415533 0.2435206639298344 0.24812444329666855 -0.8932372272368951 0.2576558110056225 -0.9658958902987339 -0.02566344012503501 -0.5745800016022267 0.2334128020849413 0.08799326873794933 -0.9683881703530187 -10.554694778273737
0.9396232520417375 0.2559264649086068 0.2271778791649695 -0.7530466340947167 0.2756317004827604 -0.9594400282266401 -0.05917768097388149 -0.5375315491328911 0.2028184161053717 0.11822215019127458 -0.9720536061826325 -10.691775172333509
0.941046333994458 0.2685913507613097 0.20564650148204838 -0.6141268831350754 0.29224827115759533 -0.9516746180447314 -0.09437356290196716 -0.4963778283247668 0.17036063301416687 0.14890972992262808 -0.9740652683744465 -10.823425737167232
0.9416819784464597 0.2818970619081615 0.18376370141218792 -0.4786187960435363 0.3076138694027056 -0.9425199976477353 -0.13049812789924742 -0.44944110415544847 0.13641392458344118 0.17941599851088902 -0.9742695420970954 -10.951700038131042
0.9416702326738121 0.2954791046867333 0.1610877760401927 -0.3443248775798965 0.3211287897902158 -0.9321091342973767 -0.16747794519657364 -0.40117366773232815 0.10066515416925637 0.20943891819077384 -0.9726262726675435 -11.069613389673663
0.9407823329790763 0.3093451979875535 0.13868723963107663 -0.2176436586505498 0.3328487071963501 -0.9204992293492229 -0.20467756810458046 -0.35286776154851407 0.06434547437205462 0.23871890844574525 -0.96895456172016 -11.190575059773687
0.9390732713424939 0.3233689162984407 0.11650723162996987 -0.1041281659477501 0.3426202951770037 -0.9077173067854978 -0.2421995546959279 -0.3141699606012374 0.027435822986203277 0.26736087023731603 -0.9632058142904947 -11.316598280225152
0.9365913126938508 0.3374007773209152 0.09464369207534018 -0.009051724172706832 0.3502945277300238 -0.8941220674720276 -0.27899726217643583 -0.2869095296794838 -0.009510879497147524 0.2944595794379755 -0.9556166068295389 -11.461203953412959
0.9333346601603667 0.3513954602127536 0.07353667578290572 0.07151206936863541 0.356034692039625 -0.8796745955722483 -0.31529653339206104 -0.27307991234270745 -0.046105424925733975 0.3204587905592055 -0.9461397641711022 -11.608489484299099
0.9293222030463468 0.3654402747712852 0.05304383564724288 0.15137290454115526 0.36000038298072284 -0.864615297085465 -0.3504855379320889 -0.2641516038099916 -0.0822190195685708 0.34480979339470685 -0.9350648315492793 -11.748937471482312
0.9247210821445946 0.379098440511821 0.03428254131238815 0.23254781013884718 0.3623774684878572 -0.8491978833187046 -0.3841165517123209 -0.2537097035187925 -0.11650532421165302 0.367623893903181 -0.9226479187977399 -11.884753398532395
0.9196843860407318 0.3923148306099538 0.016422659844434015 0.3162206263248799 0.36304219570002744 -0.8336381998797262 -0.41623036391233265 -0.24343966128469274 -0.14960278812303512 0.3887626851753819 -0.9091108735468088 -12.01078335220825
0.9143331036342647 0.4049629269954332 -5.794674077555517e-05 0.40115697442213205 0.362362252782712 -0.818212348009865 -0.446343087010902 -0.2333600470676278 -0.18079981569894166 0.40808526232084774 -0.894861914107285 -12.12946352366667
0.9088097816260091 0.41693653145083537 -0.015123146585033886 0.4847127598583528 0.3605741549751283 -0.8031573833267412 -0.4742620545349527 -0.22248431819989478 -0.20988344285545266 0.42556097841494916 -0.8802538236586385 -12.243940268273427
0.9034158447572092 0.4278180728108988 -0.028486979797564385 0.5672555645655569 0.3578425572154458 -0.788914034284929 -0.49956315992453687 -0.21251822768143835 -0.23619592648292798 0.44111942043470104 -0.8658089519219727 -12.3526076373178
0.8980820476202416 0.4379680361244138 -0.04040587922021065 0.647422316050193 0.3546012688281197 -0.7753456598903854 -0.5225868806568248 -0.2013363324695927 -0.2602048729130984 0.45499791980015364 -0.8516280391637017 -12.456552145584437
0.8931212913414013 0.4469321668281067 -0.050852701078714646 0.723724896424312 0.3506899384691618 -0.7626379910270671 -0.5435070024375901 -0.19191920969844745 -0.2816929640746521 0.4675841452578695 -0.837862841456944 -12.5552832934125
0.88837907840627 0.45519592909744583 -0.059827077340779924 0.7984920740548918 0.3468010917613506 -0.7507296560655912 -0.5622579356992433 -0.18235393641516118 -0.30085148462848227 0.47875009100443233 -0.8247949651641224 -12.649013618564346
0.8840611579205532 0.4622916043258394 -0.06871929587832212 0.8727056305530431 0.3420092856224818 -0.7401108930411705 -0.579021169345129 -0.1720310899820947 -0.3185365247568487 0.4883874881399426 -0.8124113144363433 -12.739414391272105
0.8800903922321065 0.46873676775095596 -0.07567525394158636 0.9389147123736085 0.33764199883641144 -0.7299028254649452 -0.5943397563683945 -0.16386050093777138 -0.333824478015753 0.49752156529810465 -0.8006456831463179 -12.8204961950584
0.8766164880013797 0.47413062538911055 -0.08211993078576016 1.0102582228720127 0.3329518800936939 -0.7208729660545822 -0.6078529529036969 -0.1548122756282484 -0.34739973878257524 0.505511935447424 -0.7897918109312086 -12.905222798191883
0.8748472794365826 0.47622478656668865 -0.08861258557294047 1.0807696806188156 0.32611936691652266 -0.714312310710221 -0.6191963188600131 -0.143445391477095 -0.3581736955506033 0.5128039346839457 -0.7802203075979804 -12.99490778418697
0.8733099967551334 0.4779646209459255 -0.09423094338680213 1.1545874944891519 0.31965286623746947 -0.7081661263641958 -0.6295417242538421 -0.13324147092903793 -0.3676298337645074 0.519663890023492 -0.771231318562682 -13.086095984845725
0.8719788021427654 0.4794731890901792 -0.09878476379159545 1.2275608998372212 0.313963430456096 -0.7025545051690664 -0.6386267545310709 -0.12094545470749107 -0.37560608747717106 0.5258541891155206 -0.7631496831158028 -13.179600226618097
0.8708693900709492 0.4807042621708906 -0.10251788999093317 1.3008100540270202 0.3090683599819404 -0.6977459136812776 -0.6462409680600212 -0.10809732917508397 -0.38218222655629475 0.5311064415649835 -0.7562160362175969 -13.268326199484322
0.8698779594467902 0.48180970871295503 -0.10569645338717035 1.3803300071654077 0.3046567359518194 -0.6933071137963882 -0.6530769626916155 -0.09450411010697346 -0.38793892419796216 0.5358961191772709 -0.7498791506255313 -13.369309600954674
0.8691744658167535 0.48254110095282654 -0.10811953506834726 1.459328722947681 0.3008401461561253 -0.6895086856566197 -0.6588421501883759 -0.08113490037274396 -0.39246777502480723 0.5401220772152489 -0.74447107886859 -13.466206010468602
0.8685582900557858 0.48329076646364155 -0.10971112899954702 1.5383269025677304 0.2979941747786373 -0.6861874688200909 -0.6635858870050476 -0.06650410970119225 -0.3959873338547185 0.5436697459720033 -0.7400116477065539 -13.567416317099214
0.8681413139090984 0.4837909215949981 -0.11080163927689379 1.6190054289279898 0.29561891535565127 -0.6833628893011393 -0.6675512103276776 -0.05142768096849171 -0.39867294361184424 0.5467737244128154 -0.7362733040954331 -13.668812990411752
0.8679971374125197 0.4839066252118267 -0.11142417834461538 1.7019258589825852 0.29350695105881786 -0.6809599475864228 -0.6709301151858168 -0.039005126385446065 -0.4005429304379602 0.5496616485249789 -0.7331012433606796 -13.771150463178527
0.8679669957755487 0.48388031750732485 -0.11177268259006656 1.7857963033848048 0.29183508078476494 -0.6790721959614252 -0.6735675454588634 -0.024469006048234654 -0.40182779877420005 0.5520152090306378 -0.7306255053932507 -13.875774912798867
0.8680269965796218 0.4837908422335542 -0.11169402034088405 1.87039102928251 0.2906062335737032 -0.6774245284180583 -0.6757544119764797 -0.009444422853724266 -0.4025880651696816 0.554114094089403 -0.7286154133110366 -13.982887521631296
0.8682060722207691 0.4836098998033319 -0.11108411664678466 1.95595100175793 0.28992841325909713 -0.6760899394708343 -0.6773801804979137 0.007277281112152423 -0.4026906149192546 0.5558991442325983 -0.7271976417023213 -14.090917566219215
0.8683464594139978 0.4834858800712298 -0.11052524686660006 2.0439181671086284 0.28936195135740356 -0.6748783851523217 -0.6788290111367004 0.02504917992148581 -0.4027953419912029 0.5574769672604809 -0.7259306739932174 -14.200552754082842
0.8697509473849332 0.48096046899628053 -0.11050030219818052 2.1304773563238375 0.28777539247902306 -0.6762125580442979 -0.6781754196568403 0.04249718822971493 -0.4008972599140028 0.5580444459055794 -0.7265451007249168 -14.315028876122135
0.8711533503894494 0.4784252137133319 -0.11045883843581905 2.216984646106179 0.28628645481775783 -0.6776773313585881 -0.6773429709907549 0.060882677839887656 -0.39891340650963036 0.5584467292822616 -0.7273275360254329 -14.431615770742798
0.8726126880611733 0.4758298456437619 -0.11015014584324201 2.3005038086520826 0.2849677768224999 -0.6791752315397188 -0.6763980862153673 0.07941481600707911 -0.39666164776481183 0.558844310034202 -0.7282530977173398 -14.553288881688083
0.8742447109521694 0.47288747623930977 -0.10988002633861471 2.381511391828818 0.2832278377711828 -0.6806150139142266 -0.6756812819266181 0.09529172510865047 -0.39430721180777173 0.5595897047396009 -0.7289589735134809 -14.688177730645954
0.875823082178946 0.4700488916494139 -0.10948958024272837 2.4505627047352103 0.28197685591041166 -0.6824698418902572 -0.674332238322599 0.1084318129118067 -0.3916924577438915 0.5597222117885309 -0.7302657490099785 -14.816988669518903
0.8775227774893953 0.466960225778391 -0.1090959326844558 2.5157716922800955 0.28025469145921744 -0.6840088534960557 -0.6734903089533735 0.11602560100518744 -0.3891157705650031 0.5604284395710175 -0.731101142946445 -14.95958301105593
0.879333849203338 0.46366658673839933 -0.10856002020819461 2.5728556433405227 0.2785452222531811 -0.685704183614225 -0.6724747814854287 0.11686851568253376 -0.3862441466290035 0.5610909631390543 -0.7321150116467503 -15.108028846408818
0.8810596193519993 0.4605053116043212 -0.10802224368859115 2.622638749047018 0.2769796209551594 -0.6874160771322999 -0.6713727924749232 0.11703487832946369 -0.3834269640007684 0.5615994968696528 -0.7332051339106311 -15.264778130712616
0.8827774825198632 0.45731457238341927 -0.10755137489434022 2.6661137653778093 0.27528111119087156 -0.6890523606245486 -0.6703932831847706 0.11193725790301112 -0.3806891463877209 0.5622012328370577 -0.7341699718859939 -15.422795405561535
0.8843635322566252 0.45435792633491834 -0.10705147169104345 2.708688326659303 0.2736559047527237 -0.6904211416298187 -0.6696499779620292 0.10450765482878444 -0.37817137465513373 0.5629187525453482 -0.7349210089691516 -15.596071892743165
0.885927860466865 0.45143848299521083 -0.10646653051351984 2.735807490023639 0.2723487037058153 -0.6921145153382047 -0.6684337523254825 0.09192530375525143 -0.3754437502987172 0.5631880624881401 -0.7361122174183021 -15.748441185992682
0.8873420577270521 0.4487856504500013 -0.1059033169399835 2.764918700104296 0.2710325611784459 -0.6934277111439231 -0.6676071900442297 0.08078162459758831 -0.37304882169733944 0.5636926905396853 -0.736943096353007 -15.904928449315264
0.8887839123618477 0.44603110027776793 -0.10544863541919766 2.7908962719032413 0.2694853268035666 -0.6946662082131305 -0.6669456633072639 0.0654277785072801 -0.3707301117583276 0.5643537159900651 -0.7376069871441449 -16.058644726350348
0.8900576732447505 0.44362713934750575 -0.1048441678515793 2.8143454168177384 0.2683127948996945 -0.6957802445171732 -0.6662567789019019 0.05108712753689826 -0.36851808963910565 0.5648759267077789 -0.7383153831763041 -16.208913332191102
0.8911428524309875 0.4415378793890583 -0.10444480660031294 2.835263897948675 0.26723149544115665 -0.6967980979844737 -0.6656273270303008 0.03596111768845489 -0.3666766210238205 0.565258093006932 -0.7389394724094256 -16.35611606479638
0.8920866846569349 0.43971463425703816 -0.10407875613206372 2.8553049565186734 0.2663457583085873 -0.6977562237308115 -0.6649783374486282 0.02088935670776193 -0.3650223062893856 0.5654973851974181 -0.739575164027336 -16.499810721167073
0.8928331176089469 0.4382262497698373 -0.10395565455208661 2.8748315264132906 0.26550895895696763 -0.6985657751186524 -0.6644628285664022 0.005385586017460753 -0.36380491587425795 0.5656532611463853 -0.7400556542181026 -16.63947243486908
0.8934184838921665 0.4370724710831656 -0.10378375432156148 2.8935097937857996 0.2648599021548782 -0.699104355438574 -0.6641553526377129 -0.010538753318961369 -0.36283969583044695 0.5658805132075779 -0.7403557252440188 -16.775208756836907
0.8937697820481831 0.4363898817354757 -0.10363130712502272 2.911393602837543 0.26445515041844064 -0.6993315934331477 -0.6640774019972479 -0.025446219919100788 -0.3622693060620831 0.5661264819323965 -0.7404469976575938 -16.906554425314187
0.8939033421349236 0.4360458409890718 -0.10392708730714553 2.9305251110437287 0.264061726086755 -0.6995825997187799 -0.6639695708289628 -0.043251882768259975 -0.3622267518228016 0.566081452378407 -0.7405022414125808 -17.044580031349977
0.8938417488534403 0.4360556518323628 -0.10441454166770486 2.951700025567027 0.263693783618881 -0.6995586297660654 -0.6641410332155243 -0.06422632625835423 -0.3626465448441256 0.5661035170575065 -0.7402798737556893 -17.187938351464723
0.8935100014209209 0.4366490965422771 -0.10477329740730529 2.9734408003518835 0.26389561559879626 -0.6993896598964743 -0.664238818270678 -0.0847853008968551 -0.3633166407261287 0.5658548136392476 -0.7401414381405583 -17.340062620955017
0.8929723516146085 0.4376046160086918 -0.10536877763247451 2.996289274633904 0.26413185958839336 -0.6990003103947328 -0.6645546830911998 -0.10729809980703964 -0.3644650051819155 0.5655977069578281 -0.7397732719433662 -17.49650777861172
0.8923797166324621 0.4386836379634096 -0.10590140285262964 3.0219293684053135 0.2644814666752907 -0.6985284056106462 -0.6649117387596161 -0.13000119076642358 -0.3656610385702227 0.5653447906704695 -0.7393762726335686 -17.66087187403939
0.8915483690451312 0.44015247873187124 -0.10680496767077874 3.049206782577249 0.26492923713593064 -0.6980486994424205 -0.6652371851582857 -0.15490543353778552 -0.367360864768609 0.5647953688486964 -0.7389534399158887 -17.829583112214586
0.8905982585021517 0.44194347571267156 -0.10733455281473109 3.079812055757766 0.26590091874653854 -0.6974610734181437 -0.6654658161589956 -0.1799616861644533 -0.3689599481822949 0.5641223407572286 -0.7386707935852779 -18.00447970669634
0.8894043369384941 0.44416088279399973 -0.10807883988391448 3.1151588359682387 0.2672081258046442 -0.6969898165668369 -0.6654359571785227 -0.20505292899522987 -0.37089047296872885 0.5629620820248751 -0.738589162703631 -18.187078242546907
0.8885550725248232 0.4457753927237893 -0.10841670688762808 3.149029619959152 0.26829295482252513 -0.6966129321916357 -0.6653941035927282 -0.23754221476713688 -0.3721407979286938 0.5621518673324168 -0.7385773517863055 -18.37292365916593
0.8871944172604742 0.44841202128156427 -0.10868636138922666 3.1932303453440367 0.27038985933999 -0.6961606785787298 -0.6650185212209528 -0.26534838876549616 -0.3738654703873414 0.5606130294338373 -0.738875930911995 -18.569075506391144
0.8860350321644057 0.4506431251558444 -0.10891600216311167 3.239519210029116 0.2724655827447497 -0.696218844381721 -0.6641098003698976 -0.2970013194503265 -0.3751058890459932 0.5587486863318386 -0.7396590278807258 -18.77138806358315
0.8848764629588229 0.45288458390207015 -0.10903760344638772 3.2940311419393593 0.2749089699913843 -0.6966713241730148 -0.6626266854672352 -0.3293535424199101 -0.37605678230788375 0.5563673424446002 -0.7409700916645515 -18.988423355948015
0.8838144377663313 0.4550347837530643 -0.1086985978317386 3.3477721118775188 0.2776452149352907 -0.6971622636154946 -0.6609674067713596 -0.35887559035561534 -0.37654372152423443 0.5539928914393413 -0.7425003043873841 -19.195962016122404
0.8828027677998197 0.45710961500067404 -0.10821309088512912 3.4080734752319657 0.28078134908128394 -0.6981712656268179 -0.6585732441127118 -0.38608863254304904 -0.3765914326867671 0.5510060650546261 -0.7446953800715735 -19.41805649943643
0.8819057703859096 0.4590900499457657 -0.10713794006247346 3.470994060292331 0.2844672207862991 -0.6994593886121471 -0.6556180015683225 -0.4085801137498386 -0.3759263391386067 0.5477160667016409 -0.7474533415663679 -19.645562936734674
0.8810601792733174 0.4610028506753396 -0.1058741336119488 3.533325107852273 0.2885737480545291 -0.701235977194867 -0.65191509893645 -0.4203991676545229 -0.3747774705510343 0.543823938381505 -0.7508644162634145 -19.881474773394576
0.8802917749375407 0.4628587325622764 -0.10415461904379003 3.597487899498745 0.2933656450532047 -0.7035828164355138 -0.6472308851709621 -0.41984137851074266 -0.37285786739698956 0.5391966377004895 -0.7551450169422134 -20.150419338039153
0.8800328652121652 0.4638034796614461 -0.10211997062475797 3.638078579520657 0.29795027565130516 -0.7066448849436315 -0.6417777183903418 -0.4102598761477685 -0.3698212938512033 0.5343588109472289 -0.7600610973976274 -20.38931648671303
0.8798347419455467 0.4647370459474812 -0.09955051476322069 3.6750989817899002 0.3033380093880583 -0.7103305303116704 -0.635150840169193 -0.390119385458787 -0.3658918951358498 0.5286303205749272 -0.7659458892394072 -20.659166077327168
0.8797720264209383 0.4655427375951906 -0.09628676440493583 3.705008528266712 0.30939750770443963 -0.7144816467182582 -0.6275262215469944 -0.36316157312468444 -0.36093540108096533 0.5222891306308622 -0.7726187289157449 -20.937898038916202
0.8798471267261411 0.46616453916650263 -0.09251840906239234 3.729831921822975 0.31611198127476464 -0.7193889878274852 -0.618508447385393 -0.33129712983741744 -0.3548834299968044 0.5149467026947827 -0.7803125300144004 -21.21275135647804
0.8804392565462293 0.46593793366548386 -0.08791221475917271 3.747639879954205 0.3229153885917392 -0.7249729600694323 -0.6083912055403266 -0.3041017954655665 -0.3472065197299294 0.5072632937042704 -0.7887531828888716 -21.50527251505216
0.8811994600093753 0.465415970091229 -0.08291855319062266 3.7610623912325547 0.33003923043306155 -0.731237780500537 -0.5969634953192711 -0.2732932907705088 -0.33846952308049594 0.49867753423699485 -0.7979718659156931 -21.79669199453002
0.8820569605523775 0.4647130326969745 -0.07757135800463083 3.7692761113481525 0.3375410616718332 -0.7381745119645099 -0.584092819311631 -0.243586699627226 -0.3286967447763266 0.4890196183462772 -0.8079716968099241 -22.082064700939082
0.8831348965657431 0.46355275979536475 -0.07205271232865 3.7728298355201693 0.34497340309508945 -0.7458046466374446 -0.5698848832974861 -0.21830891140788555 -0.31790895807574726 0.47842895809106006 -0.8185594825271378 -22.36115128580837
0.8844123874464603 0.4620940600056792 -0.06545081083317526 3.768561200712968 0.35260079406865175 -0.7534547695122943 -0.5549581879036762 -0.19498909290066413 -0.30575710777250714 0.4677338880246369 -0.8292994640297003 -22.646431347502162
0.8856953302267168 0.4605345936776056 -0.05875091523363973 3.7585394760308857 0.36023400194169536 -0.7615328566457549 -0.5387941834263126 -0.17711956875936652 -0.29287411264852037 0.4560434149016507 -0.8403863146584332 -22.92892049003772
0.887046625931666 0.4587756701031951 -0.051702687982454476 3.738269365951557 0.3677191969722645 -0.7697865972816755 -0.5217386192563976 -0.1699641466463584 -0.2791610209203994 0.443794410923418 -0.851537224806888 -23.207010734063758
0.8883697113478257 0.4569847387780669 -0.044319346607582674 3.7054011340799438 0.3751366942455776 -0.7781174106199042 -0.5037913813481485 -0.1724764836308612 -0.2647106280266834 0.4309271908502845 -0.8626876836930046 -23.486704284368468
0.8896390602061865 0.45519053050421315 -0.03665956211885803 3.6617573723852255 0.3823652751199484 -0.7863819028850625 -0.48518068716439494 -0.1903019512639843 -0.24967807059872033 0.41761834700377004 -0.8736451094740583 -23.760114652402528
0.8909388996590879 0.4532063914319805 -0.028841703130303875 3.6095034565778654 0.3891682334256862 -0.7946948318782745 -0.4658414003481141 -0.2213390653877121 -0.23404265245160927 0.40381194998558895 -0.8843980698092075 -24.027471070732826
0.8921679450288225 0.4512158003495916 -0.020991888383974172 3.553594090171682 0.39557746807096367 -0.8029034184104928 -0.44594233647335013 -0.2632478340919362 -0.21807068720397393 0.3895515398758198 -0.8948154967158113 -24.283734296842812
0.8932852352051864 0.4493024957957502 -0.012990605687363946 3.500188863724872 0.40170349354671686 -0.8109512463692005 -0.4254319913741831 -0.30887322998783784 -0.20168240338903515 0.37481374479059604 -0.9048971570732623 -24.5470505038627
0.8942275126052642 0.44758584806530766 -0.004905538855361782 3.451174107875627 0.4075407694760781 -0.8186563946957081 -0.4046136782644299 -0.35404342388590404 -0.18511530707817858 0.3598174760006589 -0.9144745524342749 -24.805404606554035
0.895180965316608 0.44569211136855535 0.003095351137645072 3.408192670693663 0.4126592085958134 -0.8261695761770965 -0.38360944847648626 -0.3985709607951091 -0.16841442009490465 0.34467720154253934 -0.9234902326721711 -25.06142886409605
0.8959486936398603 0.4440194204086907 0.011076672106665034 3.369709668392315 0.41743725213452654 -0.8332675855249677 -0.3625069260631675 -0.440460931406224 -0.15173028338273115 0.3294114224086977 -0.9319152514533041 -25.3168181697362
0.8966864343740739 0.44226176553072827 0.0189200729161767 3.3336476462457636 0.42153745357447436 -0.8400593938086627 -0.34147677828480605 -0.48095698356412386 -0.13512813786720426 0.3141731141002774 -0.9396997609519098 -25.57106539173303
0.8972272666102519 0.4407691064151564 0.026567402603198342 3.300701827481732 0.4252734428079094 -0.8463565353755664 -0.32066043390068466 -0.5174638071357136 -0.11885171809193032 0.2990036953902946 -0.9468215561812818 -25.824029451492457
0.8978424605173646 0.4389966433072865 0.03407144342495836 3.271666866960817 0.4281287460244846 -0.8522924418904868 -0.30050519184176167 -0.5548097650305366 -0.10288193679955418 0.2843932851902215 -0.9531714255154139 -26.0668910404113
0.8980962313947933 0.43787603560449256 0.041082071488216736 3.243912092820798 0.4310213788575921 -0.8577540218473108 -0.2801403379959104 -0.5869237148915718 -0.08742842856971522 0.2693002329149682 -0.9590795871197415 -26.32132474897845
0.8983844301179423 0.4365664267344876 0.04811622148445941 3.216517417993494 0.43320856698367244 -0.8627270649354944 -0.2608301150552602 -0.6207571762581803 -0.07235850477734637 0.25517007362946886 -0.9641848786982289 -26.567532639608004
0.8989389749466034 0.43469794299589126 0.05428091448281963 3.1914280916031568 0.4341970751685159 -0.8676694250961329 -0.24212118591410464 -0.65349916344064 -0.05815169160958658 0.2412207849843938 -0.9687264390190126 -26.812075541581756
0.8994162007984339 0.43295660073941805 0.059992329655378505 3.1666975907416837 0.43479194598072973 -0.8721478026782958 -0.22430821205143311 -0.686448353290912 -0.04479354252123472 0.22783062164596887 -0.9726699061803084 -27.052876676449422
0.8998144748333755 0.43136387781378804 0.06526190157962031 3.1436804003810543 0.43506579753567687 -0.8761091651294878 -0.20772694238051456 -0.7175636015574354 -0.03242934928397612 0.2153089308262979 -0.9760073778468351 -27.290590110721517
0.900068758463917 0.43014707015171794 0.06963998906602796 3.1220217707239497 0.4352249637535395 -0.8796062413405236 -0.1920210694703251 -0.7464540911058617 -0.021341531410695825 0.20314122731412793 -0.97891684059595 -27.521475452738212
0.9003498237490998 0.4288375672670367 0.07394954885227367 3.099836583456052 0.43502704540485904 -0.8826622986024125 -0.17792902065774577 -0.7773160270691413 -0.011030169594514742 0.19236841613527825 -0.9812607848234437 -27.762768667759765
0.9004937128663493 0.4279013703939824 0.07753380103624935 3.07853816220244 0.43486414199500284 -0.8852103279395851 -0.16521456750553867 -0.8061469176850855 -0.0020618184029682976 0.18249134917591045 -0.9832052971688208 -27.995742435737984
0.9006233101397274 0.4271384005045855 0.0801900246124474 3.059989780467812 0.4345695305531725 -0.887301354098456 -0.15442030348967078 -0.834151950441776 0.005193875985802454 0.17392266623252717 -0.9847456168081246 -28.22572440410751
0.9007986146755651 0.4263791416634745 0.08223553582790263 3.0405906924288812 0.4340932825361869 -0.8890784117023147 -0.1452673394189075 -0.8627709063799687 0.01117487608619009 0.16655451179481337 -0.985968922809056 -28.45447228462456
0.9008450408392787 0.4260231457008842 0.0835613051741122 3.021441037850331 0.4338646547351679 -0.8903023045710887 -0.1382869041049865 -0.8896003211871726 0.015481400673437264 0.1608293685945802 -0.9868608009393507 -28.67977090344553
0.9007705422970604 0.42606226616768356 0.08416279152878534 3.0031502306592945 0.43391528761607695 -0.8910265160338566 -0.13337642556923154 -0.9152416732939077 0.01816461678420521 0.15666107708242502 -0.9874853688153853 -28.90366294828484
0.9006852319852271 0.42630650361895733 0.08383840322846023 2.9858926115407014 0.4340592244926101 -0.8913289060550168 -0.13086394027248793 -0.9415503728443098 0.01893944340765845 0.15425805069087084 -0.987849052882302 -29.124016045209693
0.9007867484201373 0.42628219605233497 0.0828656937427993 2.9663997192284643 0.43388588075851453 -0.8914067723701651 -0.13090839793921966 -0.9703377867532115 0.018063121244259794 0.15387480463481884 -0.9879252340888516 -29.346908133298452
0.9011122623116224 0.42607745173069433 0.08034112171427243 2.950473071590145 0.43333439897410797 -0.8913038265988725 -0.13341209598816636 -0.9977596080842455 0.014764463328488069 0.15503384732659184 -0.987798824055656 -29.565721828588664
0.9014333571387579 0.4259624745958507 0.07729083305106986 2.9333385674322745 0.432806704398916 -0.8907689084174867 -0.13859692790271044 -1.022847715925569 0.009811180606758452 0.15838788474153898 -0.9873282223770387 -29.780913841787868
0.9019631350784993 0.4256098639293365 0.0729297380045795 2.9164297119514266 0.4318067424047944 -0.8899053446103762 -0.14700821353804455 -1.0509182866137574 0.002332417870887782 0.16408754175725676 -0.9864430234265618 -29.99844515543798
0.9022623952956834 0.42584300936083563 0.06767792412451107 2.8993624768826587 0.4311274054481683 -0.8883371519904599 -0.15807044209784807 -1.0763001493333688 -0.007192378384550745 0.17179882354657047 -0.9851057983390352 -30.210622659091193
0.902596589816708 0.4260782130757629 0.061455287757969004 2.8823761860110064 0.430068842875469 -0.886189702644634 -0.1723618325336869 -1.102494637724808 -0.01897857842424222 0.18200320675411294 -0.9831147676096698 -30.421232083565297
0.9029178869174277 0.4263948641749368 0.05409906921384862 2.8652401717127742 0.42852008964830496 -0.88328685206771 -0.19019692356114656 -1.1289807689413713 -0.033313994842652406 0.1949147423094342 -0.9802542634327438 -30.62920685643233
0.9030061445470172 0.42724406180449803 0.04519308092093415 2.849836513238322 0.42665360281302134 -0.8794243038076646 -0.21113880997834963 -1.155560146557717 -0.05046390905390221 0.2099414335599317 -0.9764107682516618 -30.83627779796466
0.9029663929693822 0.42826510370526555 0.03522348813195543 2.833953322561918 0.42393379702711315 -0.8744321320574738 -0.23589951709063686 -1.1829076856495753 -0.0702269813251167 0.22794176311887074 -0.9711388797284469 -31.036374080169953
0.9025848050397551 0.42982666293089355 0.024283935946210818 2.8182381908152903 0.4205040388514215 -0.868107047425329 -0.263754635068505 -1.2102082535246894 -0.09228771868992022 0.24827241901622915 -0.9642840779224973 -31.242495797443933
0.9018665290862272 0.4318414713103198 0.012235496332367923 2.802081017194497 0.4159522455015815 -0.8603353013324219 -0.29463010495100994 -1.2374089976900273 -0.11670686859029855 0.270806412290753 -0.9555330417552591 -31.44181767260083
0.9006948475502831 0.43445212034597885 -0.00038304471732666934 2.7855782470135524 0.41035568634535075 -0.8510276344515867 -0.3276586273605087 -1.2641906794796225 -0.14267796704610167 0.29496325284112884 -0.9447961035022169 -31.639194843893442
0.8989477953426943 0.4378387716471008 -0.013786634508375112 2.7717036184812796 0.4036499746663658 -0.8401585597526622 -0.36221580918863094 -1.2892221821588108 -0.1701750839587036 0.32004812843834973 -0.931992294111254 -31.833386455831842
0.8969515459732303 0.4412752007506095 -0.027461270523079576 2.75632394058307 0.39521384237608365 -0.8280704308583448 -0.39762467269072693 -1.3171454323893474 -0.19820177337895994 0.34579699064709174 -0.917137120767037 -32.03050241504809
0.8944070895160416 0.44535341441171206 -0.041186095897447775 2.7398357461953675 0.3856780160936929 -0.8146208273348685 -0.4331805346207144 -1.3444229013323135 -0.2264694816646981 0.3715551694487438 -0.9003656645665907 -32.223412755912705
0.8913853005680903 0.4499495669272368 -0.05456769330957062 2.7225712661899957 0.37507342619465484 -0.7998715088792849 -0.46853547810787916 -1.3719076189615818 -0.2544644786482744 0.397178746290846 -0.881757831040413 -32.41294193720918
0.8878332973685596 0.45513323824178875 -0.06786583478609935 2.70741711933108 0.3635600292842788 -0.7841844953301786 -0.5028705423770294 -1.3967076496952204 -0.2820924337703606 0.4217919069058777 -0.8616933596577256 -32.59984844435293
0.8840324750214457 0.4604351798675632 -0.08053588174088633 2.6904221583003998 0.3511828321814652 -0.7679587939600703 -0.5356397195507439 -1.423267713746971 -0.3084756092277997 0.445240087952241 -0.8405974438408783 -32.78169452993423
0.8799228737736904 0.46598962566645213 -0.09267904283650347 2.671714692675102 0.3383196450345915 -0.7514926145457066 -0.5663909145342343 -1.448277874441576 -0.3335799064594848 0.46702518032168044 -0.8189089857560383 -32.96364890118233
0.875651171397292 0.4716099182363524 -0.10401495590371557 2.654456502554231 0.32526745058398815 -0.7351202353058922 -0.5948103271080647 -1.472802787599437 -0.35698194859284377 0.4870136801619756 -0.7971082509383186 -33.14280864303632
0.8714646467960493 0.47697534077166237 -0.11420986682591877 2.630352440336205 0.31242245949006764 -0.719369082905018 -0.6204033602154094 -1.4988842825911828 -0.3780761513118946 0.5049778676894171 -0.775922532829815 -33.31523222268616
0.8671345278603483 0.48258916568027344 -0.12322908650326306 2.605452326397252 0.3007082481437555 -0.7044807022509693 -0.6428697299253519 -1.5207656303761894 -0.39705448000334254 0.5203985370117781 -0.7559980837179924 -33.47310699338477
0.8632819543104787 0.4873399904858233 -0.13131641571089991 2.5604614310480946 0.2893454471082 -0.6910339357811003 -0.6623830552155133 -1.551907283233123 -0.4135498514080692 0.5338275313920776 -0.7375667340167965 -33.641791672156664
0.859778382737102 0.4916576192843142 -0.13803593002422965 2.487729356529077 0.27985589865334937 -0.679736815551263 -0.677966472307558 -1.564724374176441 -0.4271554852356457 0.5442707478671889 -0.7220163048361107 -33.55845592191243
0.8568745535268836 0.4951756960413944 -0.14341209700727922 2.459508186341389 0.27216440527297775 -0.6707780319739365 -0.6899154791157968 -1.5590468491647824 -0.4378270617726947 0.5521393500476973 -0.7095418254820471 -33.40515192460372
0.8547058932831184 0.49774908960612824 -0.14738955113364488 2.4393444946863343 0.26947609136596923 -0.6681001346931934 -0.6935595476994434 -1.5495554095601154 -0.4436896124197935 0.5530714726138091 -0.7051606015735465 -33.25352211915783
0.8536114702717901 0.49878953031586176 -0.15018808963335087 2.4235834110336683 0.2678858647715365 -0.6676119138588343 -0.6946448703685582 -1.539174865164135 -0.4467489465863792 0.5527235628422464 -0.7034998520276563 -33.10356913044603
0.8531623169533696 0.4992789489126161 -0.1511111911920217 2.4102744730068273 0.267429504822222 -0.667350256959422 -0.6950720066919218 -1.527595261658977 -0.4478789131911655 0.5525976526451295 -0.7028800135227872 -32.956663928958385
0.8535036263257018 0.4990784528682074 -0.1498407745960818 2.3963714014668676 0.26836524491250524 -0.6674850043532693 -0.6945817909264305 -1.5171802191818138 -0.44666727568955444 0.5526160211631517 -0.7036361829680727 -32.81218822995706
0.8553153161339487 0.49676681591365424 -0.1471680692055623 2.3847381736418987 0.2752627061776861 -0.67634288814006 -0.683220857592989 -1.5065924494462157 -0.43893752696075156 0.5438593828089868 -0.7152278092721281 -32.67040547947188
0.8581690489051488 0.4931680253245302 -0.14258745491359406 2.372880491458632 0.285071824396145 -0.688780199996404 -0.6665702446317023 -1.4958761853169849 -0.42694254699746914 0.5313822869558389 -0.7316781578487201 -32.52945216799654
0.8617397109995777 0.48860707524511776 -0.13663014494165088 2.36189122113457 0.2970674402613917 -0.7042407065045082 -0.6448224276795715 -1.4854701747686585 -0.4112853102444934 0.5150807250542808 -0.7520214360340054 -32.394267387793185
0.8660175195363027 0.4832009342344354 -0.12857104266186292 2.3490362974795946 0.3109772571909681 -0.7218522776700673 -0.6182414048998328 -1.4748609059996953 -0.3915441244178901 0.49542521774482307 -0.7754012201798002 -32.26210947129585
0.8705652032659005 0.47734846139819853 -0.11939293640485697 2.3391128570877466 0.32591721664550344 -0.7411809384523022 -0.5868805537492385 -1.4629315205967117 -0.36863829800584963 0.4720055750473054 -0.8008224162494536 -32.13467326224431
0.8752034562718546 0.4713859835691209 -0.10869298332630514 2.328918470752615 0.3414822177551931 -0.7611566783162192 -0.5513895229432768 -1.4503386961662255 -0.3426496827472555 0.44546129523135003 -0.8271368867146557 -32.01022586116355
0.8798871664975868 0.46526226909820817 -0.0965898296221442 2.3180378001404915 0.3569724319212441 -0.7813648953485693 -0.5118980202786024 -1.4375578016060908 -0.31363873657614594 0.4159325922195882 -0.8535987474501195 -31.888379818133885
0.8844765890598041 0.45906780784961976 -0.08341409473991322 2.3080946806381775 0.37168602027282505 -0.8013009572482004 -0.4687923615491904 -1.42623188676279 -0.28204727571611776 0.3836320160117796 -0.8793610240122391 -31.767874606419554
0.8888049854599929 0.45305649963365424 -0.06903264417043788 2.297721590842743 0.3851970542951504 -0.8201423594746411 -0.42307179007552304 -1.4153066197488702 -0.24829201997607692 0.3494371450419505 -0.9034626469761382 -31.651809990469328
0.8924857041546905 0.4478123824370891 -0.054160299256235486 2.288856697668572 0.39741852676247524 -0.8374289017059868 -0.3751950814888819 -1.4028917943540526 -0.21337240324243079 0.31333194015855326 -0.9253622603126987 -31.540809334518254
0.8956755103934827 0.44300975804554715 -0.03882955520992597 2.280656654117003 0.4077973870048604 -0.8530262501169416 -0.3256493632166929 -1.3916855479360581 -0.1773884754807455 0.2758415684552552 -0.9446929437011596 -31.43171780266953
0.898182213120483 0.4390092181350633 -0.02322968847040542 2.2732181993202407 0.4163518596867917 -0.8664123486087373 -0.2756460975846427 -1.3800980253044117 -0.14113766672770856 0.23790869797200082 -0.9609784651384888 -31.32653210735662
0.9001174050067599 0.43557775185520686 -0.007789691435506528 2.26616247370542 0.4227428318787385 -0.8776346603031396 -0.2259333997658106 -1.3692133741679102 -0.10524806553586255 0.20007354928464874 -0.9741116052986959 -31.225609057364522
0.9013240337815299 0.43308552162595143 0.007205351189877314 2.2603474082862394 0.4273629391826254 -0.8864591629997683 -0.17762621019134023 -1.3570950105745438 -0.07054009031025943 0.1631780723373336 -0.9840716500170569 -31.127303189704463
0.9019841319774247 0.43124206676110893 0.021328514166239793 2.2556916428176983 0.4301312351298538 -0.8931667217479928 -0.13130242849090956 -1.3461694125663706 -0.037573211555556534 0.12760676713071023 -0.9911128930428916 -31.03226201875134
0.9021190118447266 0.4301151584482684 0.034383701681386325 2.251028827676913 0.43143123410606776 -0.8978488823722064 -0.08794586210103912 -1.3355937022414262 -0.006955480286005939 0.09417183706395739 -0.9955316601685704 -30.941843178933766
0.9018541746182891 0.42954849537448025 0.0463372187888418 2.2459658957840887 0.4315381093965125 -0.9007804356755118 -0.04867716962518492 -1.325989941241437 0.020830455157017883 0.06389598442590493 -0.9977391419164612 -30.855322048039646
0.9013024479141594 0.42946228380576296 0.056710176972764745 2.241327810064049 0.43083621990594384 -0.9023194366133298 -0.01413456497244296 -1.3173430402703343 0.045100432382641026 0.03717231628700764 -0.9982906239671681 -30.77125558111263
0.9005593620348037 0.4298265112295091 0.06513068167719531 2.236800475060397 0.4298199643213836 -0.9027928151011863 0.014830079987648128 -1.3086980969086193 0.06517387300315976 0.014639099902117972 -0.9977665373381811 -30.69271561198697
0.8997858700931209 0.43042192213163305 0.07157064292903782 2.2331995254958747 0.42878414391666114 -0.9026221887514041 0.0376476068200996 -1.3010897964426673 0.08080560566211657 -0.0031864278016545122 -0.9967247868752154 -30.61875386647936
0.9000014509356207 0.4293655048586378 0.07511758483381153 2.2293683039262984 0.42632197177556175 -0.9029863995606551 0.05352698935940918 -1.2948276343530358 0.09081280028264119 -0.01615009120631522 -0.9957370184234655 -30.549254943066153
0.9000340788303093 0.42901096060315663 0.07673495048824772 2.225956859456263 0.4250707434214514 -0.9029849944988518 0.06271333827060732 -1.288868775755295 0.09619521833860395 -0.023826359190311914 -0.9950772756809007 -30.483353608319785
0.9000632412912983 0.4289934092358296 0.0764906302001892 2.2227087178316007 0.4250929010236233 -0.9029989143948602 0.06236173587243999 -1.2848403326202884 0.09582372970993192 -0.02361388222897657 -0.9951181826248348 -30.42172918122551
0.9000120413698468 0.4294336691302082 0.07459925741351851 2.2197404164123173 0.425672361310683 -0.9027927685918867 0.06138613682570283 -1.2808934845573263 0.09370894410603973 -0.023493420261073636 -0.9953224065592857 -30.363448859015122
0.8998870367943409 0.43024875650467154 0.07133952996540233 2.2169305178007708 0.42710797277585144 -0.9025023892770837 0.05539148797837108 -1.277993929763835 0.0882162150673173 -0.01937639995818061 -0.9959128749664087 -30.309723682418966
0.899619314123248 0.43152505236808864 0.06686717307569774 2.214108534065051 0.42951430328885193 -0.9020485869434569 0.042729498752091644 -1.275508939558691 0.07875628817249523 -0.009719875103683478 -0.9968465133114826 -30.25973900462093
0.8992538815040236 0.4330990885935611 0.06138107248472374 2.2117784377111143 0.43235284333745344 -0.9013396246738439 0.025649558491993345 -1.2738823099344596 0.06643399324116844 0.0034728161830831373 -0.9977847784416194 -30.210167010955157
0.8986669421182301 0.43515367788310677 0.05512715999102075 2.2090552641841517 0.4355930277008766 -0.9001329171832684 0.004409718984625097 -1.2717685777565202 0.05154067677333682 0.02005013785352561 -0.998469604249324 -30.16246438038702
0.8979870656789528 0.43740529590483374 0.04791489317225894 2.206894942087808 0.43869222642232203 -0.8984087535125393 -0.020269239962845697 -1.2704440776442307 0.03418128654586103 0.03922140648230436 -0.9986457434564169 -30.116363096852282
0.8976146569934381 0.43895805438667024 0.0400468980024869 2.204600106455322 0.4405357100703312 -0.8964356221443913 -0.04828523069663562 -1.2696985994305754 0.01470427500360562 0.06098361943724931 -0.9980304516681598 -30.07034631955638
0.8972560714424392 0.44036220348874994 0.03182250772980326 2.2020753436581466 0.44146569706838373 -0.8938044928768413 -0.07887690932775318 -1.269273918829031 -0.006291309212445556 0.08482133134834294 -0.9963763150420067 -30.02471605905445
0.8967197875657812 0.44197744062351835 0.023442793516667157 2.200073818487982 0.44167232288199426 -0.8901616508648057 -0.11197229358045398 -1.2695161950269542 -0.028621351959755063 0.11076180438006729 -0.9934347693243214 -29.980628757172045
0.896009969838809 0.4437872315611856 0.0147995625852804 2.2000517162857354 0.4409768174807368 -0.885442336719979 -0.14673552667443784 -1.2700977455910327 -0.05201519387657701 0.1380027588388087 -0.9890650424309112 -29.93914237035805
0.8950918682205264 0.4458272674196467 0.006971016469543283 2.196326232561659 0.439474562610449 -0.8794809226484217 -0.18268939628734815 -1.2699015439044805 -0.07531703833690209 0.1665873774408253 -0.9831459654667489 -29.892624722524435
0.8940259896890146 0.448014705546362 -0.0005944533493280127 2.194843998377391 0.4369559944162189 -0.8722494772226919 -0.2196595284263225 -1.2701198729832606 -0.09892921057155624 0.1961215773415755 -0.9755764133048426 -29.850897392311474
0.8927740213120584 0.4504442774662415 -0.007382395831455821 2.1937656231393037 0.4336823112303152 -0.8637574735468184 -0.2565982849084335 -1.27032123897964 -0.12195982861675693 0.2258826681928766 -0.9664899484287658 -29.80856652180462
0.8915526336014653 0.45271255899020646 -0.013610306786784099 2.194725822342443 0.42929310081688155 -0.8542463232159593 -0.29320752524967975 -1.2713523201729235 -0.14436528360141962 0.2555671305245525 -0.9559519374352082 -29.76926555227232
0.8902564791905953 0.4550884766782744 -0.01838150303465945 2.192291461122167 0.42437195721897275 -0.8434704503195581 -0.32934183057100463 -1.2716764018725533 -0.16538392662318735 0.2853981041148832 -0.9440318209585558 -29.726062524645315
0.8890555410576408 0.45725658791468937 -0.0222858188838084 2.192010784085226 0.418687992951988 -0.8318245374981801 -0.3643738511114307 -1.2723026077389785 -0.18515023487033996 0.31461778656737593 -0.9309860573085418 -29.685417495833214
0.8880885782345433 0.4590024526421591 -0.024807774544081618 2.1919701742186923 0.41244519161260107 -0.8195115233429311 -0.3978565407578386 -1.2729049058747024 -0.20294738511494134 0.3431000022976266 -0.9171121781430975 -29.645268127762243
0.8878513031963811 0.45938578774206845 -0.026167946673125816 2.1917556126696063 0.40500684224643474 -0.8072129087368716 -0.4293911709643445 -1.2732583157956188 -0.21837930567262975 0.3706373132715574 -0.9027394202452788 -29.605469565954337
0.8878304559165292 0.4594215444755986 -0.026247400227525225 2.1913199348752705 0.3975673016151925 -0.7945204557235809 -0.4589961722315429 -1.2736910071184342 -0.23172682674533582 0.39707567277340117 -0.888050442181123 -29.56574437069074
0.88813891518176 0.4588882297311282 -0.025116925647824986 2.1912645836955136 0.39018918498216815 -0.7817982437330202 -0.48635779629704395 -1.274162999256065 -0.2428202365181255 0.4221529328456654 -0.8733986684367485 -29.52674154926581
0.8885089568614569 0.4582824420472505 -0.023000801902861703 2.191134362132049 0.38335635055087275 -0.7689234406140243 -0.5116587250957495 -1.274278123330463 -0.25217006576769285 0.44579585662666255 -0.8588808486310647 -29.487904633827426
0.8891086220319322 0.45726398955459435 -0.019887234224364114 2.191028916855374 0.3769547099551278 -0.7562152079408906 -0.534830539443627 -1.274190038299838 -0.25959777516597543 0.4680258573364633 -0.8447252760473929 -29.450101155628268
0.8897556850686662 0.45615155854879186 -0.016142382770115482 2.1910218357907794 0.37120742302578447 -0.7437394897583921 -0.555928610942523 -1.2738679516664213 -0.2655934298482271 0.48864846976884607 -0.8310732837806906 -29.411886139348823
0.8905511705972582 0.45473180558893606 -0.011730197512375778 2.1910378187154773 0.3661228442325765 -0.7318451239228083 -0.5747667157390537 -1.273425765697831 -0.2699493942925263 0.5075644782451147 -0.8182332338305887 -29.37477130447374
0.8914172550844611 0.4531296956009987 -0.006982571319451875 2.190956838078341 0.3616304145799416 -0.7205329259027601 -0.5916550903531107 -1.2730532092433986 -0.2731276635356158 0.5248864464382313 -0.8061609626848855 -29.33825544313394
0.8922576118722567 0.4515229416829756 -0.0018404320063903357 2.19073237443928 0.3580822552656805 -0.7100800143083601 -0.6062701310007639 -1.2721326951499385 -0.27505172698941904 0.5402901131927103 -0.7952566510670294 -29.30142233802252
0.8931049145512003 0.44983612185167 0.0033279245699525395 2.190411131449168 0.35521403697369613 -0.7006643610222708 -0.6187830323547204 -1.2714193252554749 -0.2760192013997277 0.5538202927581318 -0.7855548890993896 -29.265564982276896
0.8938793037382947 0.4482253077553704 0.008594407248030678 2.1893264125630223 0.35472745411946793 -0.6954373991071844 -0.6249282016495621 -1.2699281469703196 -0.2741317632859467 0.561659057979695 -0.7806349203994781 -29.229674820042767
0.8945991602867537 0.4466633476257308 0.013571893825505554 2.1875880696246215 0.3571374379417157 -0.6963774734805005 -0.6225040279784075 -1.2675545404071311 -0.2685985719147859 0.5617386120934633 -0.7824989066117903 -29.193915092609735
0.8952167735962211 0.4452523136227165 0.018365878296189977 2.185989685606434 0.3594983725270991 -0.6972192452193855 -0.6201985522766702 -1.2649054349754252 -0.263339796503186 0.5618146503156789 -0.784229845305783 -29.15883508465958
0.8958096552181518 0.4438592794126992 0.02267160552707846 2.184362306464828 0.36153851695394446 -0.6981001677934842 -0.6180178447953195 -1.262936962068637 -0.25848590363243873 0.5618230111039852 -0.7858370962339285 -29.128000085282796
0.896254986556549 0.44275486334746156 0.026365319165349677 2.1830483870954747 0.3633417308258093 -0.698810437252877 -0.6161548177422196 -1.2610725725452534 -0.2543811819160869 0.561811448591619 -0.7871836574258648 -29.101182263417808
0.8965778205467072 0.44192083636914803 0.02922646209360863 2.1819906406568923 0.3647397429582606 -0.6993360108845601 -0.6147308872887488 -1.2594880237047796 -0.25122327043977927 0.5618141314196922 -0.7881952487338899 -29.07839226617312
0.8968599813844593 0.44120595053663747 0.03129669315007266 2.1810914780523047 0.36567647317890384 -0.6997990110240653 -0.6136465278425185 -1.2584183762691667 -0.248843104695521 0.56179947791076 -0.7889603639376896 -29.060216999546164
0.8969450041406056 0.44096068347838374 0.03230069927239991 2.1804362005536557 0.36616964685403547 -0.6998942213492286 -0.6132437269509965 -1.257507380741691 -0.24780930020885078 0.5618734328549748 -0.7892330430118636 -29.046166779210118
0.8968017988604988 0.44124521595905597 0.032391248105317044 2.180051831336981 0.36643466140481706 -0.6997351352199355 -0.6132669724189262 -1.2558641120204141 -0.247935823312629 0.5618482000789761 -0.7892112692975843 -29.036973796591
0.8967498454875443 0.4414723596835387 0.03068990474918494 2.1798446190927905 0.3654419267745964 -0.6996293385380518 -0.6139796306165857 -1.2562591903151201 -0.24958347856646346 0.5618015168119936 -0.7887250109730307 -29.030843703943418
0.8965632995244857 0.442048940488526 0.027694478849392454 2.178690173834375 0.36895706899063024 -0.7107996273146029 -0.5988610615587437 -1.2542706494862443 -0.2450406725170562 0.547134923051338 -0.8003739405990151 -29.028346636638744
0.896245353156743 0.44294045288126277 0.023409872837908782 2.177111840002696 0.37281616788688227 -0.7236602490505163 -0.5807959615099653 -1.2518754158555891 -0.24031723181471043 0.5292632607176572 -0.8137124977210489 -29.024586693657895
0.8957418347767033 0.44421103101182563 0.01797568797782914 2.175084320724763 0.3770875658725396 -0.7377289783173836 -0.5599651080336282 -1.2489584758188013 -0.23548149204383031 0.5083625817054208 -0.8283211650239363 -29.02005655247864
0.8951162997136934 0.44568378274508963 0.011522837536517908 2.173053426534711 0.3816570213302392 -0.7526529459675455 -0.5365179037047173 -1.2455224441363892 -0.23044463121581854 0.48464369254577394 -0.8438102649407642 -29.013699410760527
0.8944062241332966 0.4472365913311772 0.004115532297130672 2.1709128877526886 0.38640154801699167 -0.7680458500353922 -0.5106852415465757 -1.2417785227841631 -0.22523620917093157 0.45835030666279847 -0.8597578999116127 -29.006225118145483
0.8934961686304344 0.44905246911510893 -0.004059140839969139 2.1686361679798094 0.3915419776504812 -0.7834281271850416 -0.4826336594901859 -1.2374544275808557 -0.21990788157836602 0.42964200157452337 -0.8758129218633126 -28.997320850455537
0.8925237597942263 0.4508156760721148 -0.01290598351232626 2.166309098721504 0.3968311143441725 -0.798599692956884 -0.4525081182669909 -1.2326881885142886 -0.2143044677349043 0.3987527512341611 -0.8916668876279116 -28.98715679274238
0.8915184088676483 0.4524383564247649 -0.022236462977610255 2.163850552614165 0.4021466454180906 -0.8131051753592581 -0.42087771309843314 -1.2279116659803573 -0.20850180389884823 0.3662779101169601 -0.9068447994730294 -28.976143660252745
0.8904910075483814 0.4538927666262102 -0.03173518362753251 2.160441704243196 0.40754948933868 -0.8266928118926584 -0.3879206213966859 -1.222825187644497 -0.20230961226607513 0.3325061671148589 -0.9211462802483306 -28.96403523234681
0.889287820378215 0.4554192089801631 -0.04195851068432439 2.159057057315116 0.41300436600599644 -0.8390858438389107 -0.3540654463925116 -1.2175311995042106 -0.19645499786706622 0.2975370409899011 -0.9342789428495245 -28.94951142149863
0.8881036531879518 0.4566815925740958 -0.0520943777983965 2.15683838711206 0.41843083294918915 -0.8501715026585082 -0.31956854367228055 -1.2120424864399837 -0.1902302269137643 0.262012097185153 -0.9461300765206526 -28.934153395775137
0.886823509270884 0.45792156483094276 -0.062063708133297535 2.1548168659935913 0.42395071344719143 -0.8596654838609676 -0.2850281537422331 -1.2063580211215688 -0.183874565865135 0.22645771420039848 -0.9565077353095681 -28.9173595714713
0.8855272482200648 0.45898161082843286 -0.07195396848775715 2.1528876690027645 0.42931868042304816 -0.8676210469173363 -0.2508369781070534 -1.200856476894689 -0.17755833773611657 0.1912317961726101 -0.9653514576738281 -28.89933129689866
0.8841960376395231 0.4599508298668314 -0.08150215412724159 2.1511355155944156 0.4346154978193832 -0.8740016934492237 -0.2173255827165763 -1.1952804099031038 -0.1711921028487507 0.15673631982633393 -0.9726905931330477 -28.880307849590576
0.8827899066713522 0.4609515917076206 -0.09058482644128069 2.149445204180214 0.43988847996238384 -0.8787989336871108 -0.1849609670897643 -1.18986930384199 -0.16486390106863713 0.12343445326410471 -0.9785621236650347 -28.85967369292785
0.8813509025838757 0.4619801139324794 -0.09896949451988467 2.1477779264763006 0.4450957110369268 -0.8821366757596933 -0.15402822240151565 -1.1845707854853402 -0.15846259663125767 0.09170201530267243 -0.9830973226788424 -28.837909680334082
0.8797597618336289 0.4633074150100813 -0.10662551596645649 2.1461948406717193 0.4504170821614698 -0.8840343278298198 -0.12493101822856817 -1.1791227790767034 -0.15214208344696933 0.06188332905682534 -0.9864194037169284 -28.814680637699745
0.8780735989062788 0.4649081008993328 -0.11334554522323095 2.144574857451166 0.45572996440239405 -0.8846832630756664 -0.09821264470313562 -1.1739297035227725 -0.14593476093641414 0.03458296910283298 -0.988689568974238 -28.790382123384994
0.8762971280881895 0.4668357393280588 -0.1190282982757299 2.143089507062131 0.46101712175412857 -0.8842861254540013 -0.07417049129599554 -1.1690157936619905 -0.1398805088421198 0.010121305033202042 -0.9901166610205561 -28.76463971895642
0.8743604917734373 0.4692475546058991 -0.12369504000604582 2.1417804550825372 0.46632742696109836 -0.882998363239244 -0.05340993709655722 -1.1645472613522636 -0.1342850002403656 -0.01098285086853535 -0.9908818878641616 -28.73760223399958
0.87227129136857 0.47224672536977075 -0.12698749793477843 2.140480256913551 0.4690165801923277 -0.8814028623683221 -0.05614660910172917 -1.1626648191925222 -0.13844219645361328 -0.01058416678141845 -0.9903139571139257 -28.71052754113411
0.8701629240848686 0.47556969546045424 -0.1290346864518312 2.138961034328749 0.4720617649539025 -0.8796212733226624 -0.05851585756720112 -1.160787492845921 -0.1413300237623914 -0.00999401210071544 -0.989912089079355 -28.68239901385335
0.8678161264314606 0.4795482381444262 -0.13011017638167988 2.137649745396055 0.4757688316100382 -0.8774677571277605 -0.06078119832313991 -1.1587034546232478 -0.14331500121729862 -0.009155462509038148 -0.9896347750217407 -28.652526162640328
0.8655119428271414 0.4837005914173622 -0.13008771919778447 2.1362469563043 0.4797212424677798 -0.8751938699949104 -0.062475750883857484 -1.1564632697516803 -0.1440715320552858 -0.008332333756288831 -0.9895321954668361 -28.62140643224478
0.863307166099776 0.48791570276593754 -0.12899226316021906 2.1346614219443625 0.4838071023422428 -0.8728587200899187 -0.06362658631571848 -1.154347399754303 -0.14363643230036216 -0.007478085143287919 -0.9896022703887724 -28.588806308845548
0.8613440113778505 0.49185448432808615 -0.12714425000709192 2.1332231002216933 0.487702464669508 -0.8706511083959738 -0.06413231170127656 -1.1518677239200557 -0.14224204729544884 -0.006768581477302624 -0.9898087624819174 -28.554810137226532
0.8616516944961807 0.4915654559751404 -0.12617353075749804 2.1317289266392687 0.48748113612212257 -0.870814748269376 -0.06359100660964803 -1.1493547456666549 -0.14113291358483881 -0.006713917522283664 -0.9899678903957232 -28.519551558510106
0.8621799169179504 0.49107210505303167 -0.12447481071341684 2.130224092036937 0.4871187656607665 -0.8710931057006549 -0.06254685717059887 -1.1466757416667512 -0.1391441662610687 -0.006707372031751327 -0.9902494191646568 -28.482785308456975
0.8629553080487651 0.4902871231345604 -0.12217476498400946 2.128635120381299 0.48654676308496175 -0.8715333538668197 -0.06084291601492465 -1.1439121803244574 -0.1363098809404793 -0.006939019101391296 -0.9906419466042731 -28.444575560778077
0.8640014952811675 0.4892052946797798 -0.11907810801812661 2.1269252657438056 0.485731365469535 -0.872139134863 -0.05863761625031577 -1.1411008614261178 -0.13253851044510734 -0.007176983885177318 -0.9911518723945912 -28.40506044849958
0.8653257082378396 0.48782126204278337 -0.11507317220650466 2.1251440672772386 0.48466194888941055 -0.8729123077248626 -0.05591867596048179 -1.1382261024554983 -0.12772710738680418 -0.007383720027265145 -0.9917818644828909 -28.364113337549007
0.8667493580535536 0.4863988505098047 -0.11028013663617689 2.123368241707238 0.4835994349404128 -0.8737031596674408 -0.052672339158654394 -1.135172798470512 -0.12197186904801688 -0.007677695609463901 -0.9925038620333234 -28.321612311323555
0.8684481457202207 0.48459159491571346 -0.10473205971504357 2.1214841614750464 0.48217102406028156 -0.8747046027348406 -0.049020011333579194 -1.1320580598410028 -0.11536430016157428 -0.007927426538914057 -0.9932916158695293 -28.27788876959577
0.8702739868704799 0.4826537128040321 -0.09832894432995322 2.1195033342392997 0.4806427933498946 -0.8757720865734744 -0.04478568498475337 -1.128749948883607 -0.10772972188477313 -0.008285281843488309 -0.9941456941150042 -28.232748147451723
0.8722586267054404 0.4804564189602072 -0.09124975407020797 2.117532767054042 0.47885081935574536 -0.8769760225854217 -0.040186423237029006 -1.1254485312716132 -0.09933167138567109 -0.008642065157594823 -0.9950168509977817 -28.18613632173754
0.8743897149781042 0.47796800425669295 -0.08360151462374343 2.1155152242291253 0.4767595880798656 -0.8783300170747287 -0.03516640839528635 -1.1220351298991533 -0.09023813780451656 -0.009108677861310732 -0.9958785621114615 -28.138237602686786
0.8765416854363685 0.4753932651776098 -0.0753386827343138 2.1134619562266668 0.47454973189509264 -0.8797214400023124 -0.029878754300565767 -1.1185150981657683 -0.0804812130292934 -0.009561978039541003 -0.9967102602689034 -28.088915055530123
0.8787357370466041 0.47264191227584 -0.06658173321113728 2.111352469857692 0.4721368161266793 -0.8811951171738813 -0.02412451712826555 -1.1148456819320445 -0.0700737561068629 -0.010236612190902487 -0.9974892884015994 -28.038241750595557
