7.385575102117274506e-05 2.732955724158491123e-06 1.574316771563159692e-04 1.351857820764543728e-05 -5.863398171759972915e-05 -2.909980693029829365e-06 9.999999981854181819e-01
-2.247815215777122441e-02 -5.734962052684353107e-03 -9.450720245266247543e-03 1.973727501546552760e-03 6.377101330644563415e-03 -1.005174128812786651e-02 9.999271970875904803e-01
-3.626673567869487247e-02 -8.638699535015913200e-03 -1.549973625367765014e-02 3.802811476796594519e-03 1.213337539377367692e-02 -1.875242116284862523e-02 9.997433003161146914e-01
-4.296566800806084913e-02 -1.016085199376556315e-02 -1.769117299382958960e-02 5.332597825475455904e-03 1.720382128105122505e-02 -2.601672809719960192e-02 9.994992355139036277e-01
-5.371814288967798057e-02 -1.279926699185474429e-02 -2.224622460804233717e-02 6.699254765945395623e-03 2.150982238041666134e-02 -3.156419461480555050e-02 9.992477916638409230e-01
-6.897338967757912775e-02 -1.828795805798880472e-02 -2.882840594511958468e-02 7.828536988625362653e-03 2.494104744096573012e-02 -3.283269636319770951e-02 9.991189479790117955e-01
-8.600700382881501516e-02 -2.497708954956283020e-02 -3.738887979582557197e-02 8.704075707488618391e-03 2.722299492489972661e-02 -3.302843563238826163e-02 9.990456796628843783e-01
-1.085129522841894456e-01 -3.397225207820080140e-02 -4.854404475224814025e-02 9.131498924198443515e-03 2.862862939895701245e-02 -3.317050276619613880e-02 9.989978653892972460e-01
-1.343984008825093168e-01 -4.437895475412458740e-02 -6.216283797237118908e-02 9.154520519450681446e-03 2.883700694402853426e-02 -3.321573443404075149e-02 9.989901584953559954e-01
-1.627662268706982218e-01 -5.784752236266441777e-02 -7.840529422379097224e-02 8.878353515661159892e-03 2.773297636493647633e-02 -2.748383180273085077e-02 9.991980263442438170e-01
-1.950848904941197559e-01 -7.258219800897881824e-02 -9.748504190916154610e-02 8.321476976287968397e-03 2.545722094169439176e-02 -1.930137085260051621e-02 9.994549214477206345e-01
-2.301633339592686900e-01 -8.996738154356649642e-02 -1.204520738081527736e-01 7.360195548694269639e-03 2.219456454057847777e-02 -9.069358728316354729e-03 9.996854383047680814e-01
-2.687367132351857202e-01 -1.082296619070334948e-01 -1.461141367155022186e-01 6.151187045067667281e-03 1.797839230537988386e-02 3.157419684673715143e-03 9.998144682934856364e-01
-3.084807359398670790e-01 -1.278166731225859609e-01 -1.767584168917713805e-01 4.659812001769353049e-03 1.293641467690001719e-02 1.693360003731421426e-02 9.997620659522904463e-01
-3.511490495739672535e-01 -1.475607836936788653e-01 -2.110988344003609241e-01 2.973210850667327380e-03 7.199097220060558106e-03 3.207982543044966828e-02 9.994549603743060340e-01
-3.953958825377840713e-01 -1.671137308345580219e-01 -2.518913741926848138e-01 9.441441701444520810e-04 1.016318018453611031e-03 4.827112930416021380e-02 9.988333062954861674e-01
-4.397383100865968619e-01 -1.863223766542063675e-01 -2.988725994195104430e-01 -1.246751893059480903e-03 -5.705454950344593379e-03 6.521034986168232350e-02 9.978544501401214184e-01
-4.849722931725393149e-01 -2.042410995311952915e-01 -3.523581286504793297e-01 -3.721302010823848011e-03 -1.271855125203250579e-02 8.265662336569513935e-02 9.964899763565990831e-01
-5.274473767512619649e-01 -2.155708470153364087e-01 -4.141519399377004418e-01 -6.242744893046578251e-03 -2.000506105758030617e-02 1.004038617479099532e-01 9.947260377683845300e-01
-5.688088164123822343e-01 -2.234041149218825295e-01 -4.829328516889467293e-01 -8.921139146376976317e-03 -2.726455124078197914e-02 1.179869654148799213e-01 9.926006918767273923e-01
-6.082843132437206757e-01 -2.247170725273004432e-01 -5.581057149087489400e-01 -1.167698887967686880e-02 -3.451869621038224784e-02 1.353342394490542333e-01 9.901296638195350441e-01
-6.445432351525841597e-01 -2.216501756789477084e-01 -6.388593675182907550e-01 -1.455069027676021698e-02 -4.153644756328400689e-02 1.519892597307827276e-01 9.874017752985767560e-01
-6.774144522110461253e-01 -2.121286157194714472e-01 -7.264517182788683414e-01 -1.746698891438135809e-02 -4.833386954868681279e-02 1.678673645591957087e-01 9.844690392636354925e-01
-7.082835532227285125e-01 -1.989147764394293971e-01 -8.181201834837080744e-01 -2.051890055436143140e-02 -5.467186447880236638e-02 1.827011472522636348e-01 9.814327550816502876e-01
-7.394452692744992728e-01 -1.806228981283312662e-01 -9.134285683512669562e-01 -2.340780788481656993e-02 -6.050931945821415303e-02 1.959767357613610150e-01 9.784599203999380101e-01
-7.684854557892093485e-01 -1.599538894560003366e-01 -1.014417052131813213e+00 -2.645891007662874717e-02 -6.562005080730244633e-02 2.077965528420677443e-01 9.756098234625141252e-01
-7.968081780715254858e-01 -1.358768005556273972e-01 -1.119984621518674395e+00 -2.939242674409531242e-02 -7.003269015747674853e-02 2.175957520020572467e-01 9.730794398557905955e-01
-8.244089310474349563e-01 -1.098776337797782443e-01 -1.227892777174957040e+00 -3.223544496282219896e-02 -7.364007569584632429e-02 2.252728992975888966e-01 9.709738081851732039e-01
-8.539505073757697184e-01 -8.087583703548958947e-02 -1.342038258584588251e+00 -3.500735304186202573e-02 -7.611830215550782763e-02 2.306711386393656971e-01 9.694180290817702161e-01
-8.843812961041294107e-01 -5.290536124269389073e-02 -1.458652302350281760e+00 -3.777267734140758032e-02 -7.760136682776314077e-02 2.334415261907821504e-01 9.685330694212993530e-01
-9.179529142457347746e-01 -2.850193382823939386e-02 -1.578857544007128633e+00 -4.042322811702108581e-02 -7.795942012255711873e-02 2.337775245609271524e-01 9.683162502266081662e-01
-9.478172847485289987e-01 -1.049558949448637160e-02 -1.707563578107419211e+00 -4.299519173060487032e-02 -7.738914528514583002e-02 2.317776927356127725e-01 9.687318694201398905e-01
-9.577668445053559854e-01  1.934295336743850624e-03 -1.844303267798520052e+00 -4.540161359117225043e-02 -7.584703228537273412e-02 2.277430251585606247e-01 9.697004876086464664e-01
-9.437704459974207705e-01  1.527867824183676282e-02 -1.986039118830526640e+00 -4.761726133062980926e-02 -7.339222612586188133e-02 2.217648763311289295e-01 9.711676050988830022e-01
-9.144398079062888707e-01  3.061946383406761313e-02 -2.126266605602132209e+00 -4.963894590622482811e-02 -6.992983859771131905e-02 2.139701361795658119e-01 9.730686376337052135e-01
-8.741599544842583169e-01  4.869763868079567126e-02 -2.271172689398484046e+00 -5.147976736386356694e-02 -6.569932876901696250e-02 2.045729018211625283e-01 9.752862962186704676e-01
-8.288852230456247305e-01  6.993523684636267224e-02 -2.417644568155991713e+00 -5.303572481549861939e-02 -6.065822261901188117e-02 1.938157378003754205e-01 9.777235047307052396e-01
-7.822374045858865310e-01  9.151937392371031765e-02 -2.567457061592541390e+00 -5.445441453829917566e-02 -5.487890028362027439e-02 1.816323163745288127e-01 9.803227655672261953e-01
-7.340024846119252988e-01  1.153616098609474977e-01 -2.723719867129817729e+00 -5.549134824147183148e-02 -4.843362287987918596e-02 1.684075029056035233e-01 9.829617527707640301e-01
-6.899671912279689012e-01  1.359414526754874342e-01 -2.881715920000486708e+00 -5.636154615218471470e-02 -4.120340400030497036e-02 1.542773304735145234e-01 9.855577917687470269e-01
-6.483575874803935157e-01  1.562155233722813397e-01 -3.047879891854776258e+00 -5.681704757227137859e-02 -3.342978842950041635e-02 1.392761894360975417e-01 9.880568887502831910e-01
-6.112381647483980940e-01  1.745363728380468493e-01 -3.224809537329823339e+00 -5.705167753265641406e-02 -2.502617908112297548e-02 1.237238254723471431e-01 9.903591325684828472e-01
-5.862824378480289145e-01  1.880283199459911458e-01 -3.398150758660247739e+00 -5.690419248506393968e-02 -1.606640506429729900e-02 1.077555341777342440e-01 9.924175171569695753e-01
-5.732791404095962662e-01  1.966436105952822644e-01 -3.583253470019517550e+00 -5.640193016606281917e-02 -6.598047236951174940e-03 9.155157628981118456e-02 9.941798614561917491e-01
-5.825316658962194083e-01  1.963444804112418618e-01 -3.772922173437331050e+00 -5.549818028607626796e-02 3.251897840523810829e-03 7.536847767460758130e-02 9.956048260823072704e-01
-6.232576548034315378e-01  1.813302473265336334e-01 -3.965136766279981018e+00 -5.428442658900670820e-02 1.352916598428542498e-02 5.913572571974357733e-02 9.966810566280829287e-01
-6.913757132958489038e-01  1.529648542505979703e-01 -4.147419003212075239e+00 -5.254924783504964780e-02 2.408335652235720978e-02 4.331972234473737554e-02 9.973875726850434109e-01
-7.790924748523605503e-01  1.079900014864303287e-01 -4.324986263587090818e+00 -5.052746942572682032e-02 3.502305063408899660e-02 2.791501490188867327e-02 9.977179524799290045e-01
-8.756232460956321351e-01  4.932166315342240148e-02 -4.498934937660911793e+00 -4.807233548018090274e-02 4.620737137888058371e-02 1.313186543430575060e-02 9.976880692390535099e-01
-9.727191325412517520e-01 -2.470539906668350189e-02 -4.673421896415239196e+00 -4.528121376511026058e-02 5.764560000505425386e-02 -8.749860456678933097e-04 9.973092954943494348e-01
-1.054731895910551609e+00 -1.123891535226100302e-01 -4.852898269618473037e+00 -4.197456716119644937e-02 6.912495912667901421e-02 -1.385291055130929636e-02 9.966283021300481604e-01
-1.108785619050824733e+00 -2.130566925995758254e-01 -5.046188156007914927e+00 -3.817527068819948077e-02 8.055526594572395838e-02 -2.589262014449125390e-02 9.956822133885638859e-01
-1.126650313953344140e+00 -3.210219310176922192e-01 -5.245850266487894764e+00 -3.418231558329195424e-02 9.190169692915624300e-02 -3.700984663687765380e-02 9.944927946721487944e-01
-1.122925050207069342e+00 -4.321388043862796069e-01 -5.455199346812609207e+00 -2.877861906623463070e-02 1.032693459922534446e-01 -3.949497885496834615e-02 9.934522534617447054e-01
-1.103778683471806188e+00 -5.386115533547548573e-01 -5.672826202652961669e+00 -2.297680134786659473e-02 1.141892681067482040e-01 -4.118499351227159627e-02 9.923389914532533274e-01
-1.084422965653630166e+00 -6.390414565332199759e-01 -5.907846703772859698e+00 -1.677932098924556775e-02 1.245996210199044746e-01 -4.307206496543742463e-02 9.911297523777848895e-01
-1.072570988079941001e+00 -7.251959939748213735e-01 -6.158317542394795119e+00 -1.037657795346237297e-02 1.344745239918586355e-01 -4.507720600419343193e-02 9.898368423765576685e-01
-1.082238560287871021e+00 -7.862401932422287132e-01 -6.420998492711971650e+00 -3.833802340851349619e-03 1.437356326158303055e-01 -4.724893257130934748e-02 9.884801000763800971e-01
-1.126638564420561206e+00 -8.124081080635154883e-01 -6.692290839713634476e+00 2.990558426056574067e-03 1.523577155499865055e-01 -4.909927330542885465e-02 9.871005239759367278e-01
-1.193064115668261316e+00 -8.157548594790361429e-01 -6.968059256422214354e+00 9.851592904777101492e-03 1.600751428046121305e-01 -5.118193963100822058e-02 9.857278041269453839e-01
-1.274345192861991105e+00 -7.967476864686919846e-01 -7.237409129740531633e+00 1.718948350949558307e-02 1.670353069487882369e-01 -5.306410739668102061e-02 9.843718445767303260e-01
-1.358096996833542569e+00 -7.746036424721747249e-01 -7.495535272461580689e+00 2.385427473995812078e-02 1.730212524857589196e-01 -5.501438612703662967e-02 9.830910624575707191e-01
-1.438570563971768523e+00 -7.483140344843697278e-01 -7.751590790298264366e+00 3.089815901888412139e-02 1.778493253816179620e-01 -5.689097985640647476e-02 9.819258310287621860e-01
-1.515644179826016735e+00 -7.272629577772441456e-01 -8.005484703092648147e+00 3.765740533464059792e-02 1.819219322845305742e-01 -5.847585396835467547e-02 9.808500929703768412e-01
-1.574287421577560631e+00 -7.148783335187784971e-01 -8.258623342852308369e+00 4.450494316652814364e-02 1.845846409478008043e-01 -5.961477582634409217e-02 9.799968871701024709e-01
-1.618525554622376905e+00 -7.104179368849612430e-01 -8.509858411093402353e+00 5.124381071186108472e-02 1.862327527920512038e-01 -6.060205033051895701e-02 9.792950654154033430e-01
-1.645025324991524318e+00 -7.129977566670162581e-01 -8.757066827679452103e+00 5.765971734979139646e-02 1.866194198296349527e-01 -6.140504484084808451e-02 9.788145736582012368e-01
-1.651213889917248157e+00 -7.178869853377950472e-01 -9.001233534714838669e+00 6.407959133070814661e-02 1.856428450074770198e-01 -6.157270757192499777e-02 9.785904872594469728e-01
-1.631279823655285899e+00 -7.196995076538184044e-01 -9.238746714872149823e+00 7.055594002093258654e-02 1.831657675110041072e-01 -6.149917764782786983e-02 9.786163763643587199e-01
-1.583905793016410213e+00 -7.184860937363339861e-01 -9.471581492777390920e+00 7.862185383478424716e-02 1.786299950189888519e-01 -5.208134985254998794e-02 9.793862680151453892e-01
-1.511844463626057511e+00 -7.087671020513965914e-01 -9.686965735363367358e+00 8.684681394659661546e-02 1.725948341409154208e-01 -4.102367206601881255e-02 9.802987873426218801e-01
-1.413950166648869633e+00 -6.938744135099604859e-01 -9.891460275431573024e+00 9.489573190725102136e-02 1.650700942506352076e-01 -2.892355897588431285e-02 9.812798233868065267e-01
-1.295260346134924578e+00 -6.724013569509319499e-01 -1.007816350879147649e+01 1.029559354941832899e-01 1.559586232022235341e-01 -1.572358480545130860e-02 9.822574774855370450e-01
-1.166905549725217428e+00 -6.418446537527844331e-01 -1.024796116880824570e+01 1.113124334280966299e-01 1.457703997949019448e-01 -1.744066844005634324e-03 9.830348370931691893e-01
-1.031477679841779294e+00 -6.100328427920269636e-01 -1.040592848798196890e+01 1.193977763845858187e-01 1.345196607907956643e-01 1.316075029848506883e-02 9.836032871573411329e-01
-8.932372272368951371e-01 -5.745800016022266643e-01 -1.055469477827373659e+01 1.273498293213731203e-01 1.223594663319534925e-01 2.888037088491449481e-02 9.838577672348409742e-01
-7.530466340947167270e-01 -5.375315491328911399e-01 -1.069177517233350905e+01 1.350836092150480006e-01 1.092739333078458774e-01 4.508219613235692202e-02 9.837577047285335219e-01
-6.141268831350753521e-01 -4.963778283247667900e-01 -1.082342573716723244e+01 1.426046250435598628e-01 9.560729009315505067e-02 6.185961440083576068e-02 9.832072798262881941e-01
-4.786187960435362987e-01 -4.494411041554484676e-01 -1.095170003813104209e+01 1.500562944388709463e-01 8.149919800860046248e-02 7.888668883536212317e-02 9.821496217724785538e-01
-3.443248775798964934e-01 -4.011736677323281541e-01 -1.106961338967366260e+01 1.571996387530475714e-01 6.673198063151833392e-02 9.609217672226513796e-02 9.806127726629320085e-01
-2.176436586505497983e-01 -3.528677615485140695e-01 -1.119057505977368727e+01 1.640678208789437542e-01 5.187083633889723322e-02 1.132790160507381322e-01 9.785494525122963028e-01
-1.041281659477500954e-01 -3.141699606012374191e-01 -1.131659828022515235e+01 1.705983852227970221e-01 3.687214786430731417e-02 1.305279187247898598e-01 9.759606027420478780e-01
-9.051724172706832050e-03 -2.869095296794837990e-01 -1.146120395341295861e+01 1.767082529649228739e-01 2.187548827248183420e-02 1.473538584431066389e-01 9.729247127855548127e-01
 7.151206936863541141e-02 -2.730799123427074537e-01 -1.160848948429909910e+01 1.824352682723980879e-01 7.074094302090516186e-03 1.639514412997155057e-01 9.694262504058415164e-01
 1.513729045411552621e-01 -2.641516038099915864e-01 -1.174893747148231249e+01 1.878345890787074257e-01 -7.554179138704571542e-03 1.800292159703546502e-01 9.655312438861174407e-01
 2.325478101388471774e-01 -2.537097035187925176e-01 -1.188475339853239454e+01 1.928269647471799464e-01 -2.138271718216870274e-02 1.954963426947869398e-01 9.613229015607918093e-01
 3.162206263248799054e-01 -2.434396612846927432e-01 -1.201078335220825011e+01 1.973501251749988361e-01 -3.479561858979563632e-02 2.103183970877232356e-01 9.568742680555354374e-01
 4.011569744221320510e-01 -2.333600470676278071e-01 -1.212946352366667035e+01 2.014425864006636757e-01 -4.747981220559849974e-02 2.243094076923183300e-01 9.522876883788079505e-01
 4.847127598583528263e-01 -2.224843181998947816e-01 -1.224394026827342685e+01 2.051137847061285657e-01 -5.935860940523665641e-02 2.373807988447199091e-01 9.476577690035824508e-01
 5.672555645655569245e-01 -2.125182276814383542e-01 -1.235260763731779932e+01 2.082540953257790428e-01 -7.015917189816878174e-02 2.493455727250373233e-01 9.431514765619718466e-01
 6.474223160501929586e-01 -2.013363324695927048e-01 -1.245655214558443724e+01 2.110689056049437629e-01 -8.005556368304790615e-02 2.603403294565378445e-01 9.387565907457492420e-01
 7.237248964243120364e-01 -1.919192096984474460e-01 -1.255528329341250071e+01 2.133679680085999175e-01 -8.895765597845088635e-02 2.704720220546803500e-01 9.345616785190548059e-01
 7.984920740548917539e-01 -1.823539364151611775e-01 -1.264901361856434647e+01 2.154566259669572770e-01 -9.689635247933602036e-02 2.796669703310333266e-01 9.305782744664716777e-01
 8.727056305530430658e-01 -1.720310899820947093e-01 -1.273941439127210451e+01 2.169327450355406361e-01 -1.044490553861955467e-01 2.878970955233133844e-01 9.269012036617045869e-01
 9.389147123736084621e-01 -1.638605009377713806e-01 -1.282049619505839999e+01 2.183188410612253161e-01 -1.108678831836806544e-01 2.956103362624704634e-01 9.233957576309533843e-01
 1.010258222872012723e+00 -1.548122756282483969e-01 -1.290522279819188256e+01 2.192614631411816395e-01 -1.166883318095619654e-01 3.024697137795737678e-01 9.202284043903408151e-01
 1.080769680618815620e+00 -1.434453914770950078e-01 -1.299490778418696912e+01 2.185524636392694176e-01 -1.217011952238534200e-01 3.083482856804871108e-01 9.177935358435447277e-01
 1.154587494489151878e+00 -1.332414709290379307e-01 -1.308609598484572523e+01 2.178044968792843539e-01 -1.261197952804995470e-01 3.138122654662561239e-01 9.155199945498202485e-01
 1.227560899837221164e+00 -1.209454547074910735e-01 -1.317960022661809738e+01 2.171499342643067876e-01 -1.298326036772911585e-01 3.186983738026821222e-01 9.134663363293190619e-01
 1.300810054027020213e+00 -1.080973291750839671e-01 -1.326832619948432246e+01 2.165645010530179437e-01 -1.329102021975095416e-01 3.228418498940598402e-01 9.117060024988624667e-01
 1.380330007165407658e+00 -9.450411010697346015e-02 -1.336930960095467391e+01 2.160405502344138473e-01 -1.356005196561455572e-01 3.266082114035372408e-01 9.100912349688780045e-01
 1.459328722947681012e+00 -8.113490037274395661e-02 -1.346620601046860166e+01 2.155156185727713225e-01 -1.377163216282626113e-01 3.298464420346018944e-01 9.087290892149820776e-01
 1.538326902567730414e+00 -6.650410970119224885e-02 -1.356741631709921414e+01 2.152126209302542836e-01 -1.392996150907738762e-01 3.325504373509156064e-01 9.075733312772074068e-01
 1.619005428927989820e+00 -5.142768096849170689e-02 -1.366881299041175168e+01 2.149238823893213912e-01 -1.404886750743702950e-01 3.348526244904339033e-01 9.066114806389877767e-01
 1.701925858982585194e+00 -3.900512638544606503e-02 -1.377115046317852709e+01 2.145601071738041932e-01 -1.412989444522001758e-01 3.368738437699703159e-01 9.058225996793773938e-01
 1.785796303384804773e+00 -2.446900604823465386e-02 -1.387577491279886743e+01 2.142348674097408479e-01 -1.418447168496471400e-01 3.384779514314312232e-01 9.052160925892536181e-01
 1.870391029282510109e+00 -9.444422853724265821e-03 -1.398288752163129622e+01 2.139882521970286611e-01 -1.421109764650501095e-01 3.398481480200116756e-01 9.047191467948377808e-01
 1.955951001757930019e+00  7.277281112152422793e-03 -1.409091756621921476e+01 2.138350006492845956e-01 -1.420266045040013692e-01 3.409246584832246185e-01 9.043635404794252430e-01
 2.043918167108628392e+00  2.504917992148580907e-02 -1.420055275408284245e+01 2.137205122507535859e-01 -1.419517979325257973e-01 3.418835328984341504e-01 9.040403086366692875e-01
 2.130477356323837501e+00  4.249718822971493282e-02 -1.431502887612213470e+01 2.124744662869433864e-01 -1.413475414841446343e-01 3.416845360181371416e-01 9.045038151044676455e-01
 2.216984646106178847e+00  6.088267783988765558e-02 -1.443161577074279833e+01 2.112444403276661498e-01 -1.407093146736438372e-01 3.413753370578448409e-01 9.050080410932090924e-01
 2.300503808652082594e+00  7.941481600707911426e-02 -1.455328888168808277e+01 2.100387929148136434e-01 -1.399191246409920431e-01 3.410221249435712032e-01 9.055441758023503596e-01
 2.381511391828817992e+00  9.529172510865047130e-02 -1.468817773064595400e+01 2.086260102714215525e-01 -1.391144577754022393e-01 3.408338024332613903e-01 9.060654913387714560e-01
 2.450562704735210318e+00  1.084318129118067020e-01 -1.481698866951890281e+01 2.073480316646237887e-01 -1.381855733256304453e-01 3.402526602683329515e-01 9.067191782849833848e-01
 2.515771692280095451e+00  1.160256010051874398e-01 -1.495958301105592980e+01 2.058940941121151780e-01 -1.372815838525102972e-01 3.400046988818296589e-01 9.072806586073429713e-01
 2.572855643340522747e+00  1.168685156825337579e-01 -1.510802884640881771e+01 2.043752546354298816e-01 -1.362491493222405259e-01 3.396743491722485908e-01 9.079032223293836967e-01
 2.622638749047017992e+00  1.170348783294636874e-01 -1.526477813071261558e+01 2.029343720432371656e-01 -1.352325070662279971e-01 3.392780601177551869e-01 9.085263934519087758e-01
 2.666113765377809308e+00  1.119372579030111226e-01 -1.542279540556153528e+01 2.014572713639185275e-01 -1.342617836715752355e-01 3.389524856116712948e-01 9.091204286328634643e-01
 2.708688326659303147e+00  1.045076548287844354e-01 -1.559607189274316497e+01 2.000851912828056911e-01 -1.333572274044812767e-01 3.387555835914941027e-01 9.096298262006907720e-01
 2.735807490023638877e+00  9.192530375525143072e-02 -1.574844118599268228e+01 1.987899907020174439e-01 -1.323578836460429786e-01 3.382680622340654697e-01 9.102409836443550173e-01
 2.764918700104296079e+00  8.078162459758830849e-02 -1.590492844931526406e+01 1.975938558521191102e-01 -1.314748617263621078e-01 3.379982434237351341e-01 9.107294967804631103e-01
 2.790896271903241299e+00  6.542777850728009881e-02 -1.605864472635034801e+01 1.963140765260902587e-01 -1.306477216670251240e-01 3.378278840639757918e-01 9.111883871789525635e-01
 2.814345416817738421e+00  5.108712753689825803e-02 -1.620891333219110209e+01 1.952418150745253433e-01 -1.298144715508625924e-01 3.376248086083402655e-01 9.116130348094837466e-01
 2.835263897948674838e+00  3.596111768845489109e-02 -1.635611606479638169e+01 1.942926413904838001e-01 -1.291469832633157233e-01 3.374186131636369157e-01 9.119868999641506102e-01
 2.855304956518673443e+00  2.088935670776193021e-02 -1.649981072116707281e+01 1.934762618769998721e-01 -1.285441315721380373e-01 3.371777338803629842e-01 9.123346524734060603e-01
 2.874831526413290650e+00  5.385586017460752828e-03 -1.663947243486908079e+01 1.927801607339972301e-01 -1.281376245405727587e-01 3.369761446572265284e-01 9.126136294930212722e-01
 2.893509793785799644e+00 -1.053875331896136913e-02 -1.677520875683690704e+01 1.922452118475767580e-01 -1.277988128880591101e-01 3.368821764391720652e-01 9.128086552743076565e-01
 2.911393602837542893e+00 -2.544621991910078762e-02 -1.690655442531418728e+01 1.919281259848741872e-01 -1.275880222898791994e-01 3.368943421005469729e-01 9.129003742384659281e-01
 2.930525111043728703e+00 -4.325188276825997491e-02 -1.704458003134997668e+01 1.917135229703928190e-01 -1.276489484595111079e-01 3.368302617801594567e-01 9.129605937917425473e-01
 2.951700025567026930e+00 -6.422632625835422715e-02 -1.718793835146472304e+01 1.916243037405379324e-01 -1.279032907678062103e-01 3.368988146801965566e-01 9.129184317855559838e-01
 2.973440800351883517e+00 -8.478530089685509807e-02 -1.734006262095501683e+01 1.918604810944423422e-01 -1.281973286919381727e-01 3.368897829349713491e-01 9.128309125267879409e-01
 2.996289274633904043e+00 -1.072980998070396375e-01 -1.749650777861171846e+01 1.922242244970864544e-01 -1.286999289401108137e-01 3.369713523715739401e-01 9.126535396787638366e-01
 3.021929368405313454e+00 -1.300011907664235800e-01 -1.766087187403939041e+01 1.926578251657978524e-01 -1.292017959865645604e-01 3.370738192103649999e-01 9.124533405709955858e-01
 3.049206782577249086e+00 -1.549054335377855196e-01 -1.782958311221458558e+01 1.932332602247454900e-01 -1.299489231211638507e-01 3.371002186616104401e-01 9.122157788050260230e-01
 3.079812055757765954e+00 -1.799616861644532939e-01 -1.800447970669634046e+01 1.940434626990708011e-01 -1.305680103726735153e-01 3.370706125942791731e-01 9.119662994740503903e-01
 3.115158835968238726e+00 -2.050529289952298662e-01 -1.818707824254690664e+01 1.950608938244030310e-01 -1.313357500118607912e-01 3.368328063253437921e-01 9.117268390544618351e-01
 3.149029619959152093e+00 -2.375422147671368833e-01 -1.837292365916593084e+01 1.958375264535928695e-01 -1.317957775125090103e-01 3.366618438978800087e-01 9.115570959219675418e-01
 3.193230345344036714e+00 -2.653483887654961570e-01 -1.856907550639114390e+01 1.971806500856455868e-01 -1.323728922459772306e-01 3.362134023837201613e-01 9.113494152561901762e-01
 3.239519210029115914e+00 -2.970013194503264842e-01 -1.877138806358314937e+01 1.983715902886545035e-01 -1.327825142258854119e-01 3.354687615494023611e-01 9.113057807929856313e-01
 3.294031141939359308e+00 -3.293535424199101058e-01 -1.898842335594801511e+01 1.996386138330420168e-01 -1.330646173383821518e-01 3.343781718059870012e-01 9.113887588176065035e-01
 3.347772111877518775e+00 -3.588755903556153370e-01 -1.919596201612240449e+01 2.009499956491405392e-01 -1.330859886142971293e-01 3.332235997657775894e-01 9.115202967802211731e-01
 3.408073475231965688e+00 -3.860886325430490373e-01 -1.941805649943643175e+01 2.023124728266499639e-01 -1.329220803284998642e-01 3.316384032728373343e-01 9.118208998342562932e-01
 3.470994060292330818e+00 -4.085801137498386026e-01 -1.964556293673467380e+01 2.037695895909835408e-01 -1.323822841809562112e-01 3.297700108436919519e-01 9.122525007590311930e-01
 3.533325107852272939e+00 -4.203991676545228984e-01 -1.988147477339457581e+01 2.052853257025634426e-01 -1.316352742031323686e-01 3.274751081437473621e-01 9.128472726490997058e-01
 3.597487899498744923e+00 -4.198413785107426577e-01 -2.015041933803915342e+01 2.069241561352605785e-01 -1.305239676800390991e-01 3.246397778922868738e-01 9.136492226663452954e-01
 3.638078579520656941e+00 -4.102598761477684874e-01 -2.038931648671303165e+01 2.081966301611474779e-01 -1.289873272203890253e-01 3.214525170499161200e-01 9.147047129474932259e-01
 3.675098981789900243e+00 -3.901193854587869936e-01 -2.065916607732716770e+01 2.096309954313712587e-01 -1.270333609005095954e-01 3.176312021804805763e-01 9.159846016031907290e-01
 3.705008528266712009e+00 -3.631615731246844447e-01 -2.093789803891620238e+01 2.111664365947796551e-01 -1.245902197020047619e-01 3.133175907872615129e-01 9.174519608751923183e-01
 3.729831921822975183e+00 -3.312971298374174367e-01 -2.121275135647804078e+01 2.127653728058058746e-01 -1.216853843801132817e-01 3.082797466929411145e-01 9.191774372459360354e-01
 3.747639879954205000e+00 -3.041017954655664823e-01 -2.150527251505215887e+01 2.140916662747585353e-01 -1.180895006280530957e-01 3.027842109440010976e-01 9.211630419617004017e-01
 3.761062391232554702e+00 -2.732932907705087899e-01 -2.179669199453001838e+01 2.153686522023232075e-01 -1.140903748958132374e-01 2.966436471564600219e-01 9.233646498574663575e-01
 3.769276111348152547e+00 -2.435866996272260110e-01 -2.208206470093908180e+01 2.166450001113786328e-01 -1.097108182931477993e-01 2.897890404147228649e-01 9.257703777566567149e-01
 3.772829835520169262e+00 -2.183089114078855530e-01 -2.236115128580836853e+01 2.177268583133176727e-01 -1.050122225559527722e-01 2.822989405759259718e-01 9.283721002015201673e-01
 3.768561200712968073e+00 -1.949890929006641294e-01 -2.264643134750216191e+01 2.187648892481068308e-01 -9.967812954220918453e-02 2.746170760825271118e-01 9.310164634672760675e-01
 3.758539476030885673e+00 -1.771195687593665191e-01 -2.292892049003771859e+01 2.197487928214633401e-01 -9.414246087792327300e-02 2.663532236159948940e-01 9.337577980304776482e-01
 3.738269365951556900e+00 -1.699641466463583939e-01 -2.320701073406375770e+01 2.206263819183612029e-01 -8.832149588735657697e-02 2.577415390672904150e-01 9.365322268908088388e-01
 3.705401134079943759e+00 -1.724764836308612104e-01 -2.348670428436846791e+01 2.214726629435757321e-01 -8.224964373642304483e-02 2.487793284393404747e-01 9.393049033275530091e-01
 3.661757372385225473e+00 -1.903019512639843036e-01 -2.376011465240252818e+01 2.222746872581363997e-01 -7.598969207204647747e-02 2.395892567745191160e-01 9.420278754587503300e-01
 3.609503456577865421e+00 -2.213390653877120862e-01 -2.402747107073282606e+01 2.229149716101664347e-01 -6.956626770565491058e-02 2.301336557153288442e-01 9.447263891395447644e-01
 3.553594090171682041e+00 -2.632478340919361948e-01 -2.428373429684281248e+01 2.234637181269566730e-01 -6.308719494845801967e-02 2.204818756170892069e-01 9.473498377256321934e-01
 3.500188863724872146e+00 -3.088732299878378385e-01 -2.454705050386269960e+01 2.239758220762206320e-01 -5.649967719100644492e-02 2.106162575412470206e-01 9.498859982450064132e-01
 3.451174107875627062e+00 -3.540434238859040406e-01 -2.480540460655403479e+01 2.244942344099858100e-01 -4.988569348061890757e-02 2.006841831555750688e-01 9.522812688139002946e-01
 3.408192670693662940e+00 -3.985709607951091193e-01 -2.506142886409605097e+01 2.247997393117187603e-01 -4.329658816903866891e-02 1.907361767385387930e-01 9.545733044357929131e-01
 3.369709668392315116e+00 -4.404609314062239989e-01 -2.531681816973620158e+01 2.251105130199811122e-01 -3.675472905560413922e-02 1.808078100232320407e-01 9.567041771909083892e-01
 3.333647646245763596e+00 -4.809569835641238633e-01 -2.557106539173302906e+01 2.252520437028117106e-01 -3.030345888953627290e-02 1.709731555051125784e-01 9.587029765697306916e-01
 3.300701827481732131e+00 -5.174638071357136049e-01 -2.582402945149245710e+01 2.254094908136431152e-01 -2.401932859195210837e-02 1.612832718025986600e-01 9.605213894243974648e-01
 3.271666866960817099e+00 -5.548097650305365836e-01 -2.606689104041129923e+01 2.252978712213914714e-01 -1.787844972102246507e-02 1.519692346426275986e-01 9.621988266365826270e-01
 3.243912092820798065e+00 -5.869237148915718016e-01 -2.632132474897845142e+01 2.254048213091489339e-01 -1.202292947637839844e-02 1.425329983089362040e-01 9.637076631896528411e-01
 3.216517417993494110e+00 -6.207571762581802766e-01 -2.656753263960800382e+01 2.253183212950026770e-01 -6.280050145568047762e-03 1.336716934173228510e-01 9.650513423843917193e-01
 3.191428091603156769e+00 -6.534991634406399630e-01 -2.681207554158175554e+01 2.247876992721556388e-01 -1.001390348122116643e-03 1.250431033998455899e-01 9.663507177859584907e-01
 3.166697590741683666e+00 -6.864483532909120278e-01 -2.705287667644942218e+01 2.242241638983066554e-01 3.927330504099134541e-03 1.168316009689049501e-01 9.675011511177955548e-01
 3.143680400381054341e+00 -7.175636015574353710e-01 -2.729059011072151719e+01 2.236536037514104958e-01 8.475146743231878194e-03 1.091992809695340322e-01 9.684950977947305306e-01
 3.122021770723949707e+00 -7.464540911058616945e-01 -2.752147545273821194e+01 2.231825714474080791e-01 1.245634658173033066e-02 1.019137828355955733e-01 9.693544037657730872e-01
 3.099836583456052175e+00 -7.773160270691412688e-01 -2.776276866775976515e+01 2.226256176139279896e-01 1.621488536707050773e-02 9.542895305310079845e-02 9.700867109664677024e-01
 3.078538162202439921e+00 -8.061469176850855067e-01 -2.799574243573798427e+01 2.222055671911070396e-01 1.943783619911844743e-02 8.955178356395739059e-02 9.706839519090076918e-01
 3.059989780467812004e+00 -8.341519504417760356e-01 -2.822572440410750971e+01 2.218225374989775123e-01 2.197969034474946820e-02 8.452268812743006510e-02 9.711681472647138991e-01
 3.040590692428881248e+00 -8.627709063799686717e-01 -2.845447228462456124e+01 2.214113233504423350e-01 2.403577655128920007e-02 8.023602707667321088e-02 9.715768046308711492e-01
 3.021441037850331135e+00 -8.896003211871725824e-01 -2.867977090344552948e+01 2.211975675323890611e-01 2.547774907865216903e-02 7.694468033730332557e-02 9.718549462689531904e-01
 3.003150230659294539e+00 -9.152416732939077093e-01 -2.890366294828483973e+01 2.211833574686782045e-01 2.631826799682568038e-02 7.459667795521882083e-02 9.720188304691301795e-01
 2.985892611540701402e+00 -9.415503728443097575e-01 -2.912401604520969300e+01 2.212661942333590537e-01 2.643208839407055685e-02 7.332679088830430791e-02 9.720935128528718217e-01
 2.966399719228464349e+00 -9.703377867532114731e-01 -2.934690813329845227e+01 2.212078848609092818e-01 2.595568271678014294e-02 7.323718652624648662e-02 9.721263748709775276e-01
 2.950473071590145047e+00 -9.977596080842454640e-01 -2.956572182858866427e+01 2.210105965475190892e-01 2.445782201870195030e-02 7.417818354660297986e-02 9.721387391939165790e-01
 2.933338567432274502e+00 -1.022847715925568890e+00 -2.978091384178786782e+01 2.208653191544534267e-01 2.240161211660001567e-02 7.638099623635587199e-02 9.720507301490599605e-01
 2.916429711951426640e+00 -1.050918286613757413e+00 -2.999844515543798096e+01 2.205530229546210086e-01 1.935966235058845727e-02 8.002307017598346561e-02 9.718939632382018745e-01
 2.899362476882658690e+00 -1.076300149333368816e+00 -3.021062265909119304e+01 2.205143141912173643e-01 1.556404796109738496e-02 8.488145404943936434e-02 9.715587148527332628e-01
 2.882376186011006425e+00 -1.102494637724807935e+00 -3.042123208356529673e+01 2.204135177049765526e-01 1.093555232094594459e-02 9.123064118267004696e-02 9.710691350350668660e-01
 2.865240171712774231e+00 -1.128980768941371338e+00 -3.062920685643232943e+01 2.202552635282561677e-01 5.354944386700663181e-03 9.921790591543225291e-02 9.703683582044864142e-01
 2.849836513238321878e+00 -1.155560146557716994e+00 -3.083627779796465873e+01 2.202159848290879685e-01 -1.359320509075683100e-03 1.085945123932270384e-01 9.693865607442605503e-01
 2.833953322561917787e+00 -1.182907685649575269e+00 -3.103637408016995280e+01 2.200797325411810723e-01 -9.039626093553458641e-03 1.197866657682123970e-01 9.680569979029260974e-01
 2.818238190815290256e+00 -1.210208253524689415e+00 -3.124249579744393301e+01 2.199955826019088789e-01 -1.759378059909906533e-02 1.324704492442835557e-01 9.663042908923127339e-01
 2.802081017194497203e+00 -1.237408997690027324e+00 -3.144181767260083049e+01 2.198472261233979652e-01 -2.709119086961430875e-02 1.466272365545932266e-01 9.640714278742406051e-01
 2.785578247013552389e+00 -1.264190679479622492e+00 -3.163919484389344206e+01 2.197007177391253063e-01 -3.720444663977230670e-02 1.619190458195695625e-01 9.613166212939531219e-01
 2.771703618481279552e+00 -1.289222182158810792e+00 -3.183338645583184245e+01 2.195939087360447850e-01 -4.800643263853849457e-02 1.780427908388726999e-01 9.580055648594388851e-01
 2.756323940583070176e+00 -1.317145432389347448e+00 -3.203050241504809037e+01 2.191547078752029976e-01 -5.912225494278255250e-02 1.947716575556159846e-01 9.542220781346725245e-01
 2.739835746195367516e+00 -1.344422901332313458e+00 -3.222341275591270460e+01 2.187108523345840383e-01 -7.044159504908346914e-02 2.117903430368005269e-01 9.499202047300474572e-01
 2.722571266189995676e+00 -1.371907618961581754e+00 -3.241294193720918315e+01 2.182321135815246671e-01 -8.174407818120746350e-02 2.289956116655908480e-01 9.451209764479608921e-01
 2.707417119331080091e+00 -1.396707649695220432e+00 -3.259984844435292928e+01 2.177587925658728829e-01 -9.308307889178013550e-02 2.459448324221590876e-01 9.399083934560410469e-01
 2.690422158300399769e+00 -1.423267713746970919e+00 -3.278169452993422794e+01 2.171440621219946077e-01 -1.040779456678338627e-01 2.624291510200882360e-01 9.344234469476879745e-01
 2.671714692675101865e+00 -1.448277874441576074e+00 -3.296364890118233149e+01 2.165025966568540072e-01 -1.147396564139640390e-01 2.781731805332540719e-01 9.287524527659988260e-01
 2.654456502554230823e+00 -1.472802787599436947e+00 -3.314280864303631802e+01 2.158337579221185909e-01 -1.248607353917573909e-01 2.930113842298116555e-01 9.230221635531704605e-01
 2.630352440336205078e+00 -1.498884282591182782e+00 -3.331523222268616280e+01 2.151097412535913078e-01 -1.341472169662436820e-01 3.066647318576169456e-01 9.174361370867840648e-01
 2.605452326397251994e+00 -1.520765630376189392e+00 -3.347310699338476780e+01 2.146991229643678278e-01 -1.426079333983814312e-01 3.188478249460809377e-01 9.120873469450869742e-01
 2.560461431048094649e+00 -1.551907283233123103e+00 -3.364179167215666411e+01 2.140390407876666123e-01 -1.501542935232162979e-01 3.296518180264526587e-01 9.071773013182672374e-01
 2.487729356529076785e+00 -1.564724374176440946e+00 -3.355845592191243298e+01 2.136007411900446851e-01 -1.564785352516843697e-01 3.383878183200928480e-01 9.029855346466625354e-01
 2.459508186341389013e+00 -1.559046849164782422e+00 -3.340515192460372162e+01 2.132423738268425240e-01 -1.615252712155331727e-01 3.451647056373594591e-01 8.996102504672325306e-01
 2.439344494686334297e+00 -1.549555409560115393e+00 -3.325352211915782874e+01 2.135149723071164407e-01 -1.644944070755359755e-01 3.469312457160562135e-01 8.983271438554356614e-01
 2.423583411033668256e+00 -1.539174865164135042e+00 -3.310356913044603289e+01 2.134692412837456421e-01 -1.662081462800397702e-01 3.473109933421700823e-01 8.978757202639852109e-01
 2.410274473006827289e+00 -1.527595261658976966e+00 -3.295666392895838470e+01 2.135225044403961103e-01 -1.668142128861216378e-01 3.474665618700454872e-01 8.976904515805516072e-01
 2.396371401466867557e+00 -1.517180219181813783e+00 -3.281218822995705864e+01 2.136864246326272143e-01 -1.660912362675218967e-01 3.472687860304896068e-01 8.978620180249083926e-01
 2.384738173641898662e+00 -1.506592449446215731e+00 -3.267040547947188145e+01 2.142251181573484042e-01 -1.626343773114891644e-01 3.404939862617843427e-01 9.009558831521853328e-01
 2.372880491458631891e+00 -1.495876185316984852e+00 -3.252945216799653849e+01 2.149005054363341272e-01 -1.572680778500004650e-01 3.307985380333567371e-01 9.053490220282829348e-01
 2.361891221134570173e+00 -1.485470174768658502e+00 -3.239426738779318526e+01 2.156623625774324871e-01 -1.503991019512127547e-01 3.183856028705854269e-01 9.107691603169942862e-01
 2.349036297479594637e+00 -1.474860905999695326e+00 -3.226210947129585094e+01 2.165244922482386369e-01 -1.418040355155350818e-01 3.036297176193544223e-01 9.169611520378290193e-01
 2.339112857087746633e+00 -1.462931520596711721e+00 -3.213467326224431275e+01 2.174145087909562235e-01 -1.320921259357916988e-01 2.866015738635016574e-01 9.236569382037435050e-01
 2.328918470752614933e+00 -1.450338696166225461e+00 -3.201022586116354773e+01 2.183899906855748529e-01 -1.212603968013763883e-01 2.678198514118116935e-01 9.305236457638690339e-01
 2.318037800140491544e+00 -1.437557801606090813e+00 -3.188837981813388467e+01 2.192867332991007001e-01 -1.094063313991277542e-01 2.474487440354558032e-01 9.373967688892835826e-01
 2.308094680638177465e+00 -1.426231886762789891e+00 -3.176787460641955363e+01 2.199906121316514418e-01 -9.677724962014214172e-02 2.257291561802353963e-01 9.440787268973180879e-01
 2.297721590842742856e+00 -1.415306619748870176e+00 -3.165180999046932797e+01 2.205194447443944439e-01 -8.347863055673269972e-02 2.032240014179018950e-01 9.503170512927214819e-01
 2.288856697668571805e+00 -1.402891794354052646e+00 -3.154080933451825430e+01 2.210473108024736399e-01 -6.996595107371504640e-02 1.800656422919188482e-01 9.559389188349557420e-01
 2.280656654117002802e+00 -1.391685547936058143e+00 -3.143171780266953164e+01 2.213544573702637130e-01 -5.625343550019788752e-02 1.564898691412495990e-01 9.609103371558118667e-01
 2.273218199320240718e+00 -1.380098025304411724e+00 -3.132653210735661986e+01 2.215761175134116356e-01 -4.257836994814849507e-02 1.330332659274147400e-01 9.650871757084575897e-01
 2.266162473705419789e+00 -1.369213374167910224e+00 -3.122560905736452241e+01 2.215623727016821087e-01 -2.917897358408899286e-02 1.099671989787462112e-01 9.684864055071443767e-01
 2.260347408286239368e+00 -1.357095010574543847e+00 -3.112730318970446319e+01 2.215222636868350858e-01 -1.630551441370228782e-02 8.773998627294307684e-02 9.710631862549361504e-01
 2.255691642817698295e+00 -1.346169412566370571e+00 -3.103226201875133938e+01 2.213379990633524697e-01 -4.174228302232866651e-03 6.652916125004949832e-02 9.729162022970310186e-01
 2.251028827676913036e+00 -1.335593702241426151e+00 -3.094184317893376601e+01 2.211129609224871950e-01 7.039360036769672958e-03 4.673989009387383153e-02 9.741020935181159413e-01
 2.245965895784088673e+00 -1.325989941241437098e+00 -3.085532204803964618e+01 2.208531931072428844e-01 1.722729767521403998e-02 2.887298489209325428e-02 9.747273660119354366e-01
 2.241327810064048798e+00 -1.317343040270334331e+00 -3.077125558111263004e+01 2.206064025814293283e-01 2.610730133507919992e-02 1.315662697713224950e-02 9.749246776667745973e-01
 2.236800475060396920e+00 -1.308698096908619268e+00 -3.069271561198696929e+01 2.204622191001165687e-01 3.341749440114217401e-02 -4.897814934089831507e-05 9.748228960270387544e-01
 2.233199525495874749e+00 -1.301089796442667312e+00 -3.061875386647935926e+01 2.204068556276609914e-01 3.908814328881544259e-02 -1.047490413442447865e-02 9.745682179457398897e-01
 2.229368303926298367e+00 -1.294827634353035828e+00 -3.054925494306615263e+01 2.195160403747240530e-01 4.256738834356917772e-02 -1.787479336593944881e-02 9.745158886493002770e-01
 2.225956859456263093e+00 -1.288868775755295015e+00 -3.048335360831978491e+01 2.191222275076969983e-01 4.436676680704316339e-02 -2.220252604185565456e-02 9.744352658091328667e-01
 2.222708717831600733e+00 -1.284840332620288406e+00 -3.042172918122550840e+01 2.191209865226721176e-01 4.420828677614391244e-02 -2.205756260108653749e-02 9.744460398491793240e-01
 2.219740416412317341e+00 -1.280893484557326323e+00 -3.036344885901512214e+01 2.193841360476825875e-01 4.318078468125118724e-02 -2.177651383184765754e-02 9.744392254677840537e-01
 2.216930517800770772e+00 -1.277993929763834968e+00 -3.030972368241896575e+01 2.199565007535491112e-01 4.093433007981846228e-02 -1.918184396016615195e-02 9.744616848596245884e-01
 2.214108534065050815e+00 -1.275508939558690935e+00 -3.025973900462092914e+01 2.208951177848764436e-01 3.735893303055629056e-02 -1.345561098862308076e-02 9.744888935203658287e-01
 2.211778437711114265e+00 -1.273882309934459611e+00 -3.021016701095515700e+01 2.220311195889847766e-01 3.279087040702522576e-02 -5.689428542492673026e-03 9.744714316771281304e-01
 2.209055264184151657e+00 -1.271768577756520191e+00 -3.016246438038702138e+01 2.234221032864843193e-01 2.736955797832020185e-02 4.013124893338265199e-03 9.743291876402480067e-01
 2.206894942087807898e+00 -1.270444077644230729e+00 -3.011636309685228241e+01 2.248610261166465174e-01 2.107097753528355474e-02 1.526899399106362680e-02 9.740433207316691044e-01
 2.204600106455322006e+00 -1.269698599430575392e+00 -3.007034631955637849e+01 2.258208208571181042e-01 1.405803580513091157e-02 2.805611867706844439e-02 9.736632799389619564e-01
 2.202075343658146611e+00 -1.269273918829030956e+00 -3.002471605905445173e+01 2.265589055426459053e-01 6.559466296802454917e-03 4.205729283843416544e-02 9.730669143693674306e-01
 2.200073818487982003e+00 -1.269516195026954231e+00 -2.998062875717204534e+01 2.272406933703418064e-01 -1.331725826075878675e-03 5.727863339992930736e-02 9.721517638407735085e-01
 2.200051716285735370e+00 -1.270097745591032723e+00 -2.993914237035804859e+01 2.278227029249517976e-01 -9.582855136375315053e-03 7.331880844626269267e-02 9.708910017336780385e-01
 2.196326232561658820e+00 -1.269901543904480512e+00 -2.989262472252443459e+01 2.283490609778157376e-01 -1.762873337158932241e-02 9.009020494115335675e-02 9.692418114608574164e-01
 2.194843998377391081e+00 -1.270119872983260567e+00 -2.985089739231147377e+01 2.287471018358136210e-01 -2.572486262759478975e-02 1.074710416362010951e-01 9.671933467792969141e-01
 2.193765623139303678e+00 -1.270321238979640111e+00 -2.980856652180462163e+01 2.291061181908337629e-01 -3.351680103319235049e-02 1.250265965069775331e-01 9.647566329504611016e-01
 2.194725822342443067e+00 -1.271352320172923545e+00 -2.976926555227231930e+01 2.292122273231642082e-01 -4.105408682240412055e-02 1.426134398911071965e-01 9.619967378131581981e-01
 2.192291461122167107e+00 -1.271676401872553264e+00 -2.972606252464531451e+01 2.292950563402983977e-01 -4.791176831011159654e-02 1.602764860424646109e-01 9.588741771563030758e-01
 2.192010784085225872e+00 -1.272302607738978519e+00 -2.968541749583321376e+01 2.291865936048185226e-01 -5.427462374811509865e-02 1.776548242033684777e-01 9.554928225612637771e-01
 2.191970174218692335e+00 -1.272904905874702397e+00 -2.964526812776224318e+01 2.288624458957952135e-01 -5.981380895180108542e-02 1.945924438078949770e-01 9.519338579597550476e-01
 2.191755612669606279e+00 -1.273258315795618767e+00 -2.960546956595433699e+01 2.278569772423187645e-01 -6.446352708162209066e-02 2.108903590815799090e-01 9.483938570259894396e-01
 2.191319934875270548e+00 -1.273691007118434193e+00 -2.956574437069074079e+01 2.267705506348945965e-01 -6.826338261822520459e-02 2.265279000541794707e-01 9.447752846340278232e-01
 2.191264583695513579e+00 -1.274162999256065021e+00 -2.952674154926581096e+01 2.255335393694075374e-01 -7.116997280193398945e-02 2.413203280973194031e-01 9.411875247993262139e-01
 2.191134362132049151e+00 -1.274278123330462975e+00 -2.948790463382742644e+01 2.244150458166651874e-01 -7.337171648786559863e-02 2.552962336269221089e-01 9.375917616567652768e-01
 2.191028916855374042e+00 -1.274190038299837902e+00 -2.945010115562826769e+01 2.232719452117586656e-01 -7.480192153542167266e-02 2.684064725577834376e-01 9.340836560528472665e-01
 2.191021835790779360e+00 -1.273867951666421305e+00 -2.941188613934882312e+01 2.222487958086794557e-01 -7.568110878719261359e-02 2.805988736299486197e-01 9.306675639840131797e-01
 2.191037818715477314e+00 -1.273425765697830947e+00 -2.937477130447373952e+01 2.212673379141859853e-01 -7.592878158998984939e-02 2.917502411497980841e-01 9.274467004025965799e-01
 2.190956838078340851e+00 -1.273053209243398598e+00 -2.933825544313393863e+01 2.203467617742909668e-01 -7.575405621716473081e-02 3.019616558839945397e-01 9.244067210476277774e-01
 2.190732374439280150e+00 -1.272132695149938542e+00 -2.930142233802251894e+01 2.196127414828274171e-01 -7.510950567184297710e-02 3.110148495236470523e-01 9.216282164256428544e-01
 2.190411131449168103e+00 -1.271419325255474853e+00 -2.926556498227689573e+01 2.189666718509455379e-01 -7.416966592159043858e-02 3.189379502464155247e-01 9.191469094591001587e-01
 2.189326412563022295e+00 -1.269928146970319638e+00 -2.922967482004276718e+01 2.186996899597705157e-01 -7.232422652440126387e-02 3.231899535225500886e-01 9.178713993862317455e-01
 2.187588069624621490e+00 -1.267554540407131114e+00 -2.919391509260973550e+01 2.188162887244320676e-01 -6.942515138974603151e-02 3.223828392588782288e-01 9.183511774341889256e-01
 2.185989685606434030e+00 -1.264905434975425180e+00 -2.915883508465957874e+01 2.189713602792476566e-01 -6.665700697860207913e-02 3.216238809040199431e-01 9.187853209702184776e-01
 2.184362306464827874e+00 -1.262936962068637037e+00 -2.912800008528279605e+01 2.190475252212934210e-01 -6.413543548890052182e-02 3.208864250754225322e-01 9.192044004525822265e-01
 2.183048387095474663e+00 -1.261072572545253401e+00 -2.910118226341780812e+01 2.191564701397375747e-01 -6.199151811026894915e-02 3.202580568376879877e-01 9.195445994125693856e-01
 2.181990640656892300e+00 -1.259488023704779636e+00 -2.907839226617311823e+01 2.192495252575376030e-01 -6.033850678456312983e-02 3.197837397868508180e-01 9.197974070637997546e-01
 2.181091478052304744e+00 -1.258418376269166750e+00 -2.906021699954616366e+01 2.192609013989755551e-01 -5.911570371296560183e-02 3.194137623924118152e-01 9.200026299345853698e-01
 2.180436200553655723e+00 -1.257507380741690994e+00 -2.904616677921011814e+01 2.193135982571700338e-01 -5.855803573541307899e-02 3.193030456241819359e-01 9.200641646784339933e-01
 2.180051831336981216e+00 -1.255864112020414147e+00 -2.903697379659099909e+01 2.194734239134378539e-01 -5.857061349741166795e-02 3.193177862032504644e-01 9.200201361081749019e-01
 2.179844619092790481e+00 -1.256259190315120122e+00 -2.903084370394341818e+01 2.192862438386382062e-01 -5.948630530945131500e-02 3.195291442014570049e-01 9.199326327235363143e-01
 2.178690173834374910e+00 -1.254270649486244338e+00 -2.902834663663874437e+01 2.196650938132448661e-01 -5.886931966462340127e-02 3.103988287714967709e-01 9.230028260300864318e-01
 2.177111840002695864e+00 -1.251875415855589146e+00 -2.902458669365789490e+01 2.201175228791371341e-01 -5.852862157253578557e-02 2.995298843125581145e-01 9.265012277283161124e-01
 2.175084320724763209e+00 -1.248958475818801261e+00 -2.902005655247863913e+01 2.207092838610610064e-01 -5.845078809721906271e-02 2.870939268930046695e-01 9.302945740621654247e-01
 2.173053426534711008e+00 -1.245522444136389240e+00 -2.901369941076052683e+01 2.213825982657202929e-01 -5.857982014543883231e-02 2.732458091194555072e-01 9.342884338658489218e-01
 2.170912887752688647e+00 -1.241778522784163119e+00 -2.900622511814548332e+01 2.220956020179846169e-01 -5.891036833716685461e-02 2.581678108257745019e-01 9.383775857937333154e-01
 2.168636167979809404e+00 -1.237454427580855665e+00 -2.899732085045553731e+01 2.229846553284758892e-01 -5.941177638165411751e-02 2.419995452382505963e-01 9.424353051640718126e-01
 2.166309098721503901e+00 -1.232688188514288630e+00 -2.898715679274237900e+01 2.239103809991853378e-01 -6.001884190557619375e-02 2.248650590962448514e-01 9.464130097873525438e-01
 2.163850552614165146e+00 -1.227911665980357281e+00 -2.897614366025274535e+01 2.248450662379114506e-01 -6.070825112491053110e-02 2.071041006567475862e-01 9.501931887384712505e-01
 2.160441704243195815e+00 -1.222825187644497102e+00 -2.896403523234680932e+01 2.258110165643445466e-01 -6.135047696625189895e-02 1.888464425183808970e-01 9.537203599181169889e-01
 2.159057057315115991e+00 -1.217531199504210626e+00 -2.894951142149863088e+01 2.268839343322920088e-01 -6.228780099500078743e-02 1.702373590679935322e-01 9.569028956830795130e-01
 2.156838387112060218e+00 -1.212042486439983691e+00 -2.893415339577513734e+01 2.279555442812220556e-01 -6.312244638380214157e-02 1.514942853780227305e-01 9.597402294849258775e-01
 2.154816865993591346e+00 -1.206358021121568758e+00 -2.891735957147130165e+01 2.291390092158669678e-01 -6.390273718808033021e-02 1.329006114549029782e-01 9.621586054857873549e-01
 2.152887669002764515e+00 -1.200856476894688996e+00 -2.889933129689865865e+01 2.303275724573738970e-01 -6.469609923218622161e-02 1.146241070073181767e-01 9.641705960061255354e-01
 2.151135515594415626e+00 -1.195280409903103802e+00 -2.888030784959057584e+01 2.315668704954906010e-01 -6.541227460624836343e-02 9.682942612818150330e-02 9.657753781575966201e-01
 2.149445204180214120e+00 -1.189869303841990078e+00 -2.885967369292784923e+01 2.329019553946316545e-01 -6.604336331291034423e-02 7.973212859194027391e-02 9.669734955033020274e-01
 2.147777926476300614e+00 -1.184570785485340227e+00 -2.883790968033408220e+01 2.343126886957222488e-01 -6.649896709155583840e-02 6.347618479662295310e-02 9.678048487456564208e-01
 2.146194840671719284e+00 -1.179122779076703376e+00 -2.881468063769974464e+01 2.359159352679889299e-01 -6.681160505343115841e-02 4.823388406214298985e-02 9.682733980364710558e-01
 2.144574857451166050e+00 -1.173929703522772483e+00 -2.879038212338499392e+01 2.376618958690543959e-01 -6.693297990368737849e-02 3.428106932541155616e-02 9.684325519823493433e-01
 2.143089507062131194e+00 -1.169015793661990488e+00 -2.876463971895642047e+01 2.395482245177185943e-01 -6.684372884806748238e-02 2.176201744802279056e-02 9.683361909175380866e-01
 2.141780455082537227e+00 -1.164547261352263607e+00 -2.873760223399958136e+01 2.416211046512083682e-01 -6.662579005468773075e-02 1.095719706439436149e-02 9.680186907902196269e-01
 2.140480256913551038e+00 -1.162664819192522181e+00 -2.871052754113410899e+01 2.432281867799420128e-01 -6.858865410150997988e-02 1.177361336126551798e-02 9.674693936826654905e-01
 2.138961034328748845e+00 -1.160787492845920976e+00 -2.868239901385334889e+01 2.450142300315556743e-01 -6.990397012766676188e-02 1.254553389508912195e-02 9.669147178638463069e-01
 2.137649745396054790e+00 -1.158703454623247753e+00 -2.865252616264032781e+01 2.471593066538865513e-01 -7.074046874766784510e-02 1.335659277248089916e-02 9.662968822495705545e-01
 2.136246956304300060e+00 -1.156463269751680345e+00 -2.862140643224477898e+01 2.494125010122711650e-01 -7.097487530974093406e-02 1.401675216834194493e-02 9.656912043050935868e-01
 2.134661421944362480e+00 -1.154347399754303005e+00 -2.858880630884554819e+01 2.517123279654166490e-01 -7.062096643591453393e-02 1.454454898823537290e-02 9.651124489636514481e-01
 2.133223100221693258e+00 -1.151867723920055653e+00 -2.855481013722653216e+01 2.538767627748220179e-01 -6.981821849668976010e-02 1.486725008163510692e-02 9.645988651060789509e-01
 2.131728926639268717e+00 -1.149354745666654853e+00 -2.851955155851010559e+01 2.537230023224967823e-01 -6.927330542400923774e-02 1.473987645030948833e-02 9.646805602324118878e-01
 2.130224092036936856e+00 -1.146675741666751236e+00 -2.848278530845697532e+01 2.534641969519816351e-01 -6.830770384452986010e-02 1.446886357526753000e-02 9.648215433155582499e-01
 2.128635120381299206e+00 -1.143912180324457406e+00 -2.844457556077807681e+01 2.530579403460245236e-01 -6.696286137438799135e-02 1.396430787465301367e-02 9.650298711076069624e-01
 2.126925265743805582e+00 -1.141100861426117774e+00 -2.840506044849957945e+01 2.524931891410261420e-01 -6.516472816493810993e-02 1.332749060754133755e-02 9.653098599075271569e-01
 2.125144067277238591e+00 -1.138226102455498268e+00 -2.836411333754900710e+01 2.517656889451920232e-01 -6.285844216199720780e-02 1.256519030980250001e-02 9.656629692141033283e-01
 2.123368241707237924e+00 -1.135172798470512001e+00 -2.832161231132355539e+01 2.510235767374895399e-01 -6.010395074486366007e-02 1.164405806398291672e-02 9.660430088451442687e-01
 2.121484161475046371e+00 -1.132058059841002828e+00 -2.827788876959576925e+01 2.500694240678316138e-01 -5.693162817162945172e-02 1.062928873268278659e-02 9.664942271328617052e-01
 2.119503334239299708e+00 -1.128749948883607024e+00 -2.823274814745172279e+01 2.490479977188383987e-01 -5.327383407450227842e-02 9.436712642669856446e-03 9.669787701339360719e-01
 2.117532767054041809e+00 -1.125448531271613151e+00 -2.818613632173753913e+01 2.478821301076983286e-01 -4.924567209968817860e-02 8.150968074979550101e-03 9.675034238038441314e-01
 2.115515224229125302e+00 -1.122035129899153327e+00 -2.813823760268678598e+01 2.465556884654199754e-01 -4.489359638401404368e-02 6.729334883814627397e-03 9.680648601933000696e-01
 2.113461956226666771e+00 -1.118515098165768329e+00 -2.808891505553012280e+01 2.451770456375466645e-01 -4.021658332404953740e-02 5.243690617128538879e-03 9.686296229348430042e-01
 2.111352469857691982e+00 -1.114845681932044474e+00 -2.803824175059555657e+01 2.436998328790533908e-01 -3.524943873907090269e-02 3.582299231057216055e-03 9.692032994452305372e-01
