0.000000000000000000e+00 0.000000000000000000e+00 0.000000000000000000e+00 0.000000000000000000e+00 0.000000000000000000e+00 0.000000000000000000e+00 1.000000000000000000e+00
1.774262338876724243e-01 3.134746849536895752e-02 9.545435756444931030e-02 8.150465786457061768e-03 -1.165543496608734131e-02 5.018242169171571732e-03 9.998862743377685547e-01
3.846110701560974121e-01 6.278633326292037964e-02 2.145399898290634155e-01 1.629219949245452881e-02 -2.328714728355407715e-02 9.266652166843414307e-03 9.995531439781188965e-01
5.821807980537414551e-01 9.794111549854278564e-02 3.341547548770904541e-01 1.632286421954631805e-02 -3.402032703161239624e-02 1.362854614853858948e-02 9.991949200630187988e-01
7.744200229644775391e-01 1.297551989555358887e-01 4.581530690193176270e-01 1.598707213997840881e-02 -4.463004693388938904e-02 1.702604070305824280e-02 9.987305402755737305e-01
9.656337499618530273e-01 1.607721447944641113e-01 5.818510055541992188e-01 1.578790880739688873e-02 -5.531209707260131836e-02 1.947359368205070496e-02 9.981543421745300293e-01
1.147479295730590820e+00 1.994054317474365234e-01 7.017533183097839355e-01 1.608611457049846649e-02 -6.481330096721649170e-02 2.246126718819141388e-02 9.975149035453796387e-01
1.328193664550781250e+00 2.392130345106124878e-01 8.202557563781738281e-01 1.632046140730381012e-02 -7.494415342807769775e-02 2.466963045299053192e-02 9.967489242553710938e-01
1.507257103919982910e+00 2.735205888748168945e-01 9.405539035797119141e-01 1.648404076695442200e-02 -8.435263484716415405e-02 2.649312652647495270e-02 9.959473013877868652e-01
1.683744549751281738e+00 3.073103129863739014e-01 1.059762597084045410e+00 1.656120270490646362e-02 -9.409087896347045898e-02 2.791772224009037018e-02 9.950342774391174316e-01
1.859948635101318359e+00 3.404051661491394043e-01 1.174369931221008301e+00 1.658324524760246277e-02 -1.036481335759162903e-01 2.893757261335849762e-02 9.940546751022338867e-01
2.034542798995971680e+00 3.698676526546478271e-01 1.290503621101379395e+00 1.621409505605697632e-02 -1.123275756835937500e-01 3.035278618335723877e-02 9.930751919746398926e-01
2.207525730133056641e+00 3.966744840145111084e-01 1.403056621551513672e+00 1.574234105646610260e-02 -1.206905618309974670e-01 3.132767975330352783e-02 9.920708537101745605e-01
2.376968383789062500e+00 4.323256909847259521e-01 1.510273933410644531e+00 1.636427827179431915e-02 -1.282056570053100586e-01 3.285257145762443542e-02 9.910682439804077148e-01
2.537022590637207031e+00 4.633999466896057129e-01 1.605773806571960449e+00 1.660375855863094330e-02 -1.352042853832244873e-01 3.367663547396659851e-02 9.901060461997985840e-01
2.701366186141967773e+00 4.893324375152587891e-01 1.702119946479797363e+00 1.695013418793678284e-02 -1.423050761222839355e-01 3.405968099832534790e-02 9.890914559364318848e-01
2.863568305969238281e+00 5.145884752273559570e-01 1.797519326210021973e+00 1.732338406145572662e-02 -1.493770033121109009e-01 3.440041467547416687e-02 9.880298972129821777e-01
3.024731636047363281e+00 5.319906473159790039e-01 1.887757062911987305e+00 1.706265658140182495e-02 -1.562548875808715820e-01 3.451316058635711670e-02 9.869661331176757812e-01
3.178182363510131836e+00 5.519749522209167480e-01 1.973449826240539551e+00 1.750687696039676666e-02 -1.625104546546936035e-01 3.467383980751037598e-02 9.859419465065002441e-01
3.339617013931274414e+00 5.750741362571716309e-01 2.058161258697509766e+00 1.814850047230720520e-02 -1.695548295974731445e-01 3.540866822004318237e-02 9.847172498703002930e-01
3.494119167327880859e+00 6.050257086753845215e-01 2.136818170547485352e+00 1.954397186636924744e-02 -1.753233224153518677e-01 3.649308905005455017e-02 9.836401939392089844e-01
3.649068593978881836e+00 6.265596151351928711e-01 2.210883378982543945e+00 2.028300240635871887e-02 -1.808122992515563965e-01 3.714276105165481567e-02 9.826067090034484863e-01
3.802217006683349609e+00 6.580734848976135254e-01 2.279947996139526367e+00 2.197379060089588165e-02 -1.853213608264923096e-01 3.852712735533714294e-02 9.816765189170837402e-01
3.968626022338867188e+00 6.712214946746826172e-01 2.355740547180175781e+00 2.020834013819694519e-02 -1.912187784910202026e-01 3.862515836954116821e-02 9.805789589881896973e-01
4.140971660614013672e+00 6.876295804977416992e-01 2.434597492218017578e+00 1.909057609736919403e-02 -1.975252330303192139e-01 3.917893022298812866e-02 9.793285131454467773e-01
4.314274787902832031e+00 6.786463260650634766e-01 2.512788295745849609e+00 1.648468524217605591e-02 -2.039606869220733643e-01 3.786730766296386719e-02 9.781075119972229004e-01
4.492768287658691406e+00 6.963392496109008789e-01 2.583197355270385742e+00 1.628170721232891083e-02 -2.098737806081771851e-01 3.839388862252235413e-02 9.768387079238891602e-01
4.670181274414062500e+00 7.243683934211730957e-01 2.650437593460083008e+00 1.777894608676433563e-02 -2.152999192476272583e-01 3.921013325452804565e-02 9.755985140800476074e-01
4.858266353607177734e+00 7.320154905319213867e-01 2.716561079025268555e+00 1.711241714656352997e-02 -2.204667329788208008e-01 3.957751020789146423e-02 9.744409918785095215e-01
5.047931194305419922e+00 7.483705282211303711e-01 2.780677556991577148e+00 1.750107109546661377e-02 -2.251232266426086426e-01 4.014476761221885681e-02 9.733455777168273926e-01
5.237441539764404297e+00 7.532519698143005371e-01 2.834939479827880859e+00 1.739970780909061432e-02 -2.286775410175323486e-01 4.001778736710548401e-02 9.725237488746643066e-01
5.430855751037597656e+00 7.751772403717041016e-01 2.897618770599365234e+00 1.826556771993637085e-02 -2.321458160877227783e-01 4.100620746612548828e-02 9.716445803642272949e-01
5.624384880065917969e+00 7.900911569595336914e-01 2.951707839965820312e+00 1.905570924282073975e-02 -2.347565889358520508e-01 4.145786166191101074e-02 9.709827303886413574e-01
5.811666011810302734e+00 7.903509736061096191e-01 2.995368003845214844e+00 1.900913007557392120e-02 -2.359839528799057007e-01 4.095530509948730469e-02 9.707074165344238281e-01
6.013056755065917969e+00 8.095275163650512695e-01 3.044463396072387695e+00 1.993834786117076874e-02 -2.374936193227767944e-01 4.121841117739677429e-02 9.703093767166137695e-01
6.203846454620361328e+00 8.067138791084289551e-01 3.094820737838745117e+00 1.947272382676601410e-02 -2.381741404533386230e-01 4.013954475522041321e-02 9.701972603797912598e-01
6.392231941223144531e+00 8.201045393943786621e-01 3.140388488769531250e+00 2.016314491629600525e-02 -2.378852367401123047e-01 3.958812355995178223e-02 9.702766537666320801e-01
6.579236984252929688e+00 8.240606784820556641e-01 3.186781883239746094e+00 2.024041861295700073e-02 -2.368678599596023560e-01 3.817008435726165771e-02 9.705807566642761230e-01
6.767865180969238281e+00 8.577924966812133789e-01 3.244326829910278320e+00 2.194529213011264801e-02 -2.357065081596374512e-01 3.789150342345237732e-02 9.708372950553894043e-01
6.949285984039306641e+00 8.822544813156127930e-01 3.290351390838623047e+00 2.299191057682037354e-02 -2.328995168209075928e-01 3.642875701189041138e-02 9.715462327003479004e-01
7.133161067962646484e+00 9.199188947677612305e-01 3.355243206024169922e+00 2.385766990482807159e-02 -2.288672626018524170e-01 3.509195521473884583e-02 9.725323319435119629e-01
7.315060615539550781e+00 9.563359618186950684e-01 3.420097351074218750e+00 2.483545988798141479e-02 -2.244962900876998901e-01 3.328833729028701782e-02 9.735894799232482910e-01
7.486542701721191406e+00 9.704844951629638672e-01 3.476964950561523438e+00 2.411217242479324341e-02 -2.178258895874023438e-01 3.009722568094730377e-02 9.752254486083984375e-01
7.658249378204345703e+00 9.857556819915771484e-01 3.515649557113647461e+00 2.347128465771675110e-02 -2.095904946327209473e-01 2.652357518672943115e-02 9.771475791931152344e-01
7.818718433380126953e+00 9.931906461715698242e-01 3.587672233581542969e+00 2.174285985529422760e-02 -2.007815688848495483e-01 2.223015390336513519e-02 9.791424274444580078e-01
7.989158630371093750e+00 1.004103064537048340e+00 3.649258375167846680e+00 2.032712846994400024e-02 -1.913149207830429077e-01 1.781463250517845154e-02 9.811564683914184570e-01
8.152027130126953125e+00 1.022426962852478027e+00 3.744320392608642578e+00 1.876690424978733063e-02 -1.819611489772796631e-01 1.318214181810617447e-02 9.830382466316223145e-01
8.306657791137695312e+00 1.035786151885986328e+00 3.811512470245361328e+00 1.700128428637981415e-02 -1.707484424114227295e-01 8.531689643859863281e-03 9.851310253143310547e-01
8.516591072082519531e+00 1.075392365455627441e+00 3.903021574020385742e+00 1.625580340623855591e-02 -1.617828011512756348e-01 4.541595466434955597e-03 9.866820573806762695e-01
8.721337318420410156e+00 1.124233245849609375e+00 3.996960639953613281e+00 1.580390520393848419e-02 -1.527592688798904419e-01 8.789004059508442879e-04 9.881366491317749023e-01
8.894879341125488281e+00 1.160866618156433105e+00 4.099956512451171875e+00 1.476415805518627167e-02 -1.430068612098693848e-01 -3.338402835652232170e-03 9.896059632301330566e-01
9.072588920593261719e+00 1.198863387107849121e+00 4.204168796539306641e+00 1.354203093796968460e-02 -1.333400011062622070e-01 -7.679092232137918472e-03 9.909480810165405273e-01
9.248387336730957031e+00 1.227290391921997070e+00 4.276483535766601562e+00 1.254168339073657990e-02 -1.234079375863075256e-01 -1.198815088719129562e-02 9.922043681144714355e-01
9.429172515869140625e+00 1.248785734176635742e+00 4.323776721954345703e+00 1.162973325699567795e-02 -1.134883612394332886e-01 -1.616051234304904938e-02 9.933397769927978516e-01
9.596001625061035156e+00 1.273780345916748047e+00 4.364340305328369141e+00 1.075855363160371780e-02 -1.050910875201225281e-01 -1.958024129271507263e-02 9.942116141319274902e-01
9.733008384704589844e+00 1.319921016693115234e+00 4.457123756408691406e+00 9.528923779726028442e-03 -9.694698452949523926e-02 -2.411784976720809937e-02 9.949516654014587402e-01
9.861314773559570312e+00 1.360986828804016113e+00 4.533178806304931641e+00 8.495177142322063446e-03 -8.965048938989639282e-02 -2.786865457892417908e-02 9.955470561981201172e-01
9.993154525756835938e+00 1.399177551269531250e+00 4.602554798126220703e+00 7.387625053524971008e-03 -8.344371616840362549e-02 -3.129220008850097656e-02 9.959936738014221191e-01
1.012032699584960938e+01 1.446731448173522949e+00 4.702403545379638672e+00 6.303173955529928207e-03 -7.902616262435913086e-02 -3.466388955712318420e-02 9.962497353553771973e-01
1.025128841400146484e+01 1.496527194976806641e+00 4.795517444610595703e+00 5.849771667271852493e-03 -7.659345120191574097e-02 -3.769356384873390198e-02 9.963324666023254395e-01
1.038691711425781250e+01 1.541868209838867188e+00 4.876463890075683594e+00 5.871215835213661194e-03 -7.624467462301254272e-02 -3.960339725017547607e-02 9.962850213050842285e-01
1.052239513397216797e+01 1.586558580398559570e+00 4.958517551422119141e+00 5.966586526483297348e-03 -7.845669984817504883e-02 -4.100574553012847900e-02 9.960559606552124023e-01
1.063969326019287109e+01 1.625679969787597656e+00 5.021759510040283203e+00 6.350313778966665268e-03 -8.262978494167327881e-02 -4.138967394828796387e-02 9.957001805305480957e-01
1.070251941680908203e+01 1.678614497184753418e+00 5.111407756805419922e+00 6.694255862385034561e-03 -8.832330256700515747e-02 -4.183869063854217529e-02 9.951902627944946289e-01
1.075206470489501953e+01 1.732904195785522461e+00 5.198638439178466797e+00 6.832861807197332382e-03 -9.777387231588363647e-02 -4.132200405001640320e-02 9.943269491195678711e-01
1.077847862243652344e+01 1.783164739608764648e+00 5.275099277496337891e+00 5.589214619249105453e-03 -1.091669872403144836e-01 -4.056441783905029297e-02 9.931796789169311523e-01
1.079674148559570312e+01 1.861361145973205566e+00 5.339541912078857422e+00 5.057801958173513412e-03 -1.221554428339004517e-01 -3.851812705397605896e-02 9.917504191398620605e-01
1.080240249633789062e+01 1.938225150108337402e+00 5.373018741607666016e+00 5.039655603468418121e-03 -1.364684253931045532e-01 -3.567845746874809265e-02 9.899888634681701660e-01
1.079182910919189453e+01 2.038618326187133789e+00 5.439528465270996094e+00 5.757976789027452469e-03 -1.513774394989013672e-01 -3.281195461750030518e-02 9.879145026206970215e-01
1.074203777313232422e+01 2.140285491943359375e+00 5.479164123535156250e+00 6.896865088492631912e-03 -1.656541824340820312e-01 -3.015469573438167572e-02 9.856986403465270996e-01
1.067132377624511719e+01 2.265300989151000977e+00 5.563784599304199219e+00 8.391632698476314545e-03 -1.804018020629882812e-01 -2.730452083051204681e-02 9.831781387329101562e-01
1.060529804229736328e+01 2.378428697586059570e+00 5.622575759887695312e+00 1.013209298253059387e-02 -1.955956518650054932e-01 -2.379284799098968506e-02 9.803435802459716797e-01
1.052904605865478516e+01 2.497836112976074219e+00 5.640142440795898438e+00 1.278858631849288940e-02 -2.094168514013290405e-01 -1.977618597447872162e-02 9.775428175926208496e-01
1.047362613677978516e+01 2.645862579345703125e+00 5.678249359130859375e+00 1.670094951987266541e-02 -2.241371273994445801e-01 -1.465812791138887405e-02 9.743042588233947754e-01
1.043890380859375000e+01 2.799976587295532227e+00 5.739816188812255859e+00 2.061062119901180267e-02 -2.393583804368972778e-01 -8.762238547205924988e-03 9.706729650497436523e-01
1.041315937042236328e+01 2.952481031417846680e+00 5.819855690002441406e+00 2.420740760862827301e-02 -2.546648979187011719e-01 -2.559681190177798271e-03 9.667229652404785156e-01
1.039600753784179688e+01 3.090985536575317383e+00 5.901758670806884766e+00 2.708322741091251373e-02 -2.693903744220733643e-01 3.644911572337150574e-03 9.626432657241821289e-01
1.035888481140136719e+01 3.215065240859985352e+00 5.999654293060302734e+00 2.865944057703018188e-02 -2.828403711318969727e-01 9.717094711959362030e-03 9.586894512176513672e-01
1.031951427459716797e+01 3.332118749618530273e+00 6.083401203155517578e+00 2.977269515395164490e-02 -2.944792807102203369e-01 1.590790227055549622e-02 9.550614953041076660e-01
1.027630424499511719e+01 3.436190366744995117e+00 6.146398067474365234e+00 2.960410900413990021e-02 -3.033238649368286133e-01 2.185463719069957733e-02 9.521768093109130859e-01
1.022370910644531250e+01 3.537399768829345703e+00 6.211383819580078125e+00 2.869370393455028534e-02 -3.100298643112182617e-01 2.782840654253959656e-02 9.498861432075500488e-01
1.017677783966064453e+01 3.637004375457763672e+00 6.264347076416015625e+00 2.721138298511505127e-02 -3.144456148147583008e-01 3.397501632571220398e-02 9.482769966125488281e-01
1.013110637664794922e+01 3.736053943634033203e+00 6.318516731262207031e+00 2.494368515908718109e-02 -3.167331516742706299e-01 4.017719998955726624e-02 9.473350644111633301e-01
1.009556961059570312e+01 3.851577520370483398e+00 6.395617485046386719e+00 2.006655372679233551e-02 -3.179692029953002930e-01 4.608110338449478149e-02 9.467679262161254883e-01
1.004288005828857422e+01 3.976192474365234375e+00 6.457221984863281250e+00 1.511106640100479126e-02 -3.158424794673919678e-01 5.206764116883277893e-02 9.472613930702209473e-01
9.995502471923828125e+00 4.084571838378906250e+00 6.529335021972656250e+00 8.064991794526576996e-03 -3.120378255844116211e-01 5.764229595661163330e-02 9.482851624488830566e-01
9.944936752319335938e+00 4.235201358795166016e+00 6.600575447082519531e+00 2.823760965839028358e-03 -3.059176504611968994e-01 6.417614966630935669e-02 9.498883485794067383e-01
9.898480415344238281e+00 4.357400417327880859e+00 6.669870376586914062e+00 -4.669704474508762360e-03 -2.982915043830871582e-01 6.998407840728759766e-02 9.518942236900329590e-01
9.837611198425292969e+00 4.463749885559082031e+00 6.752258300781250000e+00 -1.387769915163516998e-02 -2.887347638607025146e-01 7.535933703184127808e-02 9.543377757072448730e-01
9.776660919189453125e+00 4.571529388427734375e+00 6.840194702148437500e+00 -2.346004359424114227e-02 -2.777374088764190674e-01 8.078157901763916016e-02 9.569670557975769043e-01
9.710492134094238281e+00 4.681835651397705078e+00 6.931039333343505859e+00 -3.308655321598052979e-02 -2.651464045047760010e-01 8.614867925643920898e-02 9.597817659378051758e-01
9.644917488098144531e+00 4.791102886199951172e+00 7.032245635986328125e+00 -4.291633516550064087e-02 -2.517452538013458252e-01 9.140513837337493896e-02 9.625110626220703125e-01
9.580179214477539062e+00 4.893231868743896484e+00 7.132922172546386719e+00 -5.332137271761894226e-02 -2.373217791318893433e-01 9.642715752124786377e-02 9.651616811752319336e-01
9.515915870666503906e+00 4.985855579376220703e+00 7.242637634277343750e+00 -6.427098065614700317e-02 -2.223390489816665649e-01 1.012379974126815796e-01 9.675667881965637207e-01
9.453709602355957031e+00 5.067571163177490234e+00 7.340722560882568359e+00 -7.542906701564788818e-02 -2.060018032789230347e-01 1.058938056230545044e-01 9.698764085769653320e-01
9.398626327514648438e+00 5.143914222717285156e+00 7.434850692749023438e+00 -8.655095845460891724e-02 -1.894202530384063721e-01 1.104612126946449280e-01 9.718164801597595215e-01
9.348999023437500000e+00 5.209891319274902344e+00 7.519453048706054688e+00 -9.789945185184478760e-02 -1.723928749561309814e-01 1.150503903627395630e-01 9.733754992485046387e-01
9.300175666809082031e+00 5.269111633300781250e+00 7.604940414428710938e+00 -1.093551963567733765e-01 -1.550617218017578125e-01 1.192499622702598572e-01 9.745649099349975586e-01
9.253812789916992188e+00 5.326989650726318359e+00 7.681170463562011719e+00 -1.202624067664146423e-01 -1.376524567604064941e-01 1.230616569519042969e-01 9.754202365875244141e-01
9.212487220764160156e+00 5.383024215698242188e+00 7.751064777374267578e+00 -1.307293772697448730e-01 -1.205565780401229858e-01 1.268711835145950317e-01 9.758481979370117188e-01
9.178440093994140625e+00 5.430213451385498047e+00 7.812722206115722656e+00 -1.410808861255645752e-01 -1.042899116873741150e-01 1.306441575288772583e-01 9.757826924324035645e-01
9.145420074462890625e+00 5.472867965698242188e+00 7.870486736297607422e+00 -1.511015295982360840e-01 -8.840612322092056274e-02 1.340496242046356201e-01 9.753888249397277832e-01
9.116193771362304688e+00 5.510163307189941406e+00 7.925489425659179688e+00 -1.604287326335906982e-01 -7.372521609067916870e-02 1.374011784791946411e-01 9.746528267860412598e-01
9.090188026428222656e+00 5.544450759887695312e+00 7.971451282501220703e+00 -1.690567433834075928e-01 -5.956458672881126404e-02 1.406639814376831055e-01 9.736968278884887695e-01
9.070626258850097656e+00 5.573439598083496094e+00 8.008974075317382812e+00 -1.772561371326446533e-01 -4.715561121702194214e-02 1.437179148197174072e-01 9.724720120429992676e-01
9.052946090698242188e+00 5.596958160400390625e+00 8.043749809265136719e+00 -1.852022409439086914e-01 -3.551810979843139648e-02 1.469653397798538208e-01 9.709993600845336914e-01
9.039233207702636719e+00 5.615014553070068359e+00 8.072115898132324219e+00 -1.925059407949447632e-01 -2.473161183297634125e-02 1.499651372432708740e-01 9.694536328315734863e-01
9.029500961303710938e+00 5.628819942474365234e+00 8.092386245727539062e+00 -1.989919543266296387e-01 -1.572568900883197784e-02 1.515289992094039917e-01 9.680877327919006348e-01
9.019126892089843750e+00 5.641334056854248047e+00 8.111711502075195312e+00 -2.047780305147171021e-01 -7.900162599980831146e-03 1.490046679973602295e-01 9.673681259155273438e-01
9.013321876525878906e+00 5.647013664245605469e+00 8.121070861816406250e+00 -2.100986987352371216e-01 -1.459575956687331200e-03 1.464061588048934937e-01 9.666548967361450195e-01
9.008188247680664062e+00 5.651509284973144531e+00 8.133683204650878906e+00 -2.149214446544647217e-01 3.771250834688544273e-03 1.442954987287521362e-01 9.659054875373840332e-01
9.000061035156250000e+00 5.662375926971435547e+00 8.146558761596679688e+00 -2.184650897979736328e-01 8.775105699896812439e-03 1.432567089796066284e-01 9.652323722839355469e-01
8.995251655578613281e+00 5.670641899108886719e+00 8.156781196594238281e+00 -2.214465141296386719e-01 1.219903212040662766e-02 1.424324810504913330e-01 9.646375775337219238e-01
8.990258216857910156e+00 5.678300380706787109e+00 8.167375564575195312e+00 -2.238084524869918823e-01 1.464965008199214935e-02 1.413913667201995850e-01 9.642114043235778809e-01
8.985052108764648438e+00 5.690211772918701172e+00 8.177878379821777344e+00 -2.249579280614852905e-01 1.602757535874843597e-02 1.408146023750305176e-01 9.640063643455505371e-01
8.980912208557128906e+00 5.700613021850585938e+00 8.185864448547363281e+00 -2.252309173345565796e-01 1.658822596073150635e-02 1.404802203178405762e-01 9.639819264411926270e-01
8.976463317871093750e+00 5.706957340240478516e+00 8.196331977844238281e+00 -2.252786457538604736e-01 1.643581874668598175e-02 1.407402902841567993e-01 9.639354348182678223e-01
8.965531349182128906e+00 5.720527648925781250e+00 8.216634750366210938e+00 -2.240985035896301270e-01 1.603053696453571320e-02 1.414746940135955811e-01 9.641098380088806152e-01
8.956156730651855469e+00 5.737226486206054688e+00 8.236564636230468750e+00 -2.217306494712829590e-01 1.354895532131195068e-02 1.420328766107559204e-01 9.646131992340087891e-01
8.945600509643554688e+00 5.754124164581298828e+00 8.258828163146972656e+00 -2.184778302907943726e-01 1.047468278557062149e-02 1.430822610855102539e-01 9.652383923530578613e-01
8.931720733642578125e+00 5.774028778076171875e+00 8.286229133605957031e+00 -2.142277508974075317e-01 6.859946064651012421e-03 1.445612013339996338e-01 9.660028219223022461e-01
8.921099662780761719e+00 5.789525032043457031e+00 8.304514884948730469e+00 -2.089537382125854492e-01 1.582354307174682617e-03 1.419746428728103638e-01 9.675634503364562988e-01
8.906658172607421875e+00 5.814057350158691406e+00 8.331628799438476562e+00 -2.023336291313171387e-01 -5.944611504673957825e-03 1.362449973821640015e-01 9.697747230529785156e-01
8.890165328979492188e+00 5.842553138732910156e+00 8.363224029541015625e+00 -1.943861991167068481e-01 -1.448798924684524536e-02 1.295631378889083862e-01 9.722229838371276855e-01
8.873385429382324219e+00 5.866082668304443359e+00 8.393999099731445312e+00 -1.860125511884689331e-01 -2.378662861883640289e-02 1.227075532078742981e-01 9.745647311210632324e-01
8.854270935058593750e+00 5.896986007690429688e+00 8.428274154663085938e+00 -1.762080341577529907e-01 -3.407252207398414612e-02 1.143362447619438171e-01 9.770961999893188477e-01
8.835927009582519531e+00 5.928209781646728516e+00 8.460337638854980469e+00 -1.656522750854492188e-01 -4.512092843651771545e-02 1.055324971675872803e-01 9.794826507568359375e-01
8.814503669738769531e+00 5.963123321533203125e+00 8.501770973205566406e+00 -1.540729999542236328e-01 -5.683010816574096680e-02 9.616409987211227417e-02 9.817251563072204590e-01
8.795592308044433594e+00 5.994896411895751953e+00 8.539554595947265625e+00 -1.420496553182601929e-01 -6.941901147365570068e-02 8.625494688749313354e-02 9.836477637290954590e-01
8.773089408874511719e+00 6.031540870666503906e+00 8.584980010986328125e+00 -1.295439302921295166e-01 -8.235220611095428467e-02 7.571616023778915405e-02 9.852429032325744629e-01
8.749647140502929688e+00 6.068096160888671875e+00 8.631262779235839844e+00 -1.166243478655815125e-01 -9.529008716344833374e-02 6.509152799844741821e-02 9.864490032196044922e-01
8.724764823913574219e+00 6.107920169830322266e+00 8.678063392639160156e+00 -1.030886322259902954e-01 -1.086383908987045288e-01 5.390802770853042603e-02 9.872509241104125977e-01
8.698799133300781250e+00 6.148388862609863281e+00 8.729454040527343750e+00 -8.940073847770690918e-02 -1.221789196133613586e-01 4.248726367950439453e-02 9.875599741935729980e-01
8.673295974731445312e+00 6.185998916625976562e+00 8.783241271972656250e+00 -7.596901059150695801e-02 -1.356232315301895142e-01 3.110316023230552673e-02 9.873538613319396973e-01
8.644654273986816406e+00 6.224870681762695312e+00 8.835607528686523438e+00 -6.266843527555465698e-02 -1.486196219921112061e-01 1.962285675108432770e-02 9.867116212844848633e-01
8.614527702331542969e+00 6.274600505828857422e+00 8.894199371337890625e+00 -4.867692664265632629e-02 -1.616427153348922729e-01 7.978111505508422852e-03 9.856157898902893066e-01
8.582346916198730469e+00 6.326961040496826172e+00 8.949617385864257812e+00 -3.450364619493484497e-02 -1.742201596498489380e-01 -3.729826770722866058e-03 9.840949773788452148e-01
8.547680854797363281e+00 6.379004478454589844e+00 9.004454612731933594e+00 -2.110062912106513977e-02 -1.860526800155639648e-01 -1.518488489091396332e-02 9.821957945823669434e-01
8.509420394897460938e+00 6.437098979949951172e+00 9.071287155151367188e+00 -7.582980208098888397e-03 -1.973295658826828003e-01 -2.641676552593708038e-02 9.799518585205078125e-01
8.474599838256835938e+00 6.482265472412109375e+00 9.134253501892089844e+00 4.057867918163537979e-03 -2.080916017293930054e-01 -3.740587085485458374e-02 9.773854017257690430e-01
8.442440986633300781e+00 6.522820949554443359e+00 9.206586837768554688e+00 1.417310442775487900e-02 -2.188950330018997192e-01 -4.793757945299148560e-02 9.744670391082763672e-01
8.404811859130859375e+00 6.576593875885009766e+00 9.286090850830078125e+00 2.494516782462596893e-02 -2.285447716712951660e-01 -5.811526253819465637e-02 9.714770317077636719e-01
8.357289314270019531e+00 6.625404834747314453e+00 9.355846405029296875e+00 3.404639661312103271e-02 -2.365062087774276733e-01 -6.770636141300201416e-02 9.686699509620666504e-01
8.316993713378906250e+00 6.687111854553222656e+00 9.431560516357421875e+00 3.585996106266975403e-02 -2.455454319715499878e-01 -6.171251460909843445e-02 9.667539000511169434e-01
8.274386405944824219e+00 6.737823963165283203e+00 9.516000747680664062e+00 3.660384565591812134e-02 -2.540933191776275635e-01 -5.623468756675720215e-02 9.648494124412536621e-01
8.233102798461914062e+00 6.792176246643066406e+00 9.599923133850097656e+00 3.714031353592872620e-02 -2.612840533256530762e-01 -5.219779163599014282e-02 9.631337523460388184e-01
8.183709144592285156e+00 6.847452640533447266e+00 9.686387062072753906e+00 3.732446581125259399e-02 -2.668010592460632324e-01 -4.880370199680328369e-02 9.617911577224731445e-01
8.134285926818847656e+00 6.911419868469238281e+00 9.773644447326660156e+00 3.826121985912322998e-02 -2.710529863834381104e-01 -4.582422226667404175e-02 9.607114195823669434e-01
8.086868286132812500e+00 6.967688083648681641e+00 9.863996505737304688e+00 3.809161484241485596e-02 -2.743579745292663574e-01 -4.372396320104598999e-02 9.598775506019592285e-01
8.033509254455566406e+00 7.034610271453857422e+00 9.958039283752441406e+00 3.818365558981895447e-02 -2.761413455009460449e-01 -4.290925711393356323e-02 9.593991637229919434e-01
7.987120628356933594e+00 7.091828346252441406e+00 1.004462337493896484e+01 3.806901723146438599e-02 -2.765120267868041992e-01 -4.284557327628135681e-02 9.592998027801513672e-01
7.945855617523193359e+00 7.147625446319580078e+00 1.012777233123779297e+01 3.784961625933647156e-02 -2.755579054355621338e-01 -4.318823665380477905e-02 9.595676064491271973e-01
7.900839805603027344e+00 7.194370269775390625e+00 1.019998931884765625e+01 3.711008280515670776e-02 -2.725345492362976074e-01 -4.505563154816627502e-02 9.603737592697143555e-01
7.863727092742919922e+00 7.237791538238525391e+00 1.026558303833007812e+01 3.614436462521553040e-02 -2.683673799037933350e-01 -4.803318902850151062e-02 9.614391922950744629e-01
7.832857608795166016e+00 7.279761791229248047e+00 1.032438945770263672e+01 3.509780392050743103e-02 -2.627838253974914551e-01 -5.178242549300193787e-02 9.628247022628784180e-01
7.802629947662353516e+00 7.316749572753906250e+00 1.037749481201171875e+01 3.433124721050262451e-02 -2.555162310600280762e-01 -5.660774931311607361e-02 9.645352959632873535e-01
7.776696681976318359e+00 7.353950500488281250e+00 1.042468070983886719e+01 3.380938246846199036e-02 -2.467851340770721436e-01 -6.211381033062934875e-02 9.664863348007202148e-01
7.752686977386474609e+00 7.386595726013183594e+00 1.046422481536865234e+01 2.973689138889312744e-02 -2.372490763664245605e-01 -6.970803439617156982e-02 9.684882164001464844e-01
7.737133979797363281e+00 7.412498950958251953e+00 1.049992465972900391e+01 2.394955419003963470e-02 -2.271113693714141846e-01 -7.834731042385101318e-02 9.704167246818542480e-01
7.722791671752929688e+00 7.428657531738281250e+00 1.052435016632080078e+01 1.613003760576248169e-02 -2.155830711126327515e-01 -8.764413744211196899e-02 9.724105596542358398e-01
7.710724353790283203e+00 7.439468860626220703e+00 1.054589653015136719e+01 6.795758847147226334e-03 -2.026376426219940186e-01 -9.816990792751312256e-02 9.742969274520874023e-01
7.707567691802978516e+00 7.448741436004638672e+00 1.055889034271240234e+01 -3.518361365422606468e-03 -1.889331042766571045e-01 -1.092243790626525879e-01 9.758903384208679199e-01
7.701368808746337891e+00 7.449996471405029297e+00 1.056711483001708984e+01 -1.715666241943836212e-02 -1.735414266586303711e-01 -1.109526380896568298e-01 9.784060716629028320e-01
7.696570873260498047e+00 7.453907489776611328e+00 1.057882308959960938e+01 -3.426955267786979675e-02 -1.569243967533111572e-01 -1.037126779556274414e-01 9.815518260002136230e-01
7.688136577606201172e+00 7.460718631744384766e+00 1.059708404541015625e+01 -5.262661725282669067e-02 -1.392188668251037598e-01 -9.530596435070037842e-02 9.842587709426879883e-01
7.673517227172851562e+00 7.461596488952636719e+00 1.063224983215332031e+01 -7.137074321508407593e-02 -1.208475083112716675e-01 -8.753930777311325073e-02 9.862245917320251465e-01
7.653010845184326172e+00 7.479151248931884766e+00 1.066385269165039062e+01 -9.153318405151367188e-02 -1.005565524101257324e-01 -7.791730016469955444e-02 9.876431226730346680e-01
7.632513999938964844e+00 7.497663497924804688e+00 1.070120143890380859e+01 -1.124228984117507935e-01 -8.012320101261138916e-02 -6.776937842369079590e-02 9.881035685539245605e-01
7.608938217163085938e+00 7.521599769592285156e+00 1.074502372741699219e+01 -1.334343403577804565e-01 -5.957767739892005920e-02 -5.693759024143218994e-02 9.876253604888916016e-01
7.583338260650634766e+00 7.548307895660400391e+00 1.079324913024902344e+01 -1.546850949525833130e-01 -3.910127654671669006e-02 -4.516685381531715393e-02 9.861559271812438965e-01
7.553582191467285156e+00 7.578400135040283203e+00 1.084895038604736328e+01 -1.759880632162094116e-01 -1.870332844555377960e-02 -3.344793990254402161e-02 9.836460947990417480e-01
7.521090507507324219e+00 7.608180046081542969e+00 1.091098499298095703e+01 -1.967754960060119629e-01 7.740348228253424168e-04 -2.133747562766075134e-02 9.802160859107971191e-01
7.487131595611572266e+00 7.649003505706787109e+00 1.097136783599853516e+01 -2.171744853258132935e-01 2.019250765442848206e-02 -9.108325466513633728e-03 9.758813977241516113e-01
7.450461387634277344e+00 7.693798542022705078e+00 1.103978538513183594e+01 -2.357426285743713379e-01 3.793891519308090210e-02 2.984953811392188072e-03 9.710701107978820801e-01
7.414729118347167969e+00 7.730911731719970703e+00 1.111140727996826172e+01 -2.550897598266601562e-01 5.463963001966476440e-02 1.642725802958011627e-02 9.652325510978698730e-01
7.376215934753417969e+00 7.774263858795166016e+00 1.118347358703613281e+01 -2.724112868309020996e-01 6.962782144546508789e-02 2.922736667096614838e-02 9.592131376266479492e-01
7.336990356445312500e+00 7.818057060241699219e+00 1.125900077819824219e+01 -2.887172102928161621e-01 8.242177218198776245e-02 4.181880876421928406e-02 9.529429078102111816e-01
7.299735546112060547e+00 7.849254608154296875e+00 1.132826709747314453e+01 -3.032195568084716797e-01 9.409085661172866821e-02 5.375831201672554016e-02 9.467390775680541992e-01
7.257084369659423828e+00 7.896976470947265625e+00 1.140863132476806641e+01 -3.166549801826477051e-01 1.026121824979782104e-01 6.576190143823623657e-02 9.406783580780029297e-01
7.213006496429443359e+00 7.943960189819335938e+00 1.148955440521240234e+01 -3.282476365566253662e-01 1.086034774780273438e-01 7.731546461582183838e-02 9.351369142532348633e-01
7.169084072113037109e+00 7.992218017578125000e+00 1.157102203369140625e+01 -3.379026949405670166e-01 1.116864383220672607e-01 8.920545876026153564e-02 9.302635788917541504e-01
7.123299598693847656e+00 8.041914939880371094e+00 1.165456295013427734e+01 -3.457472324371337891e-01 1.114890575408935547e-01 1.001576483249664307e-01 9.262815117835998535e-01
7.080816268920898438e+00 8.082571029663085938e+00 1.172935962677001953e+01 -3.511196076869964600e-01 1.084000244736671448e-01 1.103932186961174011e-01 9.234597086906433105e-01
7.032013416290283203e+00 8.135519981384277344e+00 1.181288623809814453e+01 -3.540418744087219238e-01 1.014522984623908997e-01 1.195754408836364746e-01 9.219889044761657715e-01
6.979484558105468750e+00 8.189517974853515625e+00 1.190001964569091797e+01 -3.557736277580261230e-01 8.887509256601333618e-02 1.212465241551399231e-01 9.224021434783935547e-01
6.925674438476562500e+00 8.246185302734375000e+00 1.198873710632324219e+01 -3.549045622348785400e-01 7.361578941345214844e-02 1.231823414564132690e-01 9.238233566284179688e-01
6.875905513763427734e+00 8.290415763854980469e+00 1.207376384735107422e+01 -3.518523871898651123e-01 5.577073618769645691e-02 1.268202215433120728e-01 9.257462620735168457e-01
6.821390151977539062e+00 8.348258018493652344e+00 1.216425418853759766e+01 -3.462339639663696289e-01 3.639611974358558655e-02 1.295780688524246216e-01 9.284432530403137207e-01
6.764379024505615234e+00 8.412941932678222656e+00 1.226216411590576172e+01 -3.391433954238891602e-01 1.514314394444227219e-02 1.331892162561416626e-01 9.311353564262390137e-01
6.704835414886474609e+00 8.469159126281738281e+00 1.235957050323486328e+01 -3.309230804443359375e-01 -6.826197728514671326e-03 1.382872462272644043e-01 9.334452152252197266e-01
6.641237258911132812e+00 8.532220840454101562e+00 1.246034908294677734e+01 -3.210219740867614746e-01 -2.958294935524463654e-02 1.436418890953063965e-01 9.356477856636047363e-01
6.579515933990478516e+00 8.593561172485351562e+00 1.256132316589355469e+01 -3.099462091922760010e-01 -5.324471369385719299e-02 1.499055773019790649e-01 9.373508691787719727e-01
6.516165733337402344e+00 8.656091690063476562e+00 1.266643333435058594e+01 -2.981469333171844482e-01 -7.751127332448959351e-02 1.568530946969985962e-01 9.383482933044433594e-01
6.452579498291015625e+00 8.718957901000976562e+00 1.277621459960937500e+01 -2.861351966857910156e-01 -1.021420061588287354e-01 1.644285172224044800e-01 9.384332299232482910e-01
6.441485881805419922e+00 8.732827186584472656e+00 1.278563785552978516e+01 -2.721474468708038330e-01 -1.272094547748565674e-01 1.726528406143188477e-01 9.380536079406738281e-01
6.375581264495849609e+00 8.804274559020996094e+00 1.289609909057617188e+01 -2.584576904773712158e-01 -1.516987383365631104e-01 1.815154403448104858e-01 9.366105198860168457e-01
6.314600944519042969e+00 8.876965522766113281e+00 1.300949001312255859e+01 -2.447778135538101196e-01 -1.777146309614181519e-01 1.889043301343917847e-01 9.342464804649353027e-01
6.246017932891845703e+00 8.958783149719238281e+00 1.312585639953613281e+01 -2.296357601881027222e-01 -2.034783512353897095e-01 1.905289739370346069e-01 9.325034618377685547e-01
6.173200130462646484e+00 9.030115127563476562e+00 1.324484252929687500e+01 -2.158705145120620728e-01 -2.275243848562240601e-01 1.931098848581314087e-01 9.296994805335998535e-01
6.102778911590576172e+00 9.108303070068359375e+00 1.336258697509765625e+01 -2.016772329807281494e-01 -2.510988712310791016e-01 1.948352307081222534e-01 9.264528155326843262e-01
6.030169486999511719e+00 9.197360992431640625e+00 1.348531532287597656e+01 -1.870144158601760864e-01 -2.736334800720214844e-01 1.955815702676773071e-01 9.229832887649536133e-01
5.955776691436767578e+00 9.279255867004394531e+00 1.361004734039306641e+01 -1.738316416740417480e-01 -2.937619984149932861e-01 1.963233947753906250e-01 9.192081093788146973e-01
5.880106449127197266e+00 9.363620758056640625e+00 1.373702526092529297e+01 -1.615964025259017944e-01 -3.122305572032928467e-01 1.972948312759399414e-01 9.151357412338256836e-01
5.800946712493896484e+00 9.452526092529296875e+00 1.386963844299316406e+01 -1.504812687635421753e-01 -3.285128474235534668e-01 1.981963664293289185e-01 9.111272692680358887e-01
5.722371101379394531e+00 9.537033081054687500e+00 1.400476837158203125e+01 -1.406765878200531006e-01 -3.426336944103240967e-01 1.988939791917800903e-01 9.073331356048583984e-01
5.638753890991210938e+00 9.646444320678710938e+00 1.409281349182128906e+01 -1.297634094953536987e-01 -3.524298369884490967e-01 2.005852311849594116e-01 9.048315882682800293e-01
5.533872604370117188e+00 9.748950958251953125e+00 1.420086860656738281e+01 -1.205933690071105957e-01 -3.606888651847839355e-01 2.020474672317504883e-01 9.025173783302307129e-01
5.434561729431152344e+00 9.822561264038085938e+00 1.434763908386230469e+01 -1.141816079616546631e-01 -3.694659471511840820e-01 2.022342234849929810e-01 8.997548818588256836e-01
5.360629558563232422e+00 9.905656814575195312e+00 1.447774505615234375e+01 -1.078675463795661926e-01 -3.760555386543273926e-01 2.023941427469253540e-01 8.977658152580261230e-01
5.290957927703857422e+00 9.982232093811035156e+00 1.463192844390869141e+01 -1.029756963253021240e-01 -3.825005888938903809e-01 2.020459175109863281e-01 8.956934213638305664e-01
5.211651802062988281e+00 1.009799003601074219e+01 1.477909946441650391e+01 -9.742666780948638916e-02 -3.870959281921386719e-01 2.033068090677261353e-01 8.940531611442565918e-01
5.124711513519287109e+00 1.020458507537841797e+01 1.493798446655273438e+01 -9.297139197587966919e-02 -3.909398615360260010e-01 2.041343897581100464e-01 8.926653861999511719e-01
5.046373367309570312e+00 1.031231117248535156e+01 1.510895633697509766e+01 -8.922277390956878662e-02 -3.942796885967254639e-01 2.045135349035263062e-01 8.914914727210998535e-01
4.940143108367919922e+00 1.042940711975097656e+01 1.525287437438964844e+01 -8.500814437866210938e-02 -3.950347304344177246e-01 2.056294530630111694e-01 8.913123607635498047e-01
4.852260112762451172e+00 1.056255340576171875e+01 1.539456844329833984e+01 -8.042152971029281616e-02 -3.949083387851715088e-01 2.067990005016326904e-01 8.915234208106994629e-01
4.765386104583740234e+00 1.067400741577148438e+01 1.555935859680175781e+01 -7.719765603542327881e-02 -3.948899507522583008e-01 2.066796571016311646e-01 8.918441534042358398e-01
4.672241210937500000e+00 1.078891563415527344e+01 1.572141551971435547e+01 -7.411011308431625366e-02 -3.937782049179077148e-01 2.067600041627883911e-01 8.925787210464477539e-01
4.577409744262695312e+00 1.089669513702392578e+01 1.589411735534667969e+01 -7.132656872272491455e-02 -3.923432826995849609e-01 2.060000002384185791e-01 8.936125040054321289e-01
4.490161895751953125e+00 1.101980972290039062e+01 1.606694221496582031e+01 -6.801972538232803345e-02 -3.904218971729278564e-01 2.053951174020767212e-01 8.948502540588378906e-01
4.393136978149414062e+00 1.113617134094238281e+01 1.624755096435546875e+01 -6.501025706529617310e-02 -3.882747888565063477e-01 2.044072151184082031e-01 8.962332606315612793e-01
4.305399417877197266e+00 1.124831199645996094e+01 1.644104194641113281e+01 -6.201462820172309875e-02 -3.863894939422607422e-01 2.026551961898803711e-01 8.976570963859558105e-01
4.230913162231445312e+00 1.137219524383544922e+01 1.663653182983398438e+01 -5.772563815116882324e-02 -3.841898441314697266e-01 2.002087235450744629e-01 8.994344472885131836e-01
4.148686408996582031e+00 1.148046398162841797e+01 1.683289337158203125e+01 -5.408931151032447815e-02 -3.818185031414031982e-01 1.974883973598480225e-01 9.012698531150817871e-01
4.051010608673095703e+00 1.158723068237304688e+01 1.702331733703613281e+01 -4.993903264403343201e-02 -3.788472712039947510e-01 1.941690444946289062e-01 9.034817218780517578e-01
3.933104276657104492e+00 1.170892715454101562e+01 1.721843719482421875e+01 -4.558565095067024231e-02 -3.759208619594573975e-01 1.910251379013061523e-01 9.056019186973571777e-01
3.823277711868286133e+00 1.182636928558349609e+01 1.740562820434570312e+01 -4.067371040582656860e-02 -3.727910220623016357e-01 1.871387213468551636e-01 9.079381227493286133e-01
3.726919651031494141e+00 1.196025562286376953e+01 1.754358673095703125e+01 -3.394176810979843140e-02 -3.704855442047119141e-01 1.841320544481277466e-01 9.097713232040405273e-01
3.615810871124267578e+00 1.208359527587890625e+01 1.771195411682128906e+01 -2.784882113337516785e-02 -3.677436411380767822e-01 1.796448230743408203e-01 9.119850993156433105e-01
3.522653579711914062e+00 1.220331954956054688e+01 1.787548446655273438e+01 -2.121131867170333862e-02 -3.658276498317718506e-01 1.745023280382156372e-01 9.139305949211120605e-01
3.426920413970947266e+00 1.232336711883544922e+01 1.804464149475097656e+01 -1.458529755473136902e-02 -3.644170165061950684e-01 1.692693382501602173e-01 9.156065583229064941e-01
3.333760499954223633e+00 1.243883228302001953e+01 1.820672225952148438e+01 -8.022013120353221893e-03 -3.635870814323425293e-01 1.642784029245376587e-01 9.169256687164306641e-01
3.271737337112426758e+00 1.253500652313232422e+01 1.833744812011718750e+01 -1.207796391099691391e-03 -3.635555803775787354e-01 1.585016250610351562e-01 9.179885983467102051e-01
3.184494256973266602e+00 1.263724136352539062e+01 1.849906921386718750e+01 5.019039381295442581e-03 -3.639065921306610107e-01 1.524129211902618408e-01 9.188672900199890137e-01
3.109540224075317383e+00 1.273658370971679688e+01 1.865180397033691406e+01 1.125375833362340927e-02 -3.652466237545013428e-01 1.466112434864044189e-01 9.192243218421936035e-01
3.025084018707275391e+00 1.283520793914794922e+01 1.880887794494628906e+01 1.682283543050289154e-02 -3.677353858947753906e-01 1.412476599216461182e-01 9.189867973327636719e-01
2.941345214843750000e+00 1.293045806884765625e+01 1.895585441589355469e+01 2.210205979645252228e-02 -3.707884252071380615e-01 1.357765942811965942e-01 9.184727072715759277e-01
2.870939254760742188e+00 1.300824928283691406e+01 1.911292266845703125e+01 2.740537747740745544e-02 -3.748307824134826660e-01 1.289802193641662598e-01 9.176682233810424805e-01
2.802191019058227539e+00 1.309048938751220703e+01 1.927947616577148438e+01 3.168915584683418274e-02 -3.807238638401031494e-01 1.232920214533805847e-01 9.158843755722045898e-01
2.747248888015747070e+00 1.318523120880126953e+01 1.948147392272949219e+01 3.594859316945075989e-02 -3.894903957843780518e-01 1.182489916682243347e-01 9.127004742622375488e-01
2.616947650909423828e+00 1.329156875610351562e+01 1.964249610900878906e+01 3.946964442729949951e-02 -3.966684341430664062e-01 1.129457205533981323e-01 9.101316332817077637e-01
2.435956954956054688e+00 1.342448520660400391e+01 1.979418563842773438e+01 4.236048832535743713e-02 -4.046505093574523926e-01 1.090772747993469238e-01 9.069540500640869141e-01
2.426270961761474609e+00 1.346923446655273438e+01 1.997772216796875000e+01 4.563286155462265015e-02 -4.166340827941894531e-01 1.016829609870910645e-01 9.022163152694702148e-01
2.322516441345214844e+00 1.355109786987304688e+01 2.016998100280761719e+01 4.660116136074066162e-02 -4.292690157890319824e-01 9.639037400484085083e-02 8.968083858489990234e-01
2.227641344070434570e+00 1.363407802581787109e+01 2.035585594177246094e+01 4.697798192501068115e-02 -4.439433217048645020e-01 9.157212078571319580e-02 8.901246786117553711e-01
2.120301246643066406e+00 1.372160530090332031e+01 2.053893280029296875e+01 4.680714756250381470e-02 -4.596728682518005371e-01 8.752299845218658447e-02 8.825246095657348633e-01
2.018760919570922852e+00 1.382266998291015625e+01 2.075127792358398438e+01 4.614522308111190796e-02 -4.772985577583312988e-01 8.389548957347869873e-02 8.735091686248779297e-01
1.912912249565124512e+00 1.392474269866943359e+01 2.095517158508300781e+01 4.459332674741744995e-02 -4.951544404029846191e-01 8.084053546190261841e-02 8.638855814933776855e-01
1.787467002868652344e+00 1.404284763336181641e+01 2.117115974426269531e+01 4.305103793740272522e-02 -5.135638117790222168e-01 7.785708457231521606e-02 8.534266948699951172e-01
1.682403802871704102e+00 1.416589832305908203e+01 2.140071868896484375e+01 4.054734483361244202e-02 -5.325700640678405762e-01 7.592546939849853516e-02 8.419978618621826172e-01
1.554425001144409180e+00 1.429434013366699219e+01 2.162478446960449219e+01 3.481274098157882690e-02 -5.512632727622985840e-01 7.905888557434082031e-02 8.298473358154296875e-01
1.451854586601257324e+00 1.441247844696044922e+01 2.187253570556640625e+01 2.878697589039802551e-02 -5.709202885627746582e-01 8.158317953348159790e-02 8.164346218109130859e-01
1.318404674530029297e+00 1.454072666168212891e+01 2.210327148437500000e+01 2.285802550613880157e-02 -5.891270041465759277e-01 8.344738930463790894e-02 8.033949732780456543e-01
1.210892558097839355e+00 1.467260932922363281e+01 2.235201072692871094e+01 1.748959161341190338e-02 -6.071075797080993652e-01 8.489830046892166138e-02 7.898776531219482422e-01
1.089513421058654785e+00 1.480249595642089844e+01 2.259199714660644531e+01 1.212252210825681686e-02 -6.237722635269165039e-01 8.571631461381912231e-02 7.767972350120544434e-01
9.726478457450866699e-01 1.493976020812988281e+01 2.282144165039062500e+01 7.445843890309333801e-03 -6.391482353210449219e-01 8.675693720579147339e-02 7.641382813453674316e-01
8.566113114356994629e-01 1.506185722351074219e+01 2.306401252746582031e+01 3.219769103452563286e-03 -6.536376476287841797e-01 8.664590865373611450e-02 7.518244385719299316e-01
7.459472417831420898e-01 1.518967723846435547e+01 2.330174636840820312e+01 8.611192242824472487e-06 -6.667884588241577148e-01 8.661856502294540405e-02 7.401962280273437500e-01
6.406830549240112305e-01 1.531270694732666016e+01 2.354049682617187500e+01 -2.825014991685748100e-03 -6.784770488739013672e-01 8.651305735111236572e-02 7.295042276382446289e-01
5.247980356216430664e-01 1.543710994720458984e+01 2.376968193054199219e+01 -4.227852914482355118e-03 -6.881878376007080078e-01 8.627227693796157837e-02 7.203726768493652344e-01
4.066814184188842773e-01 1.556057548522949219e+01 2.400001144409179688e+01 -5.583684891462326050e-03 -6.961348652839660645e-01 8.617179095745086670e-02 7.126988172531127930e-01
3.001167774200439453e-01 1.567790794372558594e+01 2.421404266357421875e+01 -6.170542910695075989e-03 -7.016307115554809570e-01 8.624424040317535400e-02 7.072752714157104492e-01
2.027009725570678711e-01 1.579492855072021484e+01 2.446990966796875000e+01 -6.352856289595365524e-03 -7.061949968338012695e-01 8.655339479446411133e-02 7.026785016059875488e-01
8.738654851913452148e-02 1.593119716644287109e+01 2.467874526977539062e+01 -5.178764928132295609e-03 -7.072513103485107422e-01 8.788566291332244873e-02 7.014592289924621582e-01
4.577711224555969238e-03 1.603045463562011719e+01 2.489728927612304688e+01 -7.528272457420825958e-03 -7.059180736541748047e-01 9.123963862657546997e-02 7.023521065711975098e-01
-1.042721197009086609e-01 1.614627647399902344e+01 2.511132812500000000e+01 -9.441234171390533447e-03 -7.026221752166748047e-01 9.608391672372817993e-02 7.049829959869384766e-01
-1.960684955120086670e-01 1.625579071044921875e+01 2.533090972900390625e+01 -1.083499286323785782e-02 -6.975838541984558105e-01 1.012362018227577209e-01 7.092324495315551758e-01
-2.814975976943969727e-01 1.636737632751464844e+01 2.555156898498535156e+01 -1.209587417542934418e-02 -6.908006668090820312e-01 1.068243086338043213e-01 7.150081396102905273e-01
-3.781035542488098145e-01 1.648291778564453125e+01 2.578529930114746094e+01 -1.307174842804670334e-02 -6.823252439498901367e-01 1.128493100404739380e-01 7.221679091453552246e-01
-4.859890937805175781e-01 1.660650634765625000e+01 2.602778053283691406e+01 -1.366700697690248489e-02 -6.727421879768371582e-01 1.192558556795120239e-01 7.300747632980346680e-01
-5.883141160011291504e-01 1.672910881042480469e+01 2.627411270141601562e+01 -1.429074443876743317e-02 -6.620478034019470215e-01 1.256864815950393677e-01 7.387092709541320801e-01
-6.961417198181152344e-01 1.686228561401367188e+01 2.652962875366210938e+01 -1.415394246578216553e-02 -6.503185629844665527e-01 1.324411481618881226e-01 7.478935718536376953e-01
-8.132036924362182617e-01 1.698914527893066406e+01 2.677424049377441406e+01 -1.418482605367898941e-02 -6.372026205062866211e-01 1.391372382640838623e-01 7.579000592231750488e-01
-9.327492117881774902e-01 1.710635948181152344e+01 2.695710372924804688e+01 -1.374436076730489731e-02 -6.215932369232177734e-01 1.452322751283645630e-01 7.696366310119628906e-01
-1.050183653831481934e+00 1.721469688415527344e+01 2.713698387145996094e+01 -1.335442438721656799e-02 -6.055220365524291992e-01 1.510373651981353760e-01 7.812505960464477539e-01
-1.172028660774230957e+00 1.732745933532714844e+01 2.735473251342773438e+01 -1.299061439931392670e-02 -5.902077555656433105e-01 1.564233303070068359e-01 7.918445467948913574e-01
-1.295267820358276367e+00 1.744312477111816406e+01 2.756506729125976562e+01 -1.219718530774116516e-02 -5.747793912887573242e-01 1.613864749670028687e-01 8.021435737609863281e-01
-1.419699311256408691e+00 1.755147171020507812e+01 2.777547836303710938e+01 -1.191549934446811676e-02 -5.590984821319580078e-01 1.660048812627792358e-01 8.122249245643615723e-01
-1.553898572921752930e+00 1.766767692565917969e+01 2.800078582763671875e+01 -1.097376551479101181e-02 -5.445004105567932129e-01 1.699674576520919800e-01 8.212855458259582520e-01
-1.674561262130737305e+00 1.779110908508300781e+01 2.823003196716308594e+01 -9.944775141775608063e-03 -5.307374000549316406e-01 1.738898158073425293e-01 8.294463753700256348e-01
-1.783918261528015137e+00 1.791325187683105469e+01 2.848428726196289062e+01 -9.443135000765323639e-03 -5.191098451614379883e-01 1.776299327611923218e-01 8.359924554824829102e-01
-1.886412620544433594e+00 1.804641723632812500e+01 2.871620368957519531e+01 -8.156158030033111572e-03 -5.084916353225708008e-01 1.806350648403167725e-01 8.418673872947692871e-01
-2.009347915649414062e+00 1.817543029785156250e+01 2.895119094848632812e+01 -6.899940781295299530e-03 -4.992458522319793701e-01 1.824693381786346436e-01 8.470011353492736816e-01
-2.118430376052856445e+00 1.829109573364257812e+01 2.918149948120117188e+01 -6.616216618567705154e-03 -4.921551942825317383e-01 1.835875809192657471e-01 8.509024977684020996e-01
-2.223873615264892578e+00 1.842400741577148438e+01 2.943634033203125000e+01 -5.973657127469778061e-03 -4.881520271301269531e-01 1.842867434024810791e-01 8.530593514442443848e-01
-2.343986511230468750e+00 1.855495262145996094e+01 2.969283676147460938e+01 -5.268184002488851547e-03 -4.859770238399505615e-01 1.840446293354034424e-01 8.543571233749389648e-01
-2.453499317169189453e+00 1.869688034057617188e+01 2.994273948669433594e+01 -3.958798944950103760e-03 -4.860707223415374756e-01 1.834445893764495850e-01 8.544399738311767578e-01
-2.570180654525756836e+00 1.882804679870605469e+01 3.018952178955078125e+01 -3.483903128653764725e-03 -4.873408675193786621e-01 1.820857822895050049e-01 8.540090918540954590e-01
-2.676291942596435547e+00 1.895417022705078125e+01 3.041274261474609375e+01 -3.176612779498100281e-03 -4.892055690288543701e-01 1.803864240646362305e-01 8.533045053482055664e-01
-2.791781902313232422e+00 1.907434844970703125e+01 3.065306282043457031e+01 -3.178803948685526848e-03 -4.930389821529388428e-01 1.779686808586120605e-01 8.516041636466979980e-01
-2.902405738830566406e+00 1.919331359863281250e+01 3.086977767944335938e+01 -2.788122044876217842e-03 -4.972276985645294189e-01 1.753767579793930054e-01 8.497057557106018066e-01
-3.004305839538574219e+00 1.931723213195800781e+01 3.108302116394042969e+01 -2.092357259243726730e-03 -5.020638108253479004e-01 1.729729026556015015e-01 8.473534584045410156e-01
-3.105906963348388672e+00 1.943335151672363281e+01 3.129035949707031250e+01 -1.852865098044276237e-03 -5.075097084045410156e-01 1.702399700880050659e-01 8.446589708328247070e-01
-3.201165676116943359e+00 1.954225540161132812e+01 3.149013900756835938e+01 -1.835217582993209362e-03 -5.130884647369384766e-01 1.670691817998886108e-01 8.419173359870910645e-01
-3.286995649337768555e+00 1.965678405761718750e+01 3.168815422058105469e+01 -1.413763966411352158e-03 -5.189927220344543457e-01 1.642183065414428711e-01 8.388545513153076172e-01
-3.377622365951538086e+00 1.975295829772949219e+01 3.187913703918457031e+01 -2.072733594104647636e-03 -5.245007276535034180e-01 1.608437299728393555e-01 8.360765576362609863e-01
-3.460363864898681641e+00 1.985364341735839844e+01 3.206660842895507812e+01 -2.381705213338136673e-03 -5.299301743507385254e-01 1.580025404691696167e-01 8.331887722015380859e-01
-3.544423580169677734e+00 1.995234489440917969e+01 3.224355697631835938e+01 -2.330684568732976913e-03 -5.343002080917358398e-01 1.552211642265319824e-01 8.309177160263061523e-01
-3.625641345977783203e+00 2.004356765747070312e+01 3.241681289672851562e+01 -2.883081557229161263e-03 -5.378276109695434570e-01 1.526115983724594116e-01 8.291217684745788574e-01
-3.701401233673095703e+00 2.013577842712402344e+01 3.258312988281250000e+01 -3.322208998724818230e-03 -5.402446985244750977e-01 1.507482528686523438e-01 8.278886079788208008e-01
-3.777407884597778320e+00 2.022102546691894531e+01 3.274674606323242188e+01 -3.888237522915005684e-03 -5.413591861724853516e-01 1.492442190647125244e-01 8.274304866790771484e-01
-3.848484516143798828e+00 2.030056953430175781e+01 3.290511322021484375e+01 -4.779742565006017685e-03 -5.410890579223632812e-01 1.480743587017059326e-01 8.278126120567321777e-01
-3.916789531707763672e+00 2.037517356872558594e+01 3.305671310424804688e+01 -5.887742619961500168e-03 -5.389468669891357422e-01 1.477549076080322266e-01 8.292587995529174805e-01
-3.982026338577270508e+00 2.045457458496093750e+01 3.320152664184570312e+01 -6.327086593955755234e-03 -5.348582863807678223e-01 1.483251303434371948e-01 8.317970037460327148e-01
-4.044096946716308594e+00 2.052302742004394531e+01 3.334303283691406250e+01 -7.673276588320732117e-03 -5.287973284721374512e-01 1.491753906011581421e-01 8.355005979537963867e-01
-4.105567455291748047e+00 2.059045600891113281e+01 3.347607803344726562e+01 -8.648593910038471222e-03 -5.203440785408020020e-01 1.511477380990982056e-01 8.404294252395629883e-01
-4.164627552032470703e+00 2.065572929382324219e+01 3.360335540771484375e+01 -9.396845474839210510e-03 -5.097849965095520020e-01 1.540035307407379150e-01 8.463532924652099609e-01
-4.220818996429443359e+00 2.071692848205566406e+01 3.372439575195312500e+01 -1.039956510066986084e-02 -4.971935153007507324e-01 1.574830859899520874e-01 8.531644344329833984e-01
-4.273070812225341797e+00 2.077561187744140625e+01 3.384054565429687500e+01 -1.171713322401046753e-02 -4.831083714962005615e-01 1.613459140062332153e-01 8.604862093925476074e-01
-4.322804927825927734e+00 2.085083198547363281e+01 3.394457626342773438e+01 -1.155286561697721481e-02 -4.678778946399688721e-01 1.663859486579895020e-01 8.679127693176269531e-01
-4.369445323944091797e+00 2.090183067321777344e+01 3.404878234863281250e+01 -1.282094232738018036e-02 -4.511533677577972412e-01 1.707492917776107788e-01 8.758658766746520996e-01
-4.409733295440673828e+00 2.094644546508789062e+01 3.414535522460937500e+01 -1.476390846073627472e-02 -4.332525432109832764e-01 1.751402169466018677e-01 8.839684128761291504e-01
-4.444393157958984375e+00 2.098768424987792969e+01 3.423323440551757812e+01 -1.668225415050983429e-02 -4.149419963359832764e-01 1.798599660396575928e-01 8.917372226715087891e-01
-4.474009037017822266e+00 2.102227973937988281e+01 3.431610870361328125e+01 -1.898723095655441284e-02 -3.963322341442108154e-01 1.838903427124023438e-01 8.993022441864013672e-01
-4.497519493103027344e+00 2.106205177307128906e+01 3.439599990844726562e+01 -2.067993767559528351e-02 -3.779606521129608154e-01 1.892040967941284180e-01 9.060462713241577148e-01
-4.521890163421630859e+00 2.109307861328125000e+01 3.447338104248046875e+01 -2.292402274906635284e-02 -3.584487736225128174e-01 1.930748522281646729e-01 9.130777716636657715e-01
-4.544950008392333984e+00 2.112072372436523438e+01 3.453420257568359375e+01 -2.509044110774993896e-02 -3.370852172374725342e-01 1.976746320724487305e-01 9.201460480690002441e-01
-4.565534591674804688e+00 2.114492988586425781e+01 3.459434127807617188e+01 -2.755106985569000244e-02 -3.159492909908294678e-01 2.012830972671508789e-01 9.267697334289550781e-01
-4.591134548187255859e+00 2.118134117126464844e+01 3.464535903930664062e+01 -2.888243645429611206e-02 -2.940771579742431641e-01 2.078825384378433228e-01 9.324533939361572266e-01
-4.602593898773193359e+00 2.120310211181640625e+01 3.469570922851562500e+01 -3.161366656422615051e-02 -2.741277217864990234e-01 2.124805450439453125e-01 9.373934864997863770e-01
-4.615717887878417969e+00 2.121685981750488281e+01 3.473712158203125000e+01 -3.442982211709022522e-02 -2.536644041538238525e-01 2.156242132186889648e-01 9.423243403434753418e-01
-4.626922130584716797e+00 2.123707008361816406e+01 3.476943206787109375e+01 -3.635717183351516724e-02 -2.337319850921630859e-01 2.198573946952819824e-01 9.464197158813476562e-01
-4.634082317352294922e+00 2.124550437927246094e+01 3.479692077636718750e+01 -3.925803676247596741e-02 -2.146014869213104248e-01 2.225443273782730103e-01 9.501994848251342773e-01
-4.639602184295654297e+00 2.125577163696289062e+01 3.481687545776367188e+01 -4.158301651477813721e-02 -1.967559307813644409e-01 2.253873348236083984e-01 9.532882571220397949e-01
-4.629764080047607422e+00 2.127634048461914062e+01 3.483066558837890625e+01 -4.266779869794845581e-02 -1.827064454555511475e-01 2.188943177461624146e-01 9.575401544570922852e-01
-4.625329017639160156e+00 2.127878570556640625e+01 3.483936691284179688e+01 -4.445322975516319275e-02 -1.687356829643249512e-01 2.113891690969467163e-01 9.616999626159667969e-01
-4.623283386230468750e+00 2.126875114440917969e+01 3.483945083618164062e+01 -4.659472033381462097e-02 -1.547368764877319336e-01 2.033914625644683838e-01 9.656693935394287109e-01
-4.618596076965332031e+00 2.127614402770996094e+01 3.483824157714843750e+01 -4.814605414867401123e-02 -1.426579356193542480e-01 1.976541727781295776e-01 9.686400294303894043e-01
-4.616097927093505859e+00 2.127051162719726562e+01 3.483811950683593750e+01 -5.108449608087539673e-02 -1.316115856170654297e-01 1.919269263744354248e-01 9.712017178535461426e-01
-4.577459812164306641e+00 2.127432250976562500e+01 3.480527496337890625e+01 -5.172521248459815979e-02 -1.252117753028869629e-01 1.899667382240295410e-01 9.723986387252807617e-01
-4.542641162872314453e+00 2.126926422119140625e+01 3.479212188720703125e+01 -5.538966506719589233e-02 -1.195365712046623230e-01 1.864927858114242554e-01 9.735828042030334473e-01
-4.499792098999023438e+00 2.123041152954101562e+01 3.475907516479492188e+01 -6.158997118473052979e-02 -1.154818385839462280e-01 1.835823357105255127e-01 9.742525815963745117e-01
-4.462409019470214844e+00 2.121292877197265625e+01 3.473893737792968750e+01 -6.576914340257644653e-02 -1.125032231211662292e-01 1.805601269006729126e-01 9.748925566673278809e-01
-4.432112216949462891e+00 2.121121978759765625e+01 3.472951507568359375e+01 -6.895203143358230591e-02 -1.103911325335502625e-01 1.786091327667236328e-01 9.752733707427978516e-01
-4.382999420166015625e+00 2.120425796508789062e+01 3.469498062133789062e+01 -6.922606378793716431e-02 -1.112250238656997681e-01 1.795757263898849487e-01 9.749816656112670898e-01
-4.372876644134521484e+00 2.120280456542968750e+01 3.469829177856445312e+01 -7.121267914772033691e-02 -1.095648854970932007e-01 1.778957396745681763e-01 9.753344655036926270e-01
-4.381633281707763672e+00 2.119877433776855469e+01 3.470991897583007812e+01 -7.320873439311981201e-02 -1.074529364705085754e-01 1.764002591371536255e-01 9.756932258605957031e-01
-4.375452995300292969e+00 2.121406364440917969e+01 3.471886062622070312e+01 -7.335315644741058350e-02 -1.083121895790100098e-01 1.770703494548797607e-01 9.754659533500671387e-01
-4.376056194305419922e+00 2.122951126098632812e+01 3.472266769409179688e+01 -7.271745800971984863e-02 -1.089171096682548523e-01 1.777023077011108398e-01 9.753313064575195312e-01
-4.376769542694091797e+00 2.123706245422363281e+01 3.473164749145507812e+01 -7.251810282468795776e-02 -1.109153553843498230e-01 1.787645071744918823e-01 9.749267101287841797e-01
-4.391312599182128906e+00 2.124988937377929688e+01 3.475006103515625000e+01 -7.183262705802917480e-02 -1.134655848145484924e-01 1.802337616682052612e-01 9.744133949279785156e-01
-4.407176017761230469e+00 2.125758552551269531e+01 3.477147293090820312e+01 -7.087206840515136719e-02 -1.164126917719841003e-01 1.809040307998657227e-01 9.740117788314819336e-01
-4.425063610076904297e+00 2.127247047424316406e+01 3.480266189575195312e+01 -6.945212185382843018e-02 -1.211986988782882690e-01 1.826445758342742920e-01 9.732051491737365723e-01
-4.444448471069335938e+00 2.128884696960449219e+01 3.482662582397460938e+01 -6.742117553949356079e-02 -1.263722330331802368e-01 1.852218210697174072e-01 9.722023606300354004e-01
-4.487712860107421875e+00 2.132424545288085938e+01 3.487278747558593750e+01 -6.210817396640777588e-02 -1.314984261989593506e-01 1.765747964382171631e-01 9.734845161437988281e-01
-4.521200656890869141e+00 2.133378028869628906e+01 3.490953826904296875e+01 -5.819657072424888611e-02 -1.388561278581619263e-01 1.670211851596832275e-01 9.743900895118713379e-01
-4.551448822021484375e+00 2.136188316345214844e+01 3.494966125488281250e+01 -5.260299891233444214e-02 -1.475715041160583496e-01 1.581211537122726440e-01 9.749119281768798828e-01
-4.602591991424560547e+00 2.141304397583007812e+01 3.502031707763671875e+01 -4.547556862235069275e-02 -1.568908989429473877e-01 1.495405137538909912e-01 9.751691222190856934e-01
-4.647768020629882812e+00 2.141909408569335938e+01 3.505796813964843750e+01 -3.952501714229583740e-02 -1.640359759330749512e-01 1.370327770709991455e-01 9.760901331901550293e-01
-4.705828666687011719e+00 2.143803787231445312e+01 3.511867523193359375e+01 -3.398077189922332764e-02 -1.717641949653625488e-01 1.242333129048347473e-01 9.766823649406433105e-01
-4.742592334747314453e+00 2.145994377136230469e+01 3.515524291992187500e+01 -2.744400873780250549e-02 -1.827317923307418823e-01 1.141700819134712219e-01 9.761255979537963867e-01
-4.761020183563232422e+00 2.147511863708496094e+01 3.517903900146484375e+01 -2.047082222998142242e-02 -1.957059651613235474e-01 1.038027107715606689e-01 9.749385118484497070e-01
-4.780356407165527344e+00 2.150117301940917969e+01 3.520600891113281250e+01 -1.283944956958293915e-02 -2.101302444934844971e-01 9.604080021381378174e-02 9.728599786758422852e-01
-4.799556255340576172e+00 2.152382469177246094e+01 3.523738479614257812e+01 -4.999038297683000565e-03 -2.252672612667083740e-01 8.771087974309921265e-02 9.703280329704284668e-01
-4.826123237609863281e+00 2.155513572692871094e+01 3.527384567260742188e+01 3.484937828034162521e-03 -2.408421188592910767e-01 8.150336891412734985e-02 9.671298861503601074e-01
-4.840833187103271484e+00 2.157378387451171875e+01 3.530583190917968750e+01 1.108436193317174911e-02 -2.579491436481475830e-01 7.395959645509719849e-02 9.632597565650939941e-01
-4.863675594329833984e+00 2.160982131958007812e+01 3.533841705322265625e+01 2.061378210783004761e-02 -2.750867009162902832e-01 7.002507895231246948e-02 9.586443305015563965e-01
-4.876220703125000000e+00 2.163203620910644531e+01 3.537020874023437500e+01 2.847271040081977844e-02 -2.937454581260681152e-01 6.429498642683029175e-02 9.532938003540039062e-01
-4.897559165954589844e+00 2.166298866271972656e+01 3.540262985229492188e+01 3.709175810217857361e-02 -3.118911683559417725e-01 6.169031560420989990e-02 9.473871588706970215e-01
-4.919509410858154297e+00 2.168907546997070312e+01 3.543422317504882812e+01 4.516448825597763062e-02 -3.301866650581359863e-01 5.907823890447616577e-02 9.409818053245544434e-01
-4.941157341003417969e+00 2.171391105651855469e+01 3.546598434448242188e+01 5.253703147172927856e-02 -3.489849567413330078e-01 5.936087667942047119e-02 9.337695837020874023e-01
-4.948689460754394531e+00 2.173003768920898438e+01 3.549400329589843750e+01 6.001123040914535522e-02 -3.699690997600555420e-01 5.834068730473518372e-02 9.252663850784301758e-01
-4.973911762237548828e+00 2.176073265075683594e+01 3.550643157958984375e+01 6.802164763212203979e-02 -3.883653879165649414e-01 6.461132317781448364e-02 9.167174100875854492e-01
-4.970853805541992188e+00 2.176786231994628906e+01 3.553155517578125000e+01 7.499315589666366577e-02 -4.111824631690979004e-01 6.477805227041244507e-02 9.061505198478698730e-01
-4.981249809265136719e+00 2.177765083312988281e+01 3.554438018798828125e+01 8.109654486179351807e-02 -4.317265450954437256e-01 6.991392374038696289e-02 8.956269621849060059e-01
-4.993913650512695312e+00 2.179389381408691406e+01 3.555185317993164062e+01 8.787754923105239868e-02 -4.518042206764221191e-01 7.838904112577438354e-02 8.843108415603637695e-01
-4.987086296081542969e+00 2.179086303710937500e+01 3.555780029296875000e+01 9.275993704795837402e-02 -4.742718935012817383e-01 8.430829644203186035e-02 8.714091181755065918e-01
-4.988078594207763672e+00 2.179434013366699219e+01 3.555801391601562500e+01 9.770623594522476196e-02 -4.954006969928741455e-01 9.459967911243438721e-02 8.579525351524353027e-01
-4.991371631622314453e+00 2.180254554748535156e+01 3.556707000732421875e+01 9.970934689044952393e-02 -5.168794393539428711e-01 1.099327951669692993e-01 8.430945873260498047e-01
-4.997335433959960938e+00 2.181260299682617188e+01 3.560166931152343750e+01 1.010923385620117188e-01 -5.385139584541320801e-01 1.231294274330139160e-01 8.274190425872802734e-01
-5.003877639770507812e+00 2.182756423950195312e+01 3.562542724609375000e+01 1.027889102697372437e-01 -5.592042207717895508e-01 1.377396881580352783e-01 8.110196590423583984e-01
-5.009972572326660156e+00 2.184748077392578125e+01 3.566259384155273438e+01 1.045918539166450500e-01 -5.803375244140625000e-01 1.505958437919616699e-01 7.934669256210327148e-01
-5.022550582885742188e+00 2.186802482604980469e+01 3.570109558105468750e+01 1.061354130506515503e-01 -5.994493961334228516e-01 1.639294177293777466e-01 7.762234807014465332e-01
-5.040344238281250000e+00 2.190044403076171875e+01 3.575374221801757812e+01 1.081191375851631165e-01 -6.179794669151306152e-01 1.774816364049911499e-01 7.582294344902038574e-01
-5.060757160186767578e+00 2.193637847900390625e+01 3.580424118041992188e+01 1.091395318508148193e-01 -6.343955397605895996e-01 1.910524070262908936e-01 7.410329580307006836e-01
-5.077566146850585938e+00 2.196531105041503906e+01 3.586626434326171875e+01 1.088788658380508423e-01 -6.513645648956298828e-01 2.026206701993942261e-01 7.230591177940368652e-01
-5.099771022796630859e+00 2.200574111938476562e+01 3.593867111206054688e+01 1.100475490093231201e-01 -6.669972538948059082e-01 2.134105414152145386e-01 7.053085565567016602e-01
-5.132441043853759766e+00 2.205434036254882812e+01 3.600244903564453125e+01 1.119525805115699768e-01 -6.793456673622131348e-01 2.266408652067184448e-01 6.889049410820007324e-01
-5.167431354522705078e+00 2.210908889770507812e+01 3.607722091674804688e+01 1.137521341443061829e-01 -6.912338137626647949e-01 2.386137545108795166e-01 6.725472211837768555e-01
-5.195840358734130859e+00 2.215524101257324219e+01 3.616015243530273438e+01 1.141560524702072144e-01 -7.027485966682434082e-01 2.473857253789901733e-01 6.572009921073913574e-01
-5.233515739440917969e+00 2.221211624145507812e+01 3.623828125000000000e+01 1.152537837624549866e-01 -7.116969227790832520e-01 2.579237222671508789e-01 6.431791782379150391e-01
-5.269789695739746094e+00 2.226665687561035156e+01 3.633224868774414062e+01 1.168825104832649231e-01 -7.208942174911499023e-01 2.644619047641754150e-01 6.298491954803466797e-01
-5.316817283630371094e+00 2.232879829406738281e+01 3.641429138183593750e+01 1.185157522559165955e-01 -7.260345816612243652e-01 2.740654647350311279e-01 6.194480657577514648e-01
-5.359421253204345703e+00 2.239347839355468750e+01 3.651568603515625000e+01 1.199309527873992920e-01 -7.327407002449035645e-01 2.795294225215911865e-01 6.087453961372375488e-01
-5.402549266815185547e+00 2.245652198791503906e+01 3.662316131591796875e+01 1.194838359951972961e-01 -7.387073636054992676e-01 2.842648923397064209e-01 5.993567705154418945e-01
-5.446659088134765625e+00 2.251737594604492188e+01 3.673408889770507812e+01 1.181569695472717285e-01 -7.435519695281982422e-01 2.883305251598358154e-01 5.916374921798706055e-01
-5.500843048095703125e+00 2.258881568908691406e+01 3.684457015991210938e+01 1.179450601339340210e-01 -7.460709810256958008e-01 2.929398715496063232e-01 5.862194895744323730e-01
-5.554571151733398438e+00 2.265798377990722656e+01 3.695899200439453125e+01 1.155875995755195618e-01 -7.477844953536987305e-01 2.958436310291290283e-01 5.830436944961547852e-01
-5.614639282226562500e+00 2.273315238952636719e+01 3.707992553710937500e+01 1.146813854575157166e-01 -7.489834427833557129e-01 2.988662421703338623e-01 5.801348090171813965e-01
-5.671678066253662109e+00 2.280602836608886719e+01 3.721361160278320312e+01 1.126009300351142883e-01 -7.503442764282226562e-01 2.991683781147003174e-01 5.786262750625610352e-01
-5.734491348266601562e+00 2.288019371032714844e+01 3.734994125366210938e+01 1.103270500898361206e-01 -7.506306171417236328e-01 2.993923127651214600e-01 5.785770416259765625e-01
-5.807416915893554688e+00 2.296255302429199219e+01 3.748693847656250000e+01 1.094308346509933472e-01 -7.492355704307556152e-01 3.003795742988586426e-01 5.800418257713317871e-01
-5.878022670745849609e+00 2.303767585754394531e+01 3.763254928588867188e+01 1.071888729929924011e-01 -7.481580376625061035e-01 2.993122041225433350e-01 5.823935866355895996e-01
-5.948713779449462891e+00 2.311008071899414062e+01 3.778103256225585938e+01 1.041678786277770996e-01 -7.462068200111389160e-01 2.975406050682067871e-01 5.863394737243652344e-01
-6.028147697448730469e+00 2.318891906738281250e+01 3.793676376342773438e+01 1.023278161883354187e-01 -7.438099384307861328e-01 2.962840497493743896e-01 5.903317332267761230e-01
-6.113127708435058594e+00 2.326831817626953125e+01 3.810167312622070312e+01 1.006396636366844177e-01 -7.412644624710083008e-01 2.945339083671569824e-01 5.946834087371826172e-01
-6.210381507873535156e+00 2.335183143615722656e+01 3.826591873168945312e+01 1.006564572453498840e-01 -7.375823855400085449e-01 2.943077087402343750e-01 5.993525385856628418e-01
-6.300084114074707031e+00 2.343018722534179688e+01 3.844010543823242188e+01 9.805539250373840332e-02 -7.343875765800476074e-01 2.917064428329467773e-01 6.049522757530212402e-01
-6.391102790832519531e+00 2.350619888305664062e+01 3.860852813720703125e+01 9.454049170017242432e-02 -7.294697761535644531e-01 2.894821465015411377e-01 6.124833822250366211e-01
-6.496614933013916016e+00 2.359477806091308594e+01 3.878432846069335938e+01 9.390635788440704346e-02 -7.240113019943237305e-01 2.895933091640472412e-01 6.189708113670349121e-01
-6.594010829925537109e+00 2.367585754394531250e+01 3.896936798095703125e+01 9.167873114347457886e-02 -7.191781401634216309e-01 2.871058583259582520e-01 6.260575652122497559e-01
-6.694559097290039062e+00 2.375827026367187500e+01 3.916251373291015625e+01 8.954982459545135498e-02 -7.144792079925537109e-01 2.846340835094451904e-01 6.328380107879638672e-01
-6.805788993835449219e+00 2.384766387939453125e+01 3.935287857055664062e+01 8.864497393369674683e-02 -7.082005143165588379e-01 2.850871980190277100e-01 6.397808194160461426e-01
-6.912519931793212891e+00 2.393345069885253906e+01 3.956128311157226562e+01 8.698893338441848755e-02 -7.036535143852233887e-01 2.836291790008544922e-01 6.456463336944580078e-01
-7.031783580780029297e+00 2.403008460998535156e+01 3.976738357543945312e+01 8.656936138868331909e-02 -6.976870298385620117e-01 2.837908565998077393e-01 6.520746350288391113e-01
-7.141266822814941406e+00 2.412552642822265625e+01 3.997675323486328125e+01 8.477410674095153809e-02 -6.919217109680175781e-01 2.830824851989746094e-01 6.587276458740234375e-01
-7.244497299194335938e+00 2.423133468627929688e+01 4.019669723510742188e+01 8.302237093448638916e-02 -6.868121623992919922e-01 2.827306091785430908e-01 6.644247174263000488e-01
-7.337781429290771484e+00 2.435059547424316406e+01 4.041953659057617188e+01 8.082390576601028442e-02 -6.821864843368530273e-01 2.817410230636596680e-01 6.698593497276306152e-01
-7.429476737976074219e+00 2.448058319091796875e+01 4.063925170898437500e+01 7.792901247739791870e-02 -6.778610348701477051e-01 2.803980708122253418e-01 6.751361489295959473e-01
-7.530148506164550781e+00 2.462229919433593750e+01 4.085976028442382812e+01 7.552135735750198364e-02 -6.741959452629089355e-01 2.798449397087097168e-01 6.792960762977600098e-01
-7.650177955627441406e+00 2.478443145751953125e+01 4.107172012329101562e+01 7.443907111883163452e-02 -6.707221865653991699e-01 2.808835804462432861e-01 6.824184060096740723e-01
-7.762397766113281250e+00 2.486440467834472656e+01 4.101930999755859375e+01 7.230556011199951172e-02 -6.672223210334777832e-01 2.814870476722717285e-01 6.858216524124145508e-01
-7.742193698883056641e+00 2.476868438720703125e+01 4.074426269531250000e+01 6.974324584007263184e-02 -6.652055382728576660e-01 2.811287641525268555e-01 6.881889104843139648e-01
-7.712087631225585938e+00 2.466361236572265625e+01 4.046730804443359375e+01 6.808842718601226807e-02 -6.632523536682128906e-01 2.809393405914306641e-01 6.903139352798461914e-01
-7.683752059936523438e+00 2.456245613098144531e+01 4.019544601440429688e+01 6.736700981855392456e-02 -6.624717712402343750e-01 2.811782658100128174e-01 6.910365223884582520e-01
-7.660101890563964844e+00 2.446702957153320312e+01 3.992520904541015625e+01 6.662923842668533325e-02 -6.627319455146789551e-01 2.832421362400054932e-01 6.900150775909423828e-01
-7.637075424194335938e+00 2.437590408325195312e+01 3.965934753417968750e+01 6.435964256525039673e-02 -6.641920208930969238e-01 2.869403958320617676e-01 6.872934699058532715e-01
-7.601593494415283203e+00 2.427205657958984375e+01 3.939516448974609375e+01 6.414207071065902710e-02 -6.651245951652526855e-01 2.887313663959503174e-01 6.856600046157836914e-01
-7.557548999786376953e+00 2.416084861755371094e+01 3.913952636718750000e+01 6.519139558076858521e-02 -6.657897830009460449e-01 2.894724607467651367e-01 6.846019029617309570e-01
-7.495036125183105469e+00 2.405059623718261719e+01 3.889836120605468750e+01 6.807721406221389771e-02 -6.683896183967590332e-01 2.891693115234375000e-01 6.819105744361877441e-01
-7.420546054840087891e+00 2.392486953735351562e+01 3.865342330932617188e+01 6.639470905065536499e-02 -6.694492101669311523e-01 2.885861396789550781e-01 6.812839508056640625e-01
-7.342944622039794922e+00 2.379994392395019531e+01 3.841132354736328125e+01 6.757131963968276978e-02 -6.716126799583435059e-01 2.884063720703125000e-01 6.791115999221801758e-01
-7.285678863525390625e+00 2.356763076782226562e+01 3.826356124877929688e+01 9.153068065643310547e-03 -6.626755595207214355e-01 3.095294237136840820e-01 6.818862557411193848e-01
-7.213254928588867188e+00 2.342140960693359375e+01 3.805433654785156250e+01 1.193261332809925079e-02 -6.679736971855163574e-01 3.164234757423400879e-01 6.734574437141418457e-01
-7.129773616790771484e+00 2.327130508422851562e+01 3.785113906860351562e+01 8.866957388818264008e-03 -6.793653964996337891e-01 3.123888075351715088e-01 6.639257669448852539e-01
-7.048791885375976562e+00 2.312244606018066406e+01 3.764291381835937500e+01 5.160461179912090302e-03 -6.894112229347229004e-01 3.092191815376281738e-01 6.550337672233581543e-01
-6.952612400054931641e+00 2.295427513122558594e+01 3.743499755859375000e+01 -2.785249380394816399e-03 -6.991578340530395508e-01 2.992976605892181396e-01 6.493007540702819824e-01
-6.862304687500000000e+00 2.278433609008789062e+01 3.726723098754882812e+01 -1.267043687403202057e-02 -7.211973071098327637e-01 2.853262126445770264e-01 6.311123967170715332e-01
-6.776345729827880859e+00 2.264887046813964844e+01 3.709439086914062500e+01 -1.785932108759880066e-02 -7.390873432159423828e-01 2.863198220729827881e-01 6.094685792922973633e-01
-6.679175853729248047e+00 2.252222061157226562e+01 3.690318298339843750e+01 -1.860404945909976959e-02 -7.493863701820373535e-01 2.897524237632751465e-01 5.950776934623718262e-01
-6.580218315124511719e+00 2.239848518371582031e+01 3.670261001586914062e+01 -1.498437486588954926e-02 -7.573750019073486328e-01 2.919885218143463135e-01 5.838674902915954590e-01
-6.467556476593017578e+00 2.226501846313476562e+01 3.652884674072265625e+01 -1.926010847091674805e-02 -7.663622498512268066e-01 2.986781895160675049e-01 5.684269666671752930e-01
-6.336179256439208984e+00 2.212609863281250000e+01 3.639421081542968750e+01 -2.304812148213386536e-02 -7.864701747894287109e-01 2.886728644371032715e-01 5.455284714698791504e-01
-6.261762142181396484e+00 2.212734031677246094e+01 3.640506744384765625e+01 -2.242915891110897064e-02 -7.831113338470458984e-01 2.569946348667144775e-01 5.658507943153381348e-01
-6.138983726501464844e+00 2.200067710876464844e+01 3.628054809570312500e+01 -2.341696247458457947e-02 -8.024197816848754883e-01 2.518398165702819824e-01 5.405098199844360352e-01
