0.000000000000000000e+00 0.000000000000000000e+00 0.000000000000000000e+00 0.000000000000000000e+00 0.000000000000000000e+00 0.000000000000000000e+00 1.000000000000000000e+00
1.776115149259567261e-01 3.106895275413990021e-02 9.581830352544784546e-02 8.216391317546367645e-03 -1.165275368839502335e-02 4.997938871383666992e-03 9.998858571052551270e-01
3.848530650138854980e-01 6.263954937458038330e-02 2.149351090192794800e-01 1.637402176856994629e-02 -2.329237759113311768e-02 9.252064861357212067e-03 9.995517730712890625e-01
5.826447606086730957e-01 9.777836501598358154e-02 3.347433507442474365e-01 1.655320636928081512e-02 -3.434799984097480774e-02 1.340067945420742035e-02 9.991829991340637207e-01
7.747228741645812988e-01 1.297780126333236694e-01 4.587189257144927979e-01 1.623901911079883575e-02 -4.492739960551261902e-02 1.683663390576839447e-02 9.987163543701171875e-01
9.660687446594238281e-01 1.607411056756973267e-01 5.826995372772216797e-01 1.604773662984371185e-02 -5.563849955797195435e-02 1.929234154522418976e-02 9.981355667114257812e-01
1.148160576820373535e+00 1.987079679965972900e-01 7.030949592590332031e-01 1.631176285445690155e-02 -6.523034721612930298e-02 2.223655581474304199e-02 9.974890947341918945e-01
1.328329801559448242e+00 2.377503514289855957e-01 8.221385478973388672e-01 1.666771993041038513e-02 -7.518967986106872559e-02 2.450332976877689362e-02 9.967287778854370117e-01
1.507229447364807129e+00 2.714157700538635254e-01 9.424769878387451172e-01 1.672020368278026581e-02 -8.458249270915985107e-02 2.637637220323085785e-02 9.959269762039184570e-01
1.683606028556823730e+00 3.048424124717712402e-01 1.061832547187805176e+00 1.678591407835483551e-02 -9.432455152273178101e-02 2.776147425174713135e-02 9.950127601623535156e-01
1.860104084014892578e+00 3.377228975296020508e-01 1.176701188087463379e+00 1.679689437150955200e-02 -1.039028912782669067e-01 2.876392751932144165e-02 9.940295219421386719e-01
2.034247398376464844e+00 3.668259680271148682e-01 1.293028593063354492e+00 1.641526632010936737e-02 -1.125096455216407776e-01 3.014365583658218384e-02 9.930576086044311523e-01
2.207094192504882812e+00 3.933965265750885010e-01 1.405532002449035645e+00 1.592668332159519196e-02 -1.208591014146804810e-01 3.110766597092151642e-02 9.920542836189270020e-01
2.376761674880981445e+00 4.287214279174804688e-01 1.512977957725524902e+00 1.654563285410404205e-02 -1.284175813198089600e-01 3.255351260304450989e-02 9.910476207733154297e-01
2.544455766677856445e+00 4.604076445102691650e-01 1.614102125167846680e+00 1.691666059195995331e-02 -1.357748657464981079e-01 3.376206755638122559e-02 9.900197386741638184e-01
2.708568096160888672e+00 4.866714775562286377e-01 1.710550427436828613e+00 1.729000918567180634e-02 -1.428629755973815918e-01 3.414556756615638733e-02 9.890021681785583496e-01
2.871466636657714844e+00 5.104020237922668457e-01 1.807185888290405273e+00 1.756392605602741241e-02 -1.499578952789306641e-01 3.449593484401702881e-02 9.879342913627624512e-01
3.032486915588378906e+00 5.277497768402099609e-01 1.897602438926696777e+00 1.730300486087799072e-02 -1.568306237459182739e-01 3.461022675037384033e-02 9.868671894073486328e-01
3.185919284820556641e+00 5.476162433624267578e-01 1.983555436134338379e+00 1.773546636104583740e-02 -1.630980074405670166e-01 3.475927188992500305e-02 9.858378767967224121e-01
3.347508907318115234e+00 5.704731345176696777e-01 2.068759679794311523e+00 1.835079677402973175e-02 -1.701817661523818970e-01 3.547826781868934631e-02 9.846028089523315430e-01
3.501902818679809570e+00 6.004897356033325195e-01 2.147615432739257812e+00 1.974964886903762817e-02 -1.759499162435531616e-01 3.656738251447677612e-02 9.835214018821716309e-01
3.656816482543945312e+00 6.220182180404663086e-01 2.222230434417724609e+00 2.049007639288902283e-02 -1.814668029546737671e-01 3.721790015697479248e-02 9.824789166450500488e-01
3.810244321823120117e+00 6.533722877502441406e-01 2.291957616806030273e+00 2.214358188211917877e-02 -1.860341578722000122e-01 3.861508518457412720e-02 9.815344214439392090e-01
3.976222038269042969e+00 6.667930483818054199e-01 2.367578744888305664e+00 2.042529918253421783e-02 -1.918845921754837036e-01 3.870774060487747192e-02 9.804411530494689941e-01
4.148364067077636719e+00 6.832966208457946777e-01 2.446586608886718750e+00 1.931712217628955841e-02 -1.981729120016098022e-01 3.925221413373947144e-02 9.791902899742126465e-01
4.321479320526123047e+00 6.740742921829223633e-01 2.524921417236328125e+00 1.669236831367015839e-02 -2.046009749174118042e-01 3.792131319642066956e-02 9.779682159423828125e-01
4.499750614166259766e+00 6.922675967216491699e-01 2.596263170242309570e+00 1.661114208400249481e-02 -2.105072885751724243e-01 3.843915089964866638e-02 9.766950011253356934e-01
4.677122116088867188e+00 7.202872633934020996e-01 2.663812398910522461e+00 1.810735464096069336e-02 -2.159376442432403564e-01 3.925339505076408386e-02 9.754498004913330078e-01
4.865121841430664062e+00 7.281147241592407227e-01 2.730257749557495117e+00 1.745046302676200867e-02 -2.211080044507980347e-01 3.963807970285415649e-02 9.742872118949890137e-01
5.054872035980224609e+00 7.443012595176696777e-01 2.794936180114746094e+00 1.783671043813228607e-02 -2.258066684007644653e-01 4.018255323171615601e-02 9.731796383857727051e-01
5.244436740875244141e+00 7.486823797225952148e-01 2.849819660186767578e+00 1.771142147481441498e-02 -2.293895483016967773e-01 4.001468792557716370e-02 9.723505377769470215e-01
5.437655925750732422e+00 7.699552774429321289e-01 2.912661314010620117e+00 1.842839829623699188e-02 -2.328140288591384888e-01 4.107303917407989502e-02 9.714787602424621582e-01
5.631232738494873047e+00 7.857962250709533691e-01 2.968144893646240234e+00 1.912136375904083252e-02 -2.353984713554382324e-01 4.162742942571640015e-02 9.708187580108642578e-01
5.818310260772705078e+00 7.861872911453247070e-01 3.011754512786865234e+00 1.908987946808338165e-02 -2.366051822900772095e-01 4.111686348915100098e-02 9.705477356910705566e-01
6.019642353057861328e+00 8.048298358917236328e-01 3.061271905899047852e+00 1.999110728502273560e-02 -2.381288409233093262e-01 4.134167358279228210e-02 9.701473712921142578e-01
6.210693836212158203e+00 8.023826479911804199e-01 3.112277269363403320e+00 1.954154856503009796e-02 -2.388431429862976074e-01 4.027961567044258118e-02 9.700255990028381348e-01
6.398731231689453125e+00 8.158259391784667969e-01 3.157699346542358398e+00 2.024284936487674713e-02 -2.385313808917999268e-01 3.971587866544723511e-02 9.701111912727355957e-01
6.585944652557373047e+00 8.210406899452209473e-01 3.204415798187255859e+00 2.039493434131145477e-02 -2.375172823667526245e-01 3.835434839129447937e-02 9.704115390777587891e-01
6.774891853332519531e+00 8.533979058265686035e-01 3.263049840927124023e+00 2.201234735548496246e-02 -2.364336103200912476e-01 3.801408410072326660e-02 9.706541895866394043e-01
6.956905841827392578e+00 8.776541352272033691e-01 3.309585571289062500e+00 2.305450849235057831e-02 -2.336688190698623657e-01 3.657297044992446899e-02 9.713546633720397949e-01
7.140752315521240234e+00 9.155072569847106934e-01 3.374829053878784180e+00 2.391223423182964325e-02 -2.296450436115264893e-01 3.525551036000251770e-02 9.723417162895202637e-01
7.322001934051513672e+00 9.518954157829284668e-01 3.439965009689331055e+00 2.484904602169990540e-02 -2.252081185579299927e-01 3.344622999429702759e-02 9.734193086624145508e-01
7.494123458862304688e+00 9.686267375946044922e-01 3.497040987014770508e+00 2.425654791295528412e-02 -2.185575217008590698e-01 3.038050793111324310e-02 9.750493764877319336e-01
7.665489673614501953e+00 9.852534532546997070e-01 3.535405158996582031e+00 2.370186895132064819e-02 -2.102881222963333130e-01 2.686358615756034851e-02 9.769828319549560547e-01
7.826954364776611328e+00 9.917551875114440918e-01 3.608516216278076172e+00 2.190355956554412842e-02 -2.015516906976699829e-01 2.254290319979190826e-02 9.789734482765197754e-01
7.997976779937744141e+00 1.001046419143676758e+00 3.671259880065917969e+00 2.042324095964431763e-02 -1.921683698892593384e-01 1.807526126503944397e-02 9.809828996658325195e-01
8.161256790161132812e+00 1.017881631851196289e+00 3.768024206161499023e+00 1.881001144647598267e-02 -1.830211877822875977e-01 1.348329707980155945e-02 9.828365445137023926e-01
8.315719604492187500e+00 1.030583143234252930e+00 3.835855245590209961e+00 1.699332334101200104e-02 -1.718203276395797729e-01 8.809550665318965912e-03 9.849423170089721680e-01
8.522825241088867188e+00 1.067453265190124512e+00 3.927617788314819336e+00 1.615254580974578857e-02 -1.628434062004089355e-01 4.752969834953546524e-03 9.865082502365112305e-01
8.725440979003906250e+00 1.114892959594726562e+00 4.022074699401855469e+00 1.557849720120429993e-02 -1.536813229322433472e-01 1.058597117662429810e-03 9.879970550537109375e-01
8.897097587585449219e+00 1.146983265876770020e+00 4.124107360839843750e+00 1.435441803187131882e-02 -1.438342928886413574e-01 -3.267925931140780449e-03 9.894922971725463867e-01
9.073079109191894531e+00 1.180599093437194824e+00 4.227199077606201172e+00 1.297711580991744995e-02 -1.341401636600494385e-01 -7.685165386646986008e-03 9.908475875854492188e-01
9.238388061523437500e+00 1.203351497650146484e+00 4.301938533782958984e+00 1.167699601501226425e-02 -1.238568574190139771e-01 -1.221828162670135498e-02 9.921561479568481445e-01
9.412691116333007812e+00 1.218816995620727539e+00 4.350310802459716797e+00 1.049549225717782974e-02 -1.137682870030403137e-01 -1.654505915939807892e-02 9.933140873908996582e-01
9.576456069946289062e+00 1.238679647445678711e+00 4.394413948059082031e+00 9.345220401883125305e-03 -1.053218469023704529e-01 -2.012868225574493408e-02 9.941905140876770020e-01
9.709765434265136719e+00 1.279816150665283203e+00 4.488623142242431641e+00 7.885995320975780487e-03 -9.710548818111419678e-02 -2.476123720407485962e-02 9.949347972869873047e-01
9.837319374084472656e+00 1.315805077552795410e+00 4.566745281219482422e+00 6.607931107282638550e-03 -8.983625471591949463e-02 -2.858078666031360626e-02 9.955244660377502441e-01
9.968781471252441406e+00 1.349071264266967773e+00 4.638967990875244141e+00 5.263654515147209167e-03 -8.366038650274276733e-02 -3.205466270446777344e-02 9.959647059440612793e-01
1.009644889831542969e+01 1.391791105270385742e+00 4.738787651062011719e+00 3.989549353718757629e-03 -7.930741459131240845e-02 -3.546289354562759399e-02 9.962112307548522949e-01
1.022748661041259766e+01 1.438217759132385254e+00 4.831974029541015625e+00 3.402174217626452446e-03 -7.689051330089569092e-02 -3.853837400674819946e-02 9.962885975837707520e-01
1.036257362365722656e+01 1.480286598205566406e+00 4.912981986999511719e+00 3.281005891039967537e-03 -7.657054066658020020e-02 -4.048551246523857117e-02 9.962364435195922852e-01
1.049724864959716797e+01 1.521971702575683594e+00 4.994945049285888672e+00 3.273673821240663528e-03 -7.876840233802795410e-02 -4.183925688266754150e-02 9.960091710090637207e-01
1.061265850067138672e+01 1.558945536613464355e+00 5.059387207031250000e+00 3.541666781529784203e-03 -8.291138708591461182e-02 -4.225895926356315613e-02 9.956542253494262695e-01
1.067106533050537109e+01 1.607789039611816406e+00 5.149169921875000000e+00 3.673407016322016716e-03 -8.849539607763290405e-02 -4.275690019130706787e-02 9.951516985893249512e-01
1.071059608459472656e+01 1.662457704544067383e+00 5.239927768707275391e+00 3.679147921502590179e-03 -9.762436896562576294e-02 -4.241729155182838440e-02 9.943121671676635742e-01
1.073051071166992188e+01 1.712831020355224609e+00 5.318885803222656250e+00 2.330390037968754768e-03 -1.087296679615974426e-01 -4.178509488701820374e-02 9.931899905204772949e-01
1.074408054351806641e+01 1.802986264228820801e+00 5.382328510284423828e+00 2.275129081681370735e-03 -1.214548796415328979e-01 -3.972161561250686646e-02 9.917992353439331055e-01
1.075134658813476562e+01 1.889102339744567871e+00 5.411382198333740234e+00 2.733404980972409248e-03 -1.357195824384689331e-01 -3.670098260045051575e-02 9.900635480880737305e-01
1.073803710937500000e+01 2.000595092773437500e+00 5.471443653106689453e+00 4.029203206300735474e-03 -1.503924578428268433e-01 -3.373833373188972473e-02 9.880422949790954590e-01
1.068804931640625000e+01 2.110568284988403320e+00 5.507371425628662109e+00 5.563690327107906342e-03 -1.645710915327072144e-01 -3.098740987479686737e-02 9.858626723289489746e-01
1.061800384521484375e+01 2.242794513702392578e+00 5.589686870574951172e+00 7.423753850162029266e-03 -1.792580783367156982e-01 -2.804905362427234650e-02 9.833741188049316406e-01
1.055074691772460938e+01 2.362432241439819336e+00 5.646839141845703125e+00 9.496647864580154419e-03 -1.943446993827819824e-01 -2.443485148251056671e-02 9.805829524993896484e-01
1.047737026214599609e+01 2.483479261398315430e+00 5.670958042144775391e+00 1.214907970279455185e-02 -2.083873003721237183e-01 -2.042490988969802856e-02 9.777576327323913574e-01
1.042417335510253906e+01 2.632741689682006836e+00 5.710354804992675781e+00 1.610269583761692047e-02 -2.231820970773696899e-01 -1.527504902333021164e-02 9.745240807533264160e-01
1.039019584655761719e+01 2.786605596542358398e+00 5.772452831268310547e+00 2.002916671335697174e-02 -2.384511828422546387e-01 -9.408291429281234741e-03 9.709023833274841309e-01
1.036595439910888672e+01 2.939349889755249023e+00 5.853352069854736328e+00 2.362866513431072235e-02 -2.538251876831054688e-01 -3.187320427969098091e-03 9.669561982154846191e-01
1.034917736053466797e+01 3.077039480209350586e+00 5.935267925262451172e+00 2.646089345216751099e-02 -2.685506343841552734e-01 3.000811440870165825e-03 9.628974199295043945e-01
1.031248378753662109e+01 3.198990345001220703e+00 6.034073829650878906e+00 2.790597081184387207e-02 -2.820281386375427246e-01 9.025006555020809174e-03 9.589577317237854004e-01
1.027180671691894531e+01 3.312572002410888672e+00 6.118660449981689453e+00 2.881879359483718872e-02 -2.935849726200103760e-01 1.504961214959621429e-02 9.553799629211425781e-01
1.022936630249023438e+01 3.415299177169799805e+00 6.182013034820556641e+00 2.856381423771381378e-02 -3.024656176567077637e-01 2.096562460064888000e-02 9.525014758110046387e-01
1.017629337310791016e+01 3.514765262603759766e+00 6.247066497802734375e+00 2.753926441073417664e-02 -3.091631531715393066e-01 2.687197364866733551e-02 9.502303004264831543e-01
1.013001728057861328e+01 3.613489151000976562e+00 6.298840522766113281e+00 2.599099650979042053e-02 -3.135679066181182861e-01 3.296936675906181335e-02 9.486372470855712891e-01
1.008469200134277344e+01 3.712015390396118164e+00 6.353141307830810547e+00 2.368013374507427216e-02 -3.158463537693023682e-01 3.915491327643394470e-02 9.477062821388244629e-01
1.004899883270263672e+01 3.827605009078979492e+00 6.429979801177978516e+00 1.879286393523216248e-02 -3.170470595359802246e-01 4.506093636155128479e-02 9.471523165702819824e-01
9.993573188781738281e+00 3.944772720336914062e+00 6.493288040161132812e+00 1.326223555952310562e-02 -3.148570060729980469e-01 5.078800767660140991e-02 9.476864933967590332e-01
9.946472167968750000e+00 4.055263519287109375e+00 6.564391136169433594e+00 6.347157061100006104e-03 -3.110012412071228027e-01 5.638669058680534363e-02 9.487141370773315430e-01
9.896489143371582031e+00 4.197255611419677734e+00 6.637257099151611328e+00 5.299949552863836288e-04 -3.049034178256988525e-01 6.265448033809661865e-02 9.503200054168701172e-01
9.850687980651855469e+00 4.320199489593505859e+00 6.706190109252929688e+00 -6.925917230546474457e-03 -2.972483634948730469e-01 6.845926493406295776e-02 9.523175954818725586e-01
9.789253234863281250e+00 4.428015232086181641e+00 6.788191318511962891e+00 -1.606438867747783661e-02 -2.875987291336059570e-01 7.381684333086013794e-02 9.547669887542724609e-01
9.728390693664550781e+00 4.537127971649169922e+00 6.875319957733154297e+00 -2.555291168391704559e-02 -2.765171527862548828e-01 7.922926545143127441e-02 9.573965072631835938e-01
9.662691116333007812e+00 4.648612976074218750e+00 6.965905189514160156e+00 -3.510833159089088440e-02 -2.638859450817108154e-01 8.458300679922103882e-02 9.601964950561523438e-01
9.598780632019042969e+00 4.759870529174804688e+00 7.065720558166503906e+00 -4.476083070039749146e-02 -2.506375312805175781e-01 8.998345583677291870e-02 9.628500938415527344e-01
9.534998893737792969e+00 4.862067222595214844e+00 7.166257858276367188e+00 -5.518623813986778259e-02 -2.361953705549240112e-01 9.505268931388854980e-02 9.654694199562072754e-01
9.471454620361328125e+00 4.953940391540527344e+00 7.273085594177246094e+00 -6.621184200048446655e-02 -2.209653407335281372e-01 9.984188526868820190e-02 9.678955674171447754e-01
9.414291381835937500e+00 5.041645050048828125e+00 7.370039939880371094e+00 -7.659115642309188843e-02 -2.052433043718338013e-01 1.050607338547706604e-01 9.700367450714111328e-01
9.358750343322753906e+00 5.117808818817138672e+00 7.465042114257812500e+00 -8.783092349767684937e-02 -1.884783357381820679e-01 1.096902340650558472e-01 9.719720482826232910e-01
9.309322357177734375e+00 5.184129238128662109e+00 7.550058841705322266e+00 -9.915702044963836670e-02 -1.714432388544082642e-01 1.142927482724189758e-01 9.735051393508911133e-01
9.259675979614257812e+00 5.247040271759033203e+00 7.634231567382812500e+00 -1.102854013442993164e-01 -1.539994478225708008e-01 1.185359805822372437e-01 9.747155904769897461e-01
9.213040351867675781e+00 5.305057525634765625e+00 7.710360050201416016e+00 -1.210804358124732971e-01 -1.362548321485519409e-01 1.226487830281257629e-01 9.755672216415405273e-01
9.171840667724609375e+00 5.361413478851318359e+00 7.780393123626708984e+00 -1.315254718065261841e-01 -1.191413924098014832e-01 1.264540404081344604e-01 9.759691357612609863e-01
9.138015747070312500e+00 5.408278942108154297e+00 7.843554973602294922e+00 -1.418837010860443115e-01 -1.028311401605606079e-01 1.303675621747970581e-01 9.758581519126892090e-01
9.104591369628906250e+00 5.450536251068115234e+00 7.903418540954589844e+00 -1.519903838634490967e-01 -8.661210536956787109e-02 1.341075003147125244e-01 9.754037261009216309e-01
9.075630187988281250e+00 5.487984180450439453e+00 7.958328723907470703e+00 -1.613021194934844971e-01 -7.199492305517196655e-02 1.374088078737258911e-01 9.746369719505310059e-01
9.050367355346679688e+00 5.521499156951904297e+00 8.004181861877441406e+00 -1.698215901851654053e-01 -5.793693661689758301e-02 1.408501416444778442e-01 9.736350178718566895e-01
9.030880928039550781e+00 5.550550937652587891e+00 8.041700363159179688e+00 -1.779979914426803589e-01 -4.549226164817810059e-02 1.439337283372879028e-01 9.723837971687316895e-01
9.013431549072265625e+00 5.574305534362792969e+00 8.076250076293945312e+00 -1.859084069728851318e-01 -3.388770297169685364e-02 1.471761912107467651e-01 9.708907604217529297e-01
8.998031616210937500e+00 5.591356277465820312e+00 8.108199119567871094e+00 -1.932396888732910156e-01 -2.313156984746456146e-02 1.500112712383270264e-01 9.693399667739868164e-01
8.988559722900390625e+00 5.605163574218750000e+00 8.128385543823242188e+00 -1.997165828943252563e-01 -1.416723523288965225e-02 1.515984535217285156e-01 9.679517149925231934e-01
8.978193283081054688e+00 5.618117809295654297e+00 8.148360252380371094e+00 -2.054501026868820190e-01 -6.380358710885047913e-03 1.491277515888214111e-01 9.672179222106933594e-01
8.972471237182617188e+00 5.623838424682617188e+00 8.157669067382812500e+00 -2.107690125703811646e-01 4.997101859771646559e-05 1.465340107679367065e-01 9.664906859397888184e-01
8.967377662658691406e+00 5.628260135650634766e+00 8.170294761657714844e+00 -2.155842483043670654e-01 5.303023383021354675e-03 1.444587558507919312e-01 9.657261371612548828e-01
8.959261894226074219e+00 5.639508247375488281e+00 8.182974815368652344e+00 -2.190964519977569580e-01 1.026344858109951019e-02 1.433485597372055054e-01 9.650609493255615234e-01
8.954367637634277344e+00 5.647897720336914062e+00 8.192935943603515625e+00 -2.220959663391113281e-01 1.369389239698648453e-02 1.424883753061294556e-01 9.644598960876464844e-01
8.949813842773437500e+00 5.659716606140136719e+00 8.202933311462402344e+00 -2.241940200328826904e-01 1.600552909076213837e-02 1.416520476341247559e-01 9.640620350837707520e-01
8.944630622863769531e+00 5.671802520751953125e+00 8.213337898254394531e+00 -2.253365814685821533e-01 1.738244481384754181e-02 1.410525441169738770e-01 9.638596773147583008e-01
8.940497398376464844e+00 5.682318687438964844e+00 8.221297264099121094e+00 -2.256105095148086548e-01 1.792344264686107635e-02 1.406810581684112549e-01 9.638399481773376465e-01
8.936076164245605469e+00 5.688693046569824219e+00 8.231741905212402344e+00 -2.256626486778259277e-01 1.777061820030212402e-02 1.409356594085693359e-01 9.637933969497680664e-01
8.931407928466796875e+00 5.695547103881835938e+00 8.242424011230468750e+00 -2.248683124780654907e-01 1.687975786626338959e-02 1.414034217596054077e-01 9.639265537261962891e-01
8.922029495239257812e+00 5.712309837341308594e+00 8.262369155883789062e+00 -2.224982678890228271e-01 1.440208591520786285e-02 1.419535428285598755e-01 9.644357562065124512e-01
8.911464691162109375e+00 5.729251384735107422e+00 8.284678459167480469e+00 -2.192651033401489258e-01 1.133129838854074478e-02 1.429902315139770508e-01 9.650638699531555176e-01
8.897588729858398438e+00 5.749234199523925781e+00 8.312096595764160156e+00 -2.150163948535919189e-01 7.725309114903211594e-03 1.444662511348724365e-01 9.658352732658386230e-01
8.887052536010742188e+00 5.764904975891113281e+00 8.330250740051269531e+00 -2.097615450620651245e-01 2.426181454211473465e-03 1.418395489454269409e-01 9.674067497253417969e-01
8.872661590576171875e+00 5.789462566375732422e+00 8.357365608215332031e+00 -2.031508386135101318e-01 -5.102603696286678314e-03 1.361108273267745972e-01 9.696275591850280762e-01
8.856227874755859375e+00 5.818051338195800781e+00 8.388929367065429688e+00 -1.952143311500549316e-01 -1.365750562399625778e-02 1.294320970773696899e-01 9.720864892005920410e-01
8.839534759521484375e+00 5.841667175292968750e+00 8.419616699218750000e+00 -1.868456006050109863e-01 -2.297349460422992706e-02 1.225728914141654968e-01 9.744417667388916016e-01
8.820510864257812500e+00 5.872701168060302734e+00 8.453800201416015625e+00 -1.770465523004531860e-01 -3.326984122395515442e-02 1.142127811908721924e-01 9.769867062568664551e-01
8.800953865051269531e+00 5.905082225799560547e+00 8.488718032836914062e+00 -1.662800759077072144e-01 -4.456946253776550293e-02 1.053222343325614929e-01 9.794241786003112793e-01
8.780535697937011719e+00 5.940564155578613281e+00 8.528553962707519531e+00 -1.547052264213562012e-01 -5.640732124447822571e-02 9.578159451484680176e-02 9.816874861717224121e-01
8.761631011962890625e+00 5.972383499145507812e+00 8.566362380981445312e+00 -1.426992714405059814e-01 -6.899571418762207031e-02 8.587279170751571655e-02 9.836170077323913574e-01
8.739048004150390625e+00 6.009848594665527344e+00 8.612738609313964844e+00 -1.300418823957443237e-01 -8.215202391147613525e-02 7.526177167892456055e-02 9.852288365364074707e-01
8.715644836425781250e+00 6.046464443206787109e+00 8.658987045288085938e+00 -1.171305105090141296e-01 -9.510277211666107178e-02 6.464219093322753906e-02 9.864366650581359863e-01
8.690779685974121094e+00 6.086349010467529297e+00 8.705794334411621094e+00 -1.036050245165824890e-01 -1.084568873047828674e-01 5.346628651022911072e-02 9.872407913208007812e-01
8.664862632751464844e+00 6.126891136169433594e+00 8.757132530212402344e+00 -8.992248773574829102e-02 -1.220115497708320618e-01 4.204822331666946411e-02 9.875520467758178711e-01
8.639452934265136719e+00 6.164569377899169922e+00 8.810893058776855469e+00 -7.649859040975570679e-02 -1.354685276746749878e-01 3.067497350275516510e-02 9.873476028442382812e-01
8.610898971557617188e+00 6.203557014465332031e+00 8.863185882568359375e+00 -6.319686025381088257e-02 -1.484847366809844971e-01 1.920063979923725128e-02 9.867065548896789551e-01
8.580458641052246094e+00 6.253275871276855469e+00 8.922070503234863281e+00 -4.919469356536865234e-02 -1.614830046892166138e-01 7.513269782066345215e-03 9.856199622154235840e-01
8.548236846923828125e+00 6.305822372436523438e+00 8.977449417114257812e+00 -3.503968566656112671e-02 -1.740727275609970093e-01 -4.274150822311639786e-03 9.840999245643615723e-01
8.515675544738769531e+00 6.362483978271484375e+00 9.010470390319824219e+00 -2.240645885467529297e-02 -1.847206801176071167e-01 -1.525092497467994690e-02 9.824172258377075195e-01
8.477637290954589844e+00 6.421097755432128906e+00 9.077188491821289062e+00 -8.871096186339855194e-03 -1.960246860980987549e-01 -2.648804709315299988e-02 9.802010059356689453e-01
8.442951202392578125e+00 6.466748237609863281e+00 9.140031814575195312e+00 2.773403888568282127e-03 -2.067965269088745117e-01 -3.747093304991722107e-02 9.776622056961059570e-01
8.410958290100097656e+00 6.508466720581054688e+00 9.212253570556640625e+00 1.295689865946769714e-02 -2.176035940647125244e-01 -4.801535233855247498e-02 9.747693538665771484e-01
8.374166488647460938e+00 6.561387062072753906e+00 9.291699409484863281e+00 2.363062836229801178e-02 -2.273316532373428345e-01 -5.819922685623168945e-02 9.717894792556762695e-01
8.330737113952636719e+00 6.602776050567626953e+00 9.366079330444335938e+00 3.204407170414924622e-02 -2.355152070522308350e-01 -6.780215352773666382e-02 9.689729809761047363e-01
8.291213035583496094e+00 6.664550781250000000e+00 9.441377639770507812e+00 3.384853154420852661e-02 -2.445846945047378540e-01 -6.176881119608879089e-02 9.670662879943847656e-01
8.248696327209472656e+00 6.714564800262451172e+00 9.525427818298339844e+00 3.445030003786087036e-02 -2.530980110168457031e-01 -5.628802254796028137e-02 9.651871919631958008e-01
8.207454681396484375e+00 6.768764019012451172e+00 9.609273910522460938e+00 3.493094444274902344e-02 -2.602555751800537109e-01 -5.224081501364707947e-02 9.634925127029418945e-01
8.158472061157226562e+00 6.824847221374511719e+00 9.695659637451171875e+00 3.519014641642570496e-02 -2.657970786094665527e-01 -4.883996397256851196e-02 9.621477127075195312e-01
8.109517097473144531e+00 6.889281272888183594e+00 9.782746315002441406e+00 3.614124655723571777e-02 -2.700585126876831055e-01 -4.583109542727470398e-02 9.610732197761535645e-01
8.062131881713867188e+00 6.945661544799804688e+00 9.873023986816406250e+00 3.593626618385314941e-02 -2.733384370803833008e-01 -4.371380433440208435e-02 9.602519273757934570e-01
8.007686614990234375e+00 7.015471935272216797e+00 9.966341972351074219e+00 3.616319224238395691e-02 -2.748233675956726074e-01 -4.259795695543289185e-02 9.598696827888488770e-01
7.961410999298095703e+00 7.073601722717285156e+00 1.005271339416503906e+01 3.610466420650482178e-02 -2.751823961734771729e-01 -4.255651310086250305e-02 9.597708582878112793e-01
7.918580532073974609e+00 7.129427433013916016e+00 1.013642978668212891e+01 3.598467633128166199e-02 -2.741544544696807861e-01 -4.321443662047386169e-02 9.600400924682617188e-01
7.873759269714355469e+00 7.176549434661865234e+00 1.020861053466796875e+01 3.525417298078536987e-02 -2.711278498172760010e-01 -4.508324712514877319e-02 9.608404040336608887e-01
7.837330818176269531e+00 7.220032215118408203e+00 1.027422332763671875e+01 3.425595164299011230e-02 -2.670024335384368896e-01 -4.804050549864768982e-02 9.618878960609436035e-01
7.806428432464599609e+00 7.262151241302490234e+00 1.033332729339599609e+01 3.325393050909042358e-02 -2.614589035511016846e-01 -5.196482688188552856e-02 9.632409214973449707e-01
7.779522895812988281e+00 7.296625137329101562e+00 1.038679790496826172e+01 3.212498128414154053e-02 -2.544781267642974854e-01 -5.656100064516067505e-02 9.648884534835815430e-01
7.753855705261230469e+00 7.333878517150878906e+00 1.043394279479980469e+01 3.158150240778923035e-02 -2.457616925239562988e-01 -6.205520778894424438e-02 9.668262600898742676e-01
7.730051040649414062e+00 7.366953849792480469e+00 1.047333812713623047e+01 2.752699330449104309e-02 -2.362515926361083984e-01 -6.964343786239624023e-02 9.688019752502441406e-01
7.714630603790283203e+00 7.392842292785644531e+00 1.050896167755126953e+01 2.172067947685718536e-02 -2.261380255222320557e-01 -7.830509543418884277e-02 9.706997871398925781e-01
7.699819564819335938e+00 7.409075736999511719e+00 1.053425025939941406e+01 1.388509944081306458e-02 -2.145401835441589355e-01 -8.768823742866516113e-02 9.726718068122863770e-01
7.687848091125488281e+00 7.419798851013183594e+00 1.055570793151855469e+01 4.578741732984781265e-03 -2.016433179378509521e-01 -9.820202738046646118e-02 9.745128750801086426e-01
7.684715270996093750e+00 7.428977489471435547e+00 1.056869220733642578e+01 -5.761606153100728989e-03 -1.879593729972839355e-01 -1.092729642987251282e-01 9.760622382164001465e-01
7.677691936492919922e+00 7.430308341979980469e+00 1.057714843750000000e+01 -1.941704750061035156e-02 -1.724491119384765625e-01 -1.110703945159912109e-01 9.785436391830444336e-01
7.672925472259521484e+00 7.434329509735107422e+00 1.058893108367919922e+01 -3.650377690792083740e-02 -1.557973921298980713e-01 -1.038521379232406616e-01 9.816360473632812500e-01
7.664474964141845703e+00 7.441317558288574219e+00 1.060718154907226562e+01 -5.483335629105567932e-02 -1.380192637443542480e-01 -9.548135846853256226e-02 9.842902421951293945e-01
7.651326656341552734e+00 7.451094150543212891e+00 1.063258075714111328e+01 -7.448179274797439575e-02 -1.190194934606552124e-01 -8.666004240512847900e-02 9.862945079803466797e-01
7.630868911743164062e+00 7.468807220458984375e+00 1.066423797607421875e+01 -9.462841600179672241e-02 -9.870141744613647461e-02 -7.713359594345092773e-02 9.876000881195068359e-01
7.610577106475830078e+00 7.487553596496582031e+00 1.070146846771240234e+01 -1.154964715242385864e-01 -7.825097441673278809e-02 -6.698876619338989258e-02 9.879523515701293945e-01
7.587147712707519531e+00 7.511805057525634766e+00 1.074530506134033203e+01 -1.364864856004714966e-01 -5.767443776130676270e-02 -5.615929141640663147e-02 9.873657822608947754e-01
7.561734676361083984e+00 7.538727760314941406e+00 1.079355812072753906e+01 -1.576994508504867554e-01 -3.717803582549095154e-02 -4.439007118344306946e-02 9.857881069183349609e-01
7.533048152923583984e+00 7.569708824157714844e+00 1.084779739379882812e+01 -1.791060417890548706e-01 -1.676135323941707611e-02 -3.258072957396507263e-02 9.831473231315612793e-01
7.500535011291503906e+00 7.599911689758300781e+00 1.090972805023193359e+01 -1.998352855443954468e-01 2.751648658886551857e-03 -2.055683359503746033e-02 9.796099662780761719e-01
7.467004776000976562e+00 7.641148090362548828e+00 1.096991157531738281e+01 -2.202175855636596680e-01 2.220029942691326141e-02 -8.293512277305126190e-03 9.751628637313842773e-01
7.430541515350341797e+00 7.686335563659667969e+00 1.103829669952392578e+01 -2.387574613094329834e-01 3.997000306844711304e-02 3.786197630688548088e-03 9.702489376068115234e-01
7.394374370574951172e+00 7.723758697509765625e+00 1.111159515380859375e+01 -2.582695484161376953e-01 5.658443644642829895e-02 1.727326586842536926e-02 9.642596840858459473e-01
7.356104373931884766e+00 7.767584323883056641e+00 1.118362998962402344e+01 -2.755852043628692627e-01 7.159969210624694824e-02 3.007853217422962189e-02 9.581344127655029297e-01
7.317798614501953125e+00 7.811693191528320312e+00 1.125732707977294922e+01 -2.915093302726745605e-01 8.444315940141677856e-02 4.275287315249443054e-02 9.518738389015197754e-01
7.278197288513183594e+00 7.854608535766601562e+00 1.133552169799804688e+01 -3.068741858005523682e-01 9.492059797048568726e-02 5.524771660566329956e-02 9.453920125961303711e-01
7.235547065734863281e+00 7.901588439941406250e+00 1.141500854492187500e+01 -3.201609849929809570e-01 1.035857051610946655e-01 6.705956906080245972e-02 9.392922520637512207e-01
7.191555976867675781e+00 7.949045658111572266e+00 1.149568462371826172e+01 -3.317279517650604248e-01 1.095950081944465637e-01 7.859864830970764160e-02 9.336850643157958984e-01
7.147209644317626953e+00 7.998327732086181641e+00 1.157809543609619141e+01 -3.415128290653228760e-01 1.126360222697257996e-01 9.033648669719696045e-02 9.287202954292297363e-01
7.101490020751953125e+00 8.048545837402343750e+00 1.166133975982666016e+01 -3.493272960186004639e-01 1.124637201428413391e-01 1.012893244624137878e-01 9.246960878372192383e-01
7.059069156646728516e+00 8.089713096618652344e+00 1.173598957061767578e+01 -3.547081351280212402e-01 1.094067171216011047e-01 1.115292608737945557e-01 9.218316078186035156e-01
7.010321617126464844e+00 8.143150329589843750e+00 1.181923103332519531e+01 -3.576156795024871826e-01 1.024911552667617798e-01 1.207425072789192200e-01 9.203411340713500977e-01
6.957814216613769531e+00 8.197679519653320312e+00 1.190609741210937500e+01 -3.593416512012481689e-01 8.993239700794219971e-02 1.224516928195953369e-01 9.207558631896972656e-01
6.904062747955322266e+00 8.254904747009277344e+00 1.199447631835937500e+01 -3.584568500518798828e-01 7.467973232269287109e-02 1.244503557682037354e-01 9.221950769424438477e-01
6.849665641784667969e+00 8.308931350708007812e+00 1.208815383911132812e+01 -3.561600744724273682e-01 5.724272876977920532e-02 1.279930770397186279e-01 9.238458275794982910e-01
6.795294284820556641e+00 8.367526054382324219e+00 1.217821407318115234e+01 -3.505312800407409668e-01 3.788825124502182007e-02 1.308536976575851440e-01 9.265903234481811523e-01
6.737617015838623047e+00 8.433638572692871094e+00 1.227606582641601562e+01 -3.434143960475921631e-01 1.672536879777908325e-02 1.345503330230712891e-01 9.293454885482788086e-01
6.678225994110107422e+00 8.490664482116699219e+00 1.237307929992675781e+01 -3.351712822914123535e-01 -5.205813329666852951e-03 1.397466808557510376e-01 9.317209720611572266e-01
6.614726066589355469e+00 8.554561614990234375e+00 1.247349071502685547e+01 -3.252699077129364014e-01 -2.791103906929492950e-02 1.451912671327590942e-01 9.339914321899414062e-01
6.553129196166992188e+00 8.616831779479980469e+00 1.257400512695312500e+01 -3.141542673110961914e-01 -5.152014642953872681e-02 1.515440642833709717e-01 9.357815980911254883e-01
6.489906311035156250e+00 8.680222511291503906e+00 1.267874526977539062e+01 -3.023371100425720215e-01 -7.573159039020538330e-02 1.585867553949356079e-01 9.368603229522705078e-01
6.426251411437988281e+00 8.744070053100585938e+00 1.278813362121582031e+01 -2.902736663818359375e-01 -1.002500653266906738e-01 1.662075668573379517e-01 9.370518326759338379e-01
6.415135860443115234e+00 8.757926940917968750e+00 1.279749965667724609e+01 -2.762617170810699463e-01 -1.252593249082565308e-01 1.745345145463943481e-01 9.367642402648925781e-01
6.349463462829589844e+00 8.830172538757324219e+00 1.290750026702880859e+01 -2.625540792942047119e-01 -1.496962755918502808e-01 1.835107207298278809e-01 9.354037642478942871e-01
6.288633823394775391e+00 8.903761863708496094e+00 1.302043247222900391e+01 -2.488292306661605835e-01 -1.756529808044433594e-01 1.910301446914672852e-01 9.331331849098205566e-01
6.220133781433105469e+00 8.986609458923339844e+00 1.313624286651611328e+01 -2.336407601833343506e-01 -2.013782411813735962e-01 1.927540600299835205e-01 9.315066933631896973e-01
6.147582054138183594e+00 9.058795928955078125e+00 1.325474548339843750e+01 -2.198546826839447021e-01 -2.254056185483932495e-01 1.954325586557388306e-01 9.287961721420288086e-01
6.077554225921630859e+00 9.138058662414550781e+00 1.337188816070556641e+01 -2.056064158678054810e-01 -2.490016669034957886e-01 1.972597241401672363e-01 9.256418347358703613e-01
6.004832267761230469e+00 9.227674484252929688e+00 1.349419116973876953e+01 -1.909598112106323242e-01 -2.714574635028839111e-01 1.981000304222106934e-01 9.222806096076965332e-01
5.930708885192871094e+00 9.310450553894042969e+00 1.361839389801025391e+01 -1.777669787406921387e-01 -2.915793955326080322e-01 1.989241242408752441e-01 9.185910820960998535e-01
5.855283737182617188e+00 9.395786285400390625e+00 1.374474811553955078e+01 -1.655039340257644653e-01 -3.100368678569793701e-01 1.999627649784088135e-01 9.146040081977844238e-01
5.776381969451904297e+00 9.485957145690917969e+00 1.387642955780029297e+01 -1.543216556310653687e-01 -3.263111114501953125e-01 2.009391635656356812e-01 9.106752276420593262e-01
5.698063373565673828e+00 9.571655273437500000e+00 1.401077842712402344e+01 -1.444734930992126465e-01 -3.404243886470794678e-01 2.016994059085845947e-01 9.069487452507019043e-01
5.614746570587158203e+00 9.680932998657226562e+00 1.410088825225830078e+01 -1.337128430604934692e-01 -3.504138290882110596e-01 2.034367173910140991e-01 9.044028520584106445e-01
5.515162467956542969e+00 9.787989616394042969e+00 1.423722839355468750e+01 -1.251104325056076050e-01 -3.604679405689239502e-01 2.050003558397293091e-01 9.013240933418273926e-01
5.418503284454345703e+00 9.857470512390136719e+00 1.438386440277099609e+01 -1.188507676124572754e-01 -3.692643940448760986e-01 2.049215883016586304e-01 8.986241817474365234e-01
5.344162940979003906e+00 9.941112518310546875e+00 1.451245021820068359e+01 -1.125328615307807922e-01 -3.758132755756378174e-01 2.050890028476715088e-01 8.966823220252990723e-01
5.273916721343994141e+00 1.001903915405273438e+01 1.466561985015869141e+01 -1.076193451881408691e-01 -3.822425603866577148e-01 2.047702223062515259e-01 8.946383595466613770e-01
5.194518566131591797e+00 1.013687515258789062e+01 1.481149578094482422e+01 -1.020463630557060242e-01 -3.868393301963806152e-01 2.060800939798355103e-01 8.930133581161499023e-01
5.107275962829589844e+00 1.024430465698242188e+01 1.496928024291992188e+01 -9.761913865804672241e-02 -3.906887769699096680e-01 2.068907618522644043e-01 8.916440010070800781e-01
5.027977943420410156e+00 1.035413932800292969e+01 1.513794422149658203e+01 -9.382071346044540405e-02 -3.939628005027770996e-01 2.073199450969696045e-01 8.905107975006103516e-01
4.922108650207519531e+00 1.046978664398193359e+01 1.528738689422607422e+01 -8.980852365493774414e-02 -3.951217830181121826e-01 2.083276659250259399e-01 8.901757001876831055e-01
4.834516525268554688e+00 1.060292053222656250e+01 1.543094348907470703e+01 -8.527041971683502197e-02 -3.952696025371551514e-01 2.095033824443817139e-01 8.902804255485534668e-01
4.747108936309814453e+00 1.072212982177734375e+01 1.559286689758300781e+01 -8.180093765258789062e-02 -3.952404856681823730e-01 2.095637917518615723e-01 8.906046152114868164e-01
4.654169082641601562e+00 1.084346389770507812e+01 1.574863243103027344e+01 -7.828037440776824951e-02 -3.939467668533325195e-01 2.097560614347457886e-01 8.914485573768615723e-01
4.558153629302978516e+00 1.095538043975830078e+01 1.592032814025878906e+01 -7.543177157640457153e-02 -3.925548493862152100e-01 2.091451585292816162e-01 8.924511671066284180e-01
4.470088481903076172e+00 1.108017730712890625e+01 1.609185028076171875e+01 -7.212638109922409058e-02 -3.906344175338745117e-01 2.085395604372024536e-01 8.937078714370727539e-01
4.372003078460693359e+00 1.119894218444824219e+01 1.627131271362304688e+01 -6.915173679590225220e-02 -3.885046839714050293e-01 2.076013386249542236e-01 8.950887322425842285e-01
4.283638000488281250e+00 1.131237125396728516e+01 1.646322250366210938e+01 -6.617914140224456787e-02 -3.866107165813446045e-01 2.058347314596176147e-01 8.965403437614440918e-01
4.203049182891845703e+00 1.144072818756103516e+01 1.665818023681640625e+01 -6.191552802920341492e-02 -3.844082951545715332e-01 2.034716606140136719e-01 8.983295559883117676e-01
4.118595123291015625e+00 1.155236816406250000e+01 1.685254859924316406e+01 -5.826890841126441956e-02 -3.820281326770782471e-01 2.008113116025924683e-01 9.001855850219726562e-01
4.004322052001953125e+00 1.165979480743408203e+01 1.703775978088378906e+01 -5.409756302833557129e-02 -3.786090910434722900e-01 1.974549442529678345e-01 9.026296138763427734e-01
3.881594896316528320e+00 1.178243827819824219e+01 1.722597122192382812e+01 -4.973784089088439941e-02 -3.755042254924774170e-01 1.943299770355224609e-01 9.048528075218200684e-01
3.771072149276733398e+00 1.190184402465820312e+01 1.741178512573242188e+01 -4.482685774564743042e-02 -3.723871111869812012e-01 1.904397606849670410e-01 9.072216153144836426e-01
3.673655271530151367e+00 1.204068756103515625e+01 1.755926322937011719e+01 -3.812835365533828735e-02 -3.702629804611206055e-01 1.875577270984649658e-01 9.089959859848022461e-01
3.570656776428222656e+00 1.216601467132568359e+01 1.772903060913085938e+01 -3.211870044469833374e-02 -3.678390085697174072e-01 1.829667389392852783e-01 9.111454486846923828e-01
3.484603404998779297e+00 1.228759860992431641e+01 1.789288520812988281e+01 -2.551942318677902222e-02 -3.662325143814086914e-01 1.779339909553527832e-01 9.129961729049682617e-01
3.394569158554077148e+00 1.240979766845703125e+01 1.806219863891601562e+01 -1.886604353785514832e-02 -3.650920093059539795e-01 1.727638244628906250e-01 9.146062135696411133e-01
3.304151296615600586e+00 1.252670288085937500e+01 1.821913337707519531e+01 -1.225239317864179611e-02 -3.643128871917724609e-01 1.677928864955902100e-01 9.159539341926574707e-01
3.242906570434570312e+00 1.262432098388671875e+01 1.835128974914550781e+01 -5.470792762935161591e-03 -3.643731176853179932e-01 1.620568037033081055e-01 9.170277714729309082e-01
3.155771732330322266e+00 1.272793006896972656e+01 1.850628471374511719e+01 8.832400781102478504e-04 -3.646237552165985107e-01 1.558727324008941650e-01 9.180154800415039062e-01
3.078275680541992188e+00 1.282877922058105469e+01 1.865527725219726562e+01 7.178863044828176498e-03 -3.659209609031677246e-01 1.500681638717651367e-01 9.184387922286987305e-01
2.988909721374511719e+00 1.292922401428222656e+01 1.880988502502441406e+01 1.293735951185226440e-02 -3.682501614093780518e-01 1.446088403463363647e-01 9.183205962181091309e-01
2.901027202606201172e+00 1.302203369140625000e+01 1.893911933898925781e+01 1.864857040345668793e-02 -3.706879317760467529e-01 1.388862580060958862e-01 9.181249141693115234e-01
2.819165468215942383e+00 1.310052871704101562e+01 1.907718276977539062e+01 2.352293580770492554e-02 -3.747470080852508545e-01 1.330485790967941284e-01 9.172292351722717285e-01
2.741038084030151367e+00 1.318687057495117188e+01 1.923521614074707031e+01 2.792537957429885864e-02 -3.803401291370391846e-01 1.275220960378646851e-01 9.155870676040649414e-01
2.685508728027343750e+00 1.328409576416015625e+01 1.943598365783691406e+01 3.225276246666908264e-02 -3.891080021858215332e-01 1.225470006465911865e-01 9.124346375465393066e-01
2.557463407516479492e+00 1.339196205139160156e+01 1.959928703308105469e+01 3.583003580570220947e-02 -3.964135646820068359e-01 1.172836646437644958e-01 9.098445177078247070e-01
2.376025199890136719e+00 1.352647304534912109e+01 1.974808883666992188e+01 3.883422911167144775e-02 -4.043788015842437744e-01 1.134472638368606567e-01 9.066969752311706543e-01
2.360342502593994141e+00 1.356930637359619141e+01 1.992975425720214844e+01 4.206974431872367859e-02 -4.163204133510589600e-01 1.058696582913398743e-01 9.020526409149169922e-01
2.255765438079833984e+00 1.364935302734375000e+01 2.012165451049804688e+01 4.301705211400985718e-02 -4.289793670177459717e-01 1.004903540015220642e-01 8.966760635375976562e-01
2.160422086715698242e+00 1.373037624359130859e+01 2.030657196044921875e+01 4.341224581003189087e-02 -4.437110722064971924e-01 9.562122076749801636e-02 8.899957537651062012e-01
2.049388647079467773e+00 1.381868362426757812e+01 2.048505210876464844e+01 4.327676445245742798e-02 -4.592689275741577148e-01 9.164322167634963989e-02 8.824968934059143066e-01
1.947298288345336914e+00 1.392184257507324219e+01 2.069576072692871094e+01 4.271166399121284485e-02 -4.769076406955718994e-01 8.808519691228866577e-02 8.734848499298095703e-01
1.840777635574340820e+00 1.402554225921630859e+01 2.089864158630371094e+01 4.125354439020156860e-02 -4.947970807552337646e-01 8.508485555648803711e-02 8.638486862182617188e-01
1.716453790664672852e+00 1.414402770996093750e+01 2.111305809020996094e+01 3.978783637285232544e-02 -5.132711529731750488e-01 8.215744048357009888e-02 8.533579707145690918e-01
1.610497713088989258e+00 1.426870346069335938e+01 2.134174156188964844e+01 3.738181293010711670e-02 -5.323039889335632324e-01 8.028352260589599609e-02 8.419083356857299805e-01
1.482566237449645996e+00 1.439816284179687500e+01 2.156516456604003906e+01 3.172550350427627563e-02 -5.510205030441284180e-01 8.344940096139907837e-02 8.297024369239807129e-01
1.379699468612670898e+00 1.451432800292968750e+01 2.181278228759765625e+01 2.569402009248733521e-02 -5.707281827926635742e-01 8.591218292713165283e-02 8.162280917167663574e-01
1.244752645492553711e+00 1.464254474639892578e+01 2.204487419128417969e+01 1.972382329404354095e-02 -5.889872908592224121e-01 8.777566999197006226e-02 8.031191825866699219e-01
1.134920120239257812e+00 1.477409267425537109e+01 2.229162597656250000e+01 1.438089553266763687e-02 -6.069408059120178223e-01 8.919778466224670410e-02 7.895947098731994629e-01
1.015447735786437988e+00 1.490692901611328125e+01 2.253141403198242188e+01 9.211751632392406464e-03 -6.237390637397766113e-01 9.029982239007949829e-02 7.763444185256958008e-01
8.948671221733093262e-01 1.504784011840820312e+01 2.276056098937988281e+01 4.740625619888305664e-03 -6.391338706016540527e-01 9.142295271158218384e-02 7.636277079582214355e-01
7.774867415428161621e-01 1.517186069488525391e+01 2.300192832946777344e+01 6.138110766187310219e-04 -6.536290645599365234e-01 9.133199602365493774e-02 7.512836456298828125e-01
6.659355759620666504e-01 1.530186367034912109e+01 2.323820877075195312e+01 -2.518370514735579491e-03 -6.667848825454711914e-01 9.137326478958129883e-02 7.396231889724731445e-01
5.603593587875366211e-01 1.542782402038574219e+01 2.347703552246093750e+01 -5.279069766402244568e-03 -6.785141825675964355e-01 9.132521599531173706e-02 7.288692593574523926e-01
4.439162313938140869e-01 1.555402851104736328e+01 2.370508193969726562e+01 -6.677581463009119034e-03 -6.882339119911193848e-01 9.112514555454254150e-02 7.197122573852539062e-01
3.235029280185699463e-01 1.568037605285644531e+01 2.393474197387695312e+01 -7.923897355794906616e-03 -6.961930990219116211e-01 9.106690436601638794e-02 7.120107412338256836e-01
2.164268046617507935e-01 1.579908752441406250e+01 2.414588165283203125e+01 -8.442251011729240417e-03 -7.016380429267883301e-01 9.112367779016494751e-02 7.066324353218078613e-01
1.189614683389663696e-01 1.591713428497314453e+01 2.440019798278808594e+01 -8.633480407297611237e-03 -7.061957120895385742e-01 9.140285104513168335e-02 7.020389437675476074e-01
2.168849110603332520e-03 1.605620765686035156e+01 2.460599136352539062e+01 -7.420605048537254333e-03 -7.071997523307800293e-01 9.280043840408325195e-02 7.008576989173889160e-01
-8.226707577705383301e-02 1.616029357910156250e+01 2.482691001892089844e+01 -9.900806471705436707e-03 -7.061399221420288086e-01 9.648709744215011597e-02 7.013977169990539551e-01
-1.947054564952850342e-01 1.627660369873046875e+01 2.504540252685546875e+01 -1.200225297361612320e-02 -7.029734253883361816e-01 1.011761426925659180e-01 7.038806080818176270e-01
-2.876827120780944824e-01 1.638895225524902344e+01 2.526150703430175781e+01 -1.338313240557909012e-02 -6.978574991226196289e-01 1.063463166356086731e-01 7.081711292266845703e-01
-3.738049268722534180e-01 1.650372505187988281e+01 2.547863960266113281e+01 -1.470662839710712433e-02 -6.909863948822021484e-01 1.120070442557334900e-01 7.139859795570373535e-01
-4.717462658882141113e-01 1.662287902832031250e+01 2.570895004272460938e+01 -1.567917875945568085e-02 -6.824631094932556152e-01 1.180172413587570190e-01 7.211589217185974121e-01
-5.861347317695617676e-01 1.674241638183593750e+01 2.593867111206054688e+01 -1.656330004334449768e-02 -6.724643111228942871e-01 1.242515742778778076e-01 7.294374704360961914e-01
-6.940955519676208496e-01 1.686251258850097656e+01 2.617613220214843750e+01 -1.740662194788455963e-02 -6.614778637886047363e-01 1.305124908685684204e-01 7.383160591125488281e-01
-8.032100796699523926e-01 1.699252510070800781e+01 2.642555999755859375e+01 -1.771014742553234100e-02 -6.494888067245483398e-01 1.372630596160888672e-01 7.476693987846374512e-01
-9.179637432098388672e-01 1.711714363098144531e+01 2.666798973083496094e+01 -1.796645112335681915e-02 -6.363033652305603027e-01 1.437784135341644287e-01 7.577090859413146973e-01
-1.037801384925842285e+00 1.723497772216796875e+01 2.684931182861328125e+01 -1.767156645655632019e-02 -6.206482052803039551e-01 1.497961431741714478e-01 7.694444060325622559e-01
-1.157360911369323730e+00 1.734507369995117188e+01 2.702334976196289062e+01 -1.733665540814399719e-02 -6.043578982353210449e-01 1.555211544036865234e-01 7.811940908432006836e-01
-1.279837131500244141e+00 1.746119117736816406e+01 2.724029159545898438e+01 -1.698881946504116058e-02 -5.890098214149475098e-01 1.608428210020065308e-01 7.917754650115966797e-01
-1.402698636054992676e+00 1.757924842834472656e+01 2.745078849792480469e+01 -1.628865674138069153e-02 -5.735877156257629395e-01 1.657458245754241943e-01 8.020349740982055664e-01
-1.527601003646850586e+00 1.768961143493652344e+01 2.766288566589355469e+01 -1.607466489076614380e-02 -5.579718947410583496e-01 1.702127903699874878e-01 8.120570182800292969e-01
-1.661266565322875977e+00 1.780697250366210938e+01 2.788809013366699219e+01 -1.527148205786943436e-02 -5.434142351150512695e-01 1.740686595439910889e-01 8.210772871971130371e-01
-1.780346870422363281e+00 1.793537521362304688e+01 2.811856460571289062e+01 -1.419822778552770615e-02 -5.297729969024658203e-01 1.779757291078567505e-01 8.291342854499816895e-01
-1.891463637351989746e+00 1.806276321411132812e+01 2.836777877807617188e+01 -1.350363902747631073e-02 -5.178087353706359863e-01 1.818396896123886108e-01 8.358385562896728516e-01
-1.994429826736450195e+00 1.819874191284179688e+01 2.859724426269531250e+01 -1.222408283501863480e-02 -5.071442723274230957e-01 1.847856938838958740e-01 8.417300581932067871e-01
-2.117382049560546875e+00 1.833031654357910156e+01 2.883111953735351562e+01 -1.100467238575220108e-02 -4.979126453399658203e-01 1.865853369235992432e-01 8.468458056449890137e-01
-2.226933240890502930e+00 1.844754791259765625e+01 2.906055641174316406e+01 -1.080924924463033676e-02 -4.907959997653961182e-01 1.876290738582611084e-01 8.507630825042724609e-01
-2.332923412322998047e+00 1.858264923095703125e+01 2.931306838989257812e+01 -1.019351556897163391e-02 -4.866007864475250244e-01 1.883509308099746704e-01 8.530179858207702637e-01
-2.452856779098510742e+00 1.871560287475585938e+01 2.956841659545898438e+01 -9.551867842674255371e-03 -4.844444096088409424e-01 1.880980730056762695e-01 8.543075919151306152e-01
-2.563008546829223633e+00 1.885707473754882812e+01 2.981854438781738281e+01 -8.438406512141227722e-03 -4.845455884933471680e-01 1.874622702598571777e-01 8.544016480445861816e-01
-2.679299592971801758e+00 1.898845100402832031e+01 3.006398582458496094e+01 -8.119294419884681702e-03 -4.858231544494628906e-01 1.860630959272384644e-01 8.539850711822509766e-01
-2.784207582473754883e+00 1.911634635925292969e+01 3.028627014160156250e+01 -7.859341800212860107e-03 -4.877359867095947266e-01 1.843376308679580688e-01 8.532710075378417969e-01
-2.900031328201293945e+00 1.923892021179199219e+01 3.052512741088867188e+01 -7.868776097893714905e-03 -4.915552139282226562e-01 1.819422245025634766e-01 8.515917658805847168e-01
-3.010752439498901367e+00 1.936015510559082031e+01 3.074044990539550781e+01 -7.476888131350278854e-03 -4.957589507102966309e-01 1.793808192014694214e-01 8.496997356414794922e-01
-3.112841844558715820e+00 1.948746490478515625e+01 3.095164489746093750e+01 -6.687238812446594238e-03 -5.005967617034912109e-01 1.770293116569519043e-01 8.473598957061767578e-01
-3.210943937301635742e+00 1.961314392089843750e+01 3.115664672851562500e+01 -6.083717569708824158e-03 -5.058920979499816895e-01 1.744136810302734375e-01 8.447579741477966309e-01
-3.306805133819580078e+00 1.972567558288574219e+01 3.135455513000488281e+01 -5.891363602131605148e-03 -5.115372538566589355e-01 1.713797301054000854e-01 8.419761657714843750e-01
-3.393209934234619141e+00 1.984323310852050781e+01 3.155048561096191406e+01 -5.347927100956439972e-03 -5.173948407173156738e-01 1.685949116945266724e-01 8.389575481414794922e-01
-3.483651876449584961e+00 1.994159698486328125e+01 3.174068069458007812e+01 -5.972551647573709488e-03 -5.229490399360656738e-01 1.652620881795883179e-01 8.361680507659912109e-01
-3.563743352890014648e+00 2.004600524902343750e+01 3.192811775207519531e+01 -6.224611308425664902e-03 -5.286389589309692383e-01 1.622680574655532837e-01 8.331693410873413086e-01
-3.647181034088134766e+00 2.014500808715820312e+01 3.210374450683593750e+01 -6.379726808518171310e-03 -5.327848196029663086e-01 1.597160696983337402e-01 8.310176730155944824e-01
-3.728603839874267578e+00 2.023815345764160156e+01 3.227574920654296875e+01 -6.923791021108627319e-03 -5.362839698791503906e-01 1.571853905916213989e-01 8.292432427406311035e-01
-3.804470539093017578e+00 2.033218765258789062e+01 3.244080734252929688e+01 -7.353717461228370667e-03 -5.386752486228942871e-01 1.553850471973419189e-01 8.280279636383056641e-01
-3.880408287048339844e+00 2.041909217834472656e+01 3.260374450683593750e+01 -7.919318042695522308e-03 -5.398482680320739746e-01 1.538403183221817017e-01 8.275471925735473633e-01
-3.953199863433837891e+00 2.050682067871093750e+01 3.275730133056640625e+01 -8.166530169546604156e-03 -5.392722487449645996e-01 1.530336290597915649e-01 8.280697464942932129e-01
-4.021540164947509766e+00 2.058302116394042969e+01 3.290814971923828125e+01 -9.288432076573371887e-03 -5.371307730674743652e-01 1.527097672224044800e-01 8.295083045959472656e-01
-4.085843086242675781e+00 2.066205596923828125e+01 3.305183410644531250e+01 -9.568590670824050903e-03 -5.330406427383422852e-01 1.529058665037155151e-01 8.321033120155334473e-01
-4.147900581359863281e+00 2.073206329345703125e+01 3.319224166870117188e+01 -1.088350079953670502e-02 -5.269255638122558594e-01 1.537093818187713623e-01 8.358256220817565918e-01
-4.209298133850097656e+00 2.080070114135742188e+01 3.332471466064453125e+01 -1.191356964409351349e-02 -5.184510946273803711e-01 1.556591540575027466e-01 8.407358527183532715e-01
-4.268311500549316406e+00 2.086704254150390625e+01 3.345149993896484375e+01 -1.268789824098348618e-02 -5.078816413879394531e-01 1.584451496601104736e-01 8.466347455978393555e-01
-4.323723793029785156e+00 2.093832588195800781e+01 3.356697463989257812e+01 -1.339047588407993317e-02 -4.952540397644042969e-01 1.618403345346450806e-01 8.534353375434875488e-01
-4.375985622406005859e+00 2.100965118408203125e+01 3.367615890502929688e+01 -1.433996018022298813e-02 -4.806966185569763184e-01 1.660620421171188354e-01 8.608998656272888184e-01
-4.425707817077636719e+00 2.108562469482421875e+01 3.377968215942382812e+01 -1.427953038364648819e-02 -4.654434323310852051e-01 1.710548251867294312e-01 8.682734370231628418e-01
-4.471786499023437500e+00 2.115145492553710938e+01 3.387553787231445312e+01 -1.419888250529766083e-02 -4.483596086502075195e-01 1.751740276813507080e-01 8.764052391052246094e-01
-4.511882305145263672e+00 2.119655799865722656e+01 3.397195816040039062e+01 -1.620447263121604919e-02 -4.304303824901580811e-01 1.795489639043807983e-01 8.844372630119323730e-01
-4.546319007873535156e+00 2.123817062377929688e+01 3.405961227416992188e+01 -1.820676028728485107e-02 -4.120916426181793213e-01 1.842190325260162354e-01 8.921391963958740234e-01
-4.575648784637451172e+00 2.127309989929199219e+01 3.414222717285156250e+01 -2.059765532612800598e-02 -3.934545814990997314e-01 1.882051974534988403e-01 8.996377587318420410e-01
-4.598851680755615234e+00 2.131309127807617188e+01 3.422212600708007812e+01 -2.246338687837123871e-02 -3.751181364059448242e-01 1.934795975685119629e-01 9.062822461128234863e-01
-4.622946739196777344e+00 2.134442138671875000e+01 3.429952239990234375e+01 -2.479743398725986481e-02 -3.556076884269714355e-01 1.972753107547760010e-01 9.132418632507324219e-01
-4.645843982696533203e+00 2.137237548828125000e+01 3.436027526855468750e+01 -2.702779695391654968e-02 -3.342323601245880127e-01 2.018021196126937866e-01 9.202359318733215332e-01
-4.666320323944091797e+00 2.139738655090332031e+01 3.442053222656250000e+01 -2.951024472713470459e-02 -3.131308257579803467e-01 2.054303288459777832e-01 9.267559647560119629e-01
-4.692096233367919922e+00 2.143422698974609375e+01 3.447157669067382812e+01 -3.096458874642848969e-02 -2.912285029888153076e-01 2.120489925146102905e-01 9.323424100875854492e-01
-4.703403472900390625e+00 2.145610237121582031e+01 3.452179336547851562e+01 -3.378538042306900024e-02 -2.712559401988983154e-01 2.165617942810058594e-01 9.372191429138183594e-01
-4.716576576232910156e+00 2.146996116638183594e+01 3.456340789794921875e+01 -3.673909604549407959e-02 -2.507724463939666748e-01 2.196634262800216675e-01 9.420782327651977539e-01
-4.727731227874755859e+00 2.148976135253906250e+01 3.459622573852539062e+01 -3.892856836318969727e-02 -2.308779507875442505e-01 2.238431721925735474e-01 9.460836052894592285e-01
-4.734418869018554688e+00 2.149806213378906250e+01 3.462393569946289062e+01 -4.194277152419090271e-02 -2.118028849363327026e-01 2.263960987329483032e-01 9.498026967048645020e-01
-4.739925384521484375e+00 2.150851821899414062e+01 3.464380645751953125e+01 -4.431646317243576050e-02 -1.939486414194107056e-01 2.291829884052276611e-01 9.528353214263916016e-01
-4.730207920074462891e+00 2.152937126159667969e+01 3.465742874145507812e+01 -4.546344652771949768e-02 -1.799227744340896606e-01 2.226617783308029175e-01 9.570698142051696777e-01
-4.725826740264892578e+00 2.153211021423339844e+01 3.466614532470703125e+01 -4.731338471174240112e-02 -1.659815907478332520e-01 2.151493579149246216e-01 9.612087607383728027e-01
-4.724007129669189453e+00 2.152252006530761719e+01 3.466613388061523438e+01 -4.947126656770706177e-02 -1.519727557897567749e-01 2.071590572595596313e-01 9.651642441749572754e-01
-4.719369411468505859e+00 2.152992630004882812e+01 3.466477584838867188e+01 -5.108273029327392578e-02 -1.399106085300445557e-01 2.013856917619705200e-01 9.681215882301330566e-01
-4.716841220855712891e+00 2.152432632446289062e+01 3.466468429565429688e+01 -5.407654121518135071e-02 -1.288899481296539307e-01 1.956305056810379028e-01 9.706656932830810547e-01
-4.684226036071777344e+00 2.153013229370117188e+01 3.464406585693359375e+01 -5.635093525052070618e-02 -1.219088137149810791e-01 1.919436752796173096e-01 9.721730351448059082e-01
-4.649584293365478516e+00 2.152429389953613281e+01 3.463309097290039062e+01 -6.028228625655174255e-02 -1.165303215384483337e-01 1.886038184165954590e-01 9.732498526573181152e-01
-4.606829643249511719e+00 2.148506164550781250e+01 3.460018920898437500e+01 -6.652553379535675049e-02 -1.124780178070068359e-01 1.856846660375595093e-01 9.738810062408447266e-01
-4.569258213043212891e+00 2.146708869934082031e+01 3.458015060424804688e+01 -7.076593488454818726e-02 -1.095365136861801147e-01 1.826061904430389404e-01 9.744993448257446289e-01
-4.539236545562744141e+00 2.146604347229003906e+01 3.457099914550781250e+01 -7.390099763870239258e-02 -1.074171140789985657e-01 1.806034743785858154e-01 9.748756885528564453e-01
-4.490703582763671875e+00 2.146109962463378906e+01 3.453661727905273438e+01 -7.385559380054473877e-02 -1.082812771201133728e-01 1.817237734794616699e-01 9.745752811431884766e-01
-4.480684280395507812e+00 2.145976448059082031e+01 3.453975677490234375e+01 -7.585373520851135254e-02 -1.066050454974174500e-01 1.800635010004043579e-01 9.749147295951843262e-01
-4.489536285400390625e+00 2.145650100708007812e+01 3.455165863037109375e+01 -7.779469341039657593e-02 -1.045487299561500549e-01 1.786625981330871582e-01 9.752421379089355469e-01
-4.483333587646484375e+00 2.147205162048339844e+01 3.456038665771484375e+01 -7.791553437709808350e-02 -1.054101288318634033e-01 1.793376803398132324e-01 9.750158190727233887e-01
-4.484206199645996094e+00 2.148500633239746094e+01 3.456213378906250000e+01 -7.743585109710693359e-02 -1.058174744248390198e-01 1.802472770214080811e-01 9.748421907424926758e-01
-4.482732295989990234e+00 2.149413871765136719e+01 3.457025909423828125e+01 -7.717454433441162109e-02 -1.080908402800559998e-01 1.811013221740722656e-01 9.744551181793212891e-01
-4.497165679931640625e+00 2.150699424743652344e+01 3.458858871459960938e+01 -7.648461312055587769e-02 -1.106372848153114319e-01 1.825725734233856201e-01 9.739490747451782227e-01
-4.513006687164306641e+00 2.151478195190429688e+01 3.461003494262695312e+01 -7.551742345094680786e-02 -1.135720759630203247e-01 1.832457482814788818e-01 9.735602140426635742e-01
-4.530930042266845703e+00 2.153011894226074219e+01 3.464100265502929688e+01 -7.406308501958847046e-02 -1.183268874883651733e-01 1.850152462720870972e-01 9.727706909179687500e-01
-4.550298213958740234e+00 2.154696083068847656e+01 3.466495895385742188e+01 -7.197646051645278931e-02 -1.235057786107063293e-01 1.876661777496337891e-01 9.717752337455749512e-01
-4.593472480773925781e+00 2.158274841308593750e+01 3.471096420288085938e+01 -6.669340282678604126e-02 -1.286794543266296387e-01 1.790606081485748291e-01 9.731037616729736328e-01
-4.627139091491699219e+00 2.159165382385253906e+01 3.474777221679687500e+01 -6.295306980609893799e-02 -1.360069364309310913e-01 1.694627851247787476e-01 9.740746617317199707e-01
-4.657294750213623047e+00 2.161982917785644531e+01 3.478745651245117188e+01 -5.740023031830787659e-02 -1.447373479604721069e-01 1.605989187955856323e-01 9.746611118316650391e-01
-4.708198547363281250e+00 2.167152976989746094e+01 3.485789489746093750e+01 -5.027107521891593933e-02 -1.541064977645874023e-01 1.520314067602157593e-01 9.749925136566162109e-01
-4.753315448760986328e+00 2.167750549316406250e+01 3.489540100097656250e+01 -4.428418353199958801e-02 -1.612230986356735229e-01 1.394195854663848877e-01 9.760165214538574219e-01
-4.811472415924072266e+00 2.169531631469726562e+01 3.495515060424804688e+01 -3.916958719491958618e-02 -1.695225536823272705e-01 1.279271692037582397e-01 9.764028191566467285e-01
-4.848056793212890625e+00 2.171711730957031250e+01 3.499155807495117188e+01 -3.265009075403213501e-02 -1.805764287710189819e-01 1.179142519831657410e-01 9.759212732315063477e-01
-4.866423606872558594e+00 2.173184776306152344e+01 3.501492691040039062e+01 -2.572476863861083984e-02 -1.935446411371231079e-01 1.075365841388702393e-01 9.748408198356628418e-01
-4.885813713073730469e+00 2.175819206237792969e+01 3.504165649414062500e+01 -1.804831624031066895e-02 -2.080047726631164551e-01 9.985304623842239380e-02 9.728502631187438965e-01
-4.905051231384277344e+00 2.178123283386230469e+01 3.507286071777343750e+01 -1.016402710229158401e-02 -2.231846302747726440e-01 9.161111712455749512e-02 9.704084992408752441e-01
-4.931808471679687500e+00 2.181316184997558594e+01 3.510918045043945312e+01 -1.609089551493525505e-03 -2.387875467538833618e-01 8.553218841552734375e-02 9.672963023185729980e-01
-4.946541309356689453e+00 2.183217811584472656e+01 3.514100265502929688e+01 6.059772334992885590e-03 -2.559251487255096436e-01 7.807538658380508423e-02 9.635195136070251465e-01
-4.971641540527343750e+00 2.187008857727050781e+01 3.517559051513671875e+01 1.559730805456638336e-02 -2.729959189891815186e-01 7.446173578500747681e-02 9.590022563934326172e-01
-4.984297275543212891e+00 2.189286804199218750e+01 3.520720291137695312e+01 2.356219850480556488e-02 -2.916734218597412109e-01 6.885192543268203735e-02 9.537456631660461426e-01
-5.005668163299560547e+00 2.192447090148925781e+01 3.523968124389648438e+01 3.238733857870101929e-02 -3.098643124103546143e-01 6.631842255592346191e-02 9.479119181632995605e-01
-5.027604103088378906e+00 2.195073127746582031e+01 3.527109146118164062e+01 4.054624214768409729e-02 -3.281626701354980469e-01 6.373792141675949097e-02 9.415958523750305176e-01
-5.044341564178466797e+00 2.197650337219238281e+01 3.529313278198242188e+01 4.849864542484283447e-02 -3.471724689006805420e-01 6.394627690315246582e-02 9.343607425689697266e-01
-5.051990509033203125e+00 2.199300193786621094e+01 3.532097244262695312e+01 5.608759075403213501e-02 -3.681408762931823730e-01 6.303323805332183838e-02 9.259337186813354492e-01
-5.077367305755615234e+00 2.202364921569824219e+01 3.533308792114257812e+01 6.420264393091201782e-02 -3.864820003509521484e-01 6.936503201723098755e-02 9.174410700798034668e-01
-5.074398040771484375e+00 2.203148651123046875e+01 3.535849761962890625e+01 7.133580744266510010e-02 -4.093093276023864746e-01 6.963267922401428223e-02 9.069334864616394043e-01
-5.084691524505615234e+00 2.204166221618652344e+01 3.537200546264648438e+01 7.762876152992248535e-02 -4.299634397029876709e-01 7.483838498592376709e-02 8.963841199874877930e-01
-5.097451210021972656e+00 2.205791282653808594e+01 3.537930679321289062e+01 8.453787118196487427e-02 -4.499801993370056152e-01 8.337961882352828979e-02 8.851096034049987793e-01
-5.090615749359130859e+00 2.205504417419433594e+01 3.538529586791992188e+01 8.957741409540176392e-02 -4.724177420139312744e-01 8.938046544790267944e-02 8.722434043884277344e-01
-5.091639041900634766e+00 2.205847549438476562e+01 3.538540267944335938e+01 9.466218203306198120e-02 -4.934786856174468994e-01 9.973867982625961304e-02 8.588190078735351562e-01
-5.094940185546875000e+00 2.206674385070800781e+01 3.539445495605468750e+01 9.681848436594009399e-02 -5.149098634719848633e-01 1.151533573865890503e-01 8.439394235610961914e-01
-5.100898742675781250e+00 2.207725906372070312e+01 3.542905807495117188e+01 9.844237565994262695e-02 -5.364985466003417969e-01 1.284076273441314697e-01 8.282451033592224121e-01
-5.107487678527832031e+00 2.209240722656250000e+01 3.545265960693359375e+01 1.003224775195121765e-01 -5.571182370185852051e-01 1.430747509002685547e-01 8.118400573730468750e-01
-5.113597869873046875e+00 2.211281013488769531e+01 3.548920822143554688e+01 1.023503392934799194e-01 -5.782175064086914062e-01 1.560194194316864014e-01 7.942587137222290039e-01
-5.126231670379638672e+00 2.213370704650878906e+01 3.552739334106445312e+01 1.040626838803291321e-01 -5.972571372985839844e-01 1.694155037403106689e-01 7.770156264305114746e-01
-5.144252300262451172e+00 2.216631698608398438e+01 3.557957077026367188e+01 1.063854247331619263e-01 -6.157010197639465332e-01 1.830046623945236206e-01 7.590149641036987305e-01
-5.164732456207275391e+00 2.220258331298828125e+01 3.562977218627929688e+01 1.075714305043220520e-01 -6.320669651031494141e-01 1.965934038162231445e-01 7.418023943901062012e-01
-5.183389186859130859e+00 2.223556327819824219e+01 3.569655990600585938e+01 1.089014485478401184e-01 -6.490897536277770996e-01 2.073790282011032104e-01 7.237519621849060059e-01
-5.205641746520996094e+00 2.227634429931640625e+01 3.576872253417968750e+01 1.102155223488807678e-01 -6.647078990936279297e-01 2.181549072265625000e-01 7.059918045997619629e-01
-5.238901138305664062e+00 2.232539749145507812e+01 3.583303451538085938e+01 1.124202385544776917e-01 -6.770402789115905762e-01 2.313400059938430786e-01 6.895360350608825684e-01
-5.274056434631347656e+00 2.238041305541992188e+01 3.590750122070312500e+01 1.143388077616691589e-01 -6.889017224311828613e-01 2.432963252067565918e-01 6.731626391410827637e-01
-5.301875591278076172e+00 2.242683792114257812e+01 3.598872756958007812e+01 1.146776676177978516e-01 -7.002938389778137207e-01 2.520529925823211670e-01 6.579566001892089844e-01
-5.339000701904296875e+00 2.248377227783203125e+01 3.606703567504882812e+01 1.158178523182868958e-01 -7.093720436096191406e-01 2.624310553073883057e-01 6.438224911689758301e-01
-5.375252723693847656e+00 2.253787994384765625e+01 3.616109466552734375e+01 1.172994822263717651e-01 -7.185807824134826660e-01 2.691003382205963135e-01 6.304503083229064941e-01
-5.422907829284667969e+00 2.260179138183593750e+01 3.624175262451171875e+01 1.189687773585319519e-01 -7.235530614852905273e-01 2.787854373455047607e-01 6.201580762863159180e-01
-5.465627193450927734e+00 2.266698265075683594e+01 3.634280395507812500e+01 1.204588562250137329e-01 -7.302529811859130859e-01 2.842374444007873535e-01 6.094499826431274414e-01
-5.508930683135986328e+00 2.273068237304687500e+01 3.645017623901367188e+01 1.195841878652572632e-01 -7.361757755279541016e-01 2.892053425312042236e-01 6.000876426696777344e-01
-5.553122997283935547e+00 2.279229354858398438e+01 3.656060409545898438e+01 1.183234825730323792e-01 -7.410060763359069824e-01 2.932853102684020996e-01 5.923624634742736816e-01
-5.607426166534423828e+00 2.286437034606933594e+01 3.667060470581054688e+01 1.181510984897613525e-01 -7.435132861137390137e-01 2.978892922401428223e-01 5.869330167770385742e-01
-5.661234855651855469e+00 2.293420982360839844e+01 3.678458404541015625e+01 1.158170998096466064e-01 -7.452219724655151367e-01 3.007918894290924072e-01 5.837435722351074219e-01
-5.722013473510742188e+00 2.300988388061523438e+01 3.690490722656250000e+01 1.155584454536437988e-01 -7.464542984962463379e-01 3.037370443344116211e-01 5.806872844696044922e-01
-5.779253959655761719e+00 2.308351516723632812e+01 3.703836822509765625e+01 1.135128885507583618e-01 -7.478329539299011230e-01 3.040431141853332520e-01 5.791548490524291992e-01
-5.842168331146240234e+00 2.315826416015625000e+01 3.717431259155273438e+01 1.112370714545249939e-01 -7.481267452239990234e-01 3.042676150798797607e-01 5.790991187095642090e-01
-5.915229797363281250e+00 2.324112892150878906e+01 3.731094360351562500e+01 1.103320494294166565e-01 -7.467344999313354492e-01 3.052406609058380127e-01 5.805553197860717773e-01
-5.985929012298583984e+00 2.331685447692871094e+01 3.745621109008789062e+01 1.080812662839889526e-01 -7.456746101379394531e-01 3.041806519031524658e-01 5.828910470008850098e-01
-6.056748390197753906e+00 2.338999938964843750e+01 3.760428237915039062e+01 1.050428450107574463e-01 -7.437239289283752441e-01 3.024416565895080566e-01 5.868303179740905762e-01
-6.136271476745605469e+00 2.346947860717773438e+01 3.775964736938476562e+01 1.031720712780952454e-01 -7.413324117660522461e-01 3.011975884437561035e-01 5.908144712448120117e-01
-6.221313476562500000e+00 2.354955863952636719e+01 3.792419052124023438e+01 1.014532968401908875e-01 -7.387924194335937500e-01 2.994566559791564941e-01 5.951628684997558594e-01
-6.318670749664306641e+00 2.363367462158203125e+01 3.808809280395507812e+01 1.014447212219238281e-01 -7.351016402244567871e-01 2.992354035377502441e-01 5.998272299766540527e-01
-6.408401012420654297e+00 2.371275711059570312e+01 3.826194381713867188e+01 9.880772978067398071e-02 -7.319203019142150879e-01 2.966487705707550049e-01 6.054185032844543457e-01
-6.499351501464843750e+00 2.378914451599121094e+01 3.843017578125000000e+01 9.530463069677352905e-02 -7.270076274871826172e-01 2.943736910820007324e-01 6.129627227783203125e-01
-6.604929447174072266e+00 2.387828445434570312e+01 3.860562896728515625e+01 9.462817758321762085e-02 -7.215447425842285156e-01 2.944831550121307373e-01 6.194357872009277344e-01
-6.702371597290039062e+00 2.396014785766601562e+01 3.879046249389648438e+01 9.235142916440963745e-02 -7.167178988456726074e-01 2.920064032077789307e-01 6.265133023262023926e-01
-6.802875995635986328e+00 2.404329109191894531e+01 3.898325347900390625e+01 9.016962349414825439e-02 -7.120265960693359375e-01 2.895447313785552979e-01 6.332862377166748047e-01
-6.914175510406494141e+00 2.413337516784667969e+01 3.917330551147460938e+01 8.921112120151519775e-02 -7.057366967201232910e-01 2.900032997131347656e-01 6.402149200439453125e-01
-7.020846366882324219e+00 2.421997070312500000e+01 3.938134765625000000e+01 8.751038461923599243e-02 -7.011903524398803711e-01 2.885548472404479980e-01 6.460731625556945801e-01
-7.140197277069091797e+00 2.431737327575683594e+01 3.958720016479492188e+01 8.710063993930816650e-02 -6.952264904975891113e-01 2.886987030506134033e-01 6.524776220321655273e-01
-7.249712467193603516e+00 2.441358375549316406e+01 3.979619216918945312e+01 8.522181212902069092e-02 -6.894616484642028809e-01 2.880140244960784912e-01 6.591116189956665039e-01
-7.353028774261474609e+00 2.452036666870117188e+01 4.001572036743164062e+01 8.340092748403549194e-02 -6.843579411506652832e-01 2.876723706722259521e-01 6.647880077362060547e-01
-7.446462154388427734e+00 2.464064979553222656e+01 4.023793411254882812e+01 8.113707602024078369e-02 -6.797370314598083496e-01 2.866938710212707520e-01 6.702096462249755859e-01
-7.538436889648437500e+00 2.477165603637695312e+01 4.045700836181640625e+01 7.819450646638870239e-02 -6.754269599914550781e-01 2.853551805019378662e-01 6.754676103591918945e-01
-7.640325546264648438e+00 2.491537857055664062e+01 4.067651367187500000e+01 7.618211209774017334e-02 -6.717546582221984863e-01 2.849080860614776611e-01 6.795361042022705078e-01
-7.761105537414550781e+00 2.507711219787597656e+01 4.088723754882812500e+01 7.466311007738113403e-02 -6.680841445922851562e-01 2.859878540039062500e-01 6.828615665435791016e-01
-7.874532222747802734e+00 2.515549850463867188e+01 4.083499908447265625e+01 7.262589782476425171e-02 -6.645252108573913574e-01 2.866742312908172607e-01 6.862576007843017578e-01
-7.854609489440917969e+00 2.505767822265625000e+01 4.056020355224609375e+01 7.025938481092453003e-02 -6.625390648841857910e-01 2.862733304500579834e-01 6.885877847671508789e-01
-7.825006961822509766e+00 2.495115470886230469e+01 4.028352355957031250e+01 6.868167966604232788e-02 -6.605308055877685547e-01 2.861156165599822998e-01 6.907384991645812988e-01
-7.796610832214355469e+00 2.484797477722167969e+01 4.001175689697265625e+01 6.812495738267898560e-02 -6.597635149955749512e-01 2.863386869430541992e-01 6.914341449737548828e-01
-7.773254871368408203e+00 2.475081443786621094e+01 3.974211883544921875e+01 6.741302460432052612e-02 -6.600171923637390137e-01 2.884098291397094727e-01 6.904002428054809570e-01
-7.750329971313476562e+00 2.465200424194335938e+01 3.947313308715820312e+01 6.662231683731079102e-02 -6.610348820686340332e-01 2.914904356002807617e-01 6.882061362266540527e-01
-7.715548038482666016e+00 2.454719924926757812e+01 3.920929336547851562e+01 6.643227487802505493e-02 -6.619748473167419434e-01 2.932518720626831055e-01 6.865708827972412109e-01
-7.672300338745117188e+00 2.443546485900878906e+01 3.895421981811523438e+01 6.781353801488876343e-02 -6.626552939414978027e-01 2.938337326049804688e-01 6.855298876762390137e-01
-7.610198020935058594e+00 2.432441329956054688e+01 3.871309280395507812e+01 7.050195336341857910e-02 -6.652426719665527344e-01 2.935933172702789307e-01 6.828505992889404297e-01
-7.536133766174316406e+00 2.419826889038085938e+01 3.846826934814453125e+01 6.886056065559387207e-02 -6.663085222244262695e-01 2.929832339286804199e-01 6.822404265403747559e-01
-7.458962917327880859e+00 2.407302665710449219e+01 3.822626876831054688e+01 7.006590813398361206e-02 -6.684765815734863281e-01 2.927901148796081543e-01 6.800763010978698730e-01
-7.400511741638183594e+00 2.384057998657226562e+01 3.807916641235351562e+01 1.166655309498310089e-02 -6.597530841827392578e-01 3.140939772129058838e-01 6.825943589210510254e-01
-7.328072071075439453e+00 2.369405174255371094e+01 3.787012481689453125e+01 1.447544898837804794e-02 -6.650398969650268555e-01 3.209610283374786377e-01 6.741637587547302246e-01
-7.244526863098144531e+00 2.354380226135253906e+01 3.766706848144531250e+01 1.147568505257368088e-02 -6.764850616455078125e-01 3.169223964214324951e-01 6.646780371665954590e-01
-7.163514137268066406e+00 2.339474487304687500e+01 3.745899963378906250e+01 7.826475426554679871e-03 -6.865830421447753906e-01 3.137449920177459717e-01 6.558254957199096680e-01
-7.067084312438964844e+00 2.322651672363281250e+01 3.725103759765625000e+01 -1.190807379316538572e-04 -6.963530778884887695e-01 3.038602173328399658e-01 6.502011418342590332e-01
-6.976327419281005859e+00 2.305662727355957031e+01 3.708347320556640625e+01 -9.906447492539882660e-03 -7.185344099998474121e-01 2.898856401443481445e-01 6.321207880973815918e-01
-6.890275955200195312e+00 2.292124176025390625e+01 3.691065216064453125e+01 -1.494052354246377945e-02 -7.365046739578247070e-01 2.908646166324615479e-01 6.105207800865173340e-01
-6.793200016021728516e+00 2.279458236694335938e+01 3.671936798095703125e+01 -1.560120657086372375e-02 -7.468403577804565430e-01 2.942578494548797607e-01 5.961531996726989746e-01
-6.694426536560058594e+00 2.267092514038085938e+01 3.651871490478515625e+01 -1.190076209604740143e-02 -7.548415064811706543e-01 2.964861690998077393e-01 5.849520564079284668e-01
-6.581672191619873047e+00 2.253768730163574219e+01 3.634483337402343750e+01 -1.607863977551460266e-02 -7.638816237449645996e-01 3.031429946422576904e-01 5.695005059242248535e-01
-6.449901580810546875e+00 2.239937973022460938e+01 3.620993804931640625e+01 -1.972247101366519928e-02 -7.840907573699951172e-01 2.931000292301177979e-01 5.467224717140197754e-01
-6.375431060791015625e+00 2.240135765075683594e+01 3.622028350830078125e+01 -1.927468553185462952e-02 -7.807340621948242188e-01 2.615098059177398682e-01 5.671822428703308105e-01
-6.252307415008544922e+00 2.227524375915527344e+01 3.609553909301757812e+01 -2.012309990823268890e-02 -8.001434803009033203e-01 2.562744021415710449e-01 5.419310331344604492e-01
