1.0 0.0 0.0 0.0 0.0 -1.0 0.0 0.0 0.0 0.0 -1.0 0.0
0.9999965170257177 -0.0017264642284178862 -0.0019963110231997813 0.12473035603761673 -0.0017327342605790068 -0.9999935584486748 -0.0031433569855929397 -0.061433371156454086 -0.0019908712704670905 0.0031468051138660684 -0.9999930670005466 -0.04743840545415878
0.9999878769765951 -0.002571775372755969 -0.004199032183004383 0.2532461881637573 -0.0026027787906785396 -0.9999692709604453 -0.007394773654559562 -0.1189960390329361 -0.00417988545400644 0.007405613159452775 -0.9999638420719639 -0.09673015028238297
0.9999865476074222 -0.0017392414229676037 -0.004886680208612898 0.36950942873954773 -0.0017897430040502425 -0.9999448434855841 -0.010349241835513659 -0.16912978887557983 -0.004868410846268891 0.010357848515166001 -0.9999345046301625 -0.1481408178806305
0.9999730897553558 -0.0008292752227021758 -0.007289174694854151 0.49605533480644226 -0.0009351815172037075 -0.999893882144854 -0.01453787759002202 -0.21729624271392822 -0.007276345281593667 0.014544303073629762 -0.9998677502787283 -0.19453391432762146
0.9999526132120999 -0.0011964858067378924 -0.009661250023005533 0.618440568447113 -0.0013808960122788276 -0.9998165567606461 -0.01910355866034217 -0.26935553550720215 -0.00963662059520982 0.019115994585690188 -0.9997708308880111 -0.2362055480480194
0.9999316038990624 -0.00013788669954125732 -0.0116948070145171 0.7405471801757812 -0.00040974910343930123 -0.9997296630857717 -0.023247211705536567 -0.3144482374191284 -0.011688439995180686 0.02325041362358733 -0.9996613419737763 -0.2775108814239502
0.9998950746254237 4.006252372239195e-05 -0.014485790790040361 0.8674787282943726 -0.0003772093739386861 -0.9995850732260173 -0.028801720379625584 -0.3600815534591675 -0.014480934117205215 0.028804162524401225 -0.9994801762758286 -0.3189086616039276
0.9998503835534707 -0.0002140182359793366 -0.017296378354217597 0.9928754568099976 -0.0007918967446314579 -0.9994414017472733 -0.03341043808439408 -0.40638428926467896 -0.017279566184468315 0.03341913627908353 -0.999292038356574 -0.3508492708206177
0.9997880716424323 -0.000168439139940444 -0.020586000820035855 1.1212886571884155 -0.0009579677523299467 -0.99926395290673 -0.03834885551098116 -0.4499719440937042 -0.020564389105730243 0.03836044902595316 -0.9990523418976782 -0.38144832849502563
0.9997830230494822 0.0014248541000992706 -0.020781641244916445 1.234427809715271 0.0005402751288797109 -0.9990959352865307 -0.042509060172127654 -0.4849988520145416 -0.02082342250505656 0.04248860888198019 -0.99887992431045 -0.41525548696517944
0.9997227012996145 0.0015092279608111706 -0.023499845471070435 1.3641135692596436 0.00039938702937353026 -0.9988872290946668 -0.04716083164639838 -0.5246872901916504 -0.023544871972526246 0.04713836847560031 -0.9986108417302789 -0.43965187668800354
0.9996903147185662 0.0035205041852354522 -0.024634948917670787 1.4844081401824951 0.002264754448893132 -0.9987053741422321 -0.050817777860810924 -0.554000973701477 -0.024781960075440524 0.0507462482328127 -0.998404062864887 -0.46524620056152344
0.9996608469275602 0.004216810035809642 -0.025698436395917467 1.6080846786499023 0.002813668364874451 -0.9985155953194679 -0.05439383397170261 -0.5875160098075867 -0.02588965798162705 0.05430307925827539 -0.9981888103924347 -0.4834625720977783
0.9996077495279956 0.004502044877689285 -0.027641973075279217 1.7387363910675049 0.002896549606017022 -0.9983211160443299 -0.057849453414728594 -0.6205669641494751 -0.02785600624560298 0.057746695593100764 -0.9979425645116666 -0.49549952149391174
0.9995863013403968 0.005159980492312714 -0.02829488953758812 1.8623790740966797 0.003431368022491616 -0.9981438019573597 -0.06080441042885824 -0.6522536873817444 -0.028556118190671217 0.06068216554660665 -0.9977485769964568 -0.5078412294387817
0.9995969713983166 0.005251468266423486 -0.0278983306375124 1.9874765872955322 0.003481173503028092 -0.9979993096727566 -0.06312891036397576 -0.6835533380508423 -0.028174034186730004 0.06300634867811193 -0.9976153686786793 -0.5175798535346985
0.9995970148337749 0.005964072294284046 -0.02775315796578464 2.109839677810669 0.004188362994551437 -0.9979662977616623 -0.06360602288546727 -0.7125208377838135 -0.028076067225149506 0.06346415030195604 -0.9975891118469664 -0.5200549364089966
0.9996502670206803 0.007685767501828861 -0.025303608900530673 2.2253782749176025 0.006061269335483035 -0.9979530914001046 -0.06366229951091722 -0.7345256209373474 -0.02574110835853648 0.06348666271653307 -0.997650659799106 -0.5268265604972839
0.9996924010994571 0.009248807595612085 -0.02301223027134226 2.349111795425415 0.007770823145755949 -0.9979511723779878 -0.063506470985538 -0.7561460733413696 -0.023552441309539793 0.06330811249325749 -0.9977160745427035 -0.5297162532806396
0.9997588054935665 0.009883726524939608 -0.019612312154794864 2.469001054763794 0.00865238539760758 -0.9980445397416918 -0.06190503144919322 -0.7826642394065857 -0.020185813459164245 0.06172040701238562 -0.9978893346925887 -0.5325498580932617
0.9998185319925866 0.010319532329876308 -0.01601281788698536 2.5952625274658203 0.009342838053929997 -0.9981597902655298 -0.05991447633228205 -0.8075814843177795 -0.016601640319172023 0.05975399860734163 -0.9980750699166604 -0.5335091948509216
0.9998824628084707 0.01091261199776979 -0.010769190659178434 2.7163455486297607 0.010284763412626446 -0.998336736531272 -0.05672727856716363 -0.8312351107597351 -0.01137032143846011 0.05660985242408262 -0.9983316284676701 -0.5284783840179443
0.9999236743808999 0.011583799362275883 -0.004296627157947045 2.8332390785217285 0.011345033366541331 -0.998584883400299 -0.051956913518059616 -0.8562227487564087 -0.00489240539120943 0.05190420249599832 -0.9986400843811258 -0.5265241861343384
0.9999296082717232 0.011665979226571768 0.002164123435342387 2.950671911239624 0.011754074690993772 -0.9988473429368602 -0.04653844900867528 -0.8846240043640137 0.0016187123638070578 0.04656061035531778 -0.9989141551372788 -0.5229289531707764
0.9998594912927431 0.01329468220161287 0.010210244706912697 3.058490514755249 0.013699809782167739 -0.9990778654293567 -0.040690711729490035 -0.9011124968528748 0.009659859406292716 0.04082487274050165 -0.9991196209073129 -0.5182858109474182
0.9996926769269493 0.01603740824944721 0.01890378891310688 3.1519789695739746 0.01666957941636995 -0.9992905232600849 -0.0337724035962384 -0.9096187353134155 0.01834875529053879 0.03407714276793822 -0.9992507550760529 -0.5129268765449524
0.9994777214859032 0.018224780086017064 0.02668598216600096 3.246896743774414 0.018943797669791707 -0.9994574451798282 -0.0269434185740634 -0.9203063249588013 0.02618046567946796 0.027434880452218233 -0.9992806965769823 -0.5117120146751404
0.9991244639649911 0.020208223799204627 0.0366324063849198 3.3211865425109863 0.02090695271532361 -0.999604794579816 -0.018792391577519288 -0.9307765364646912 0.036238168204641305 0.01954181014964721 -0.9991520969408246 -0.5065745115280151
0.9986898146229842 0.02249829229922847 0.04596173421366514 3.3932666778564453 0.023007853108471595 -0.9996792172180505 -0.010587792859914577 -0.9374357461929321 0.04570878322213482 0.011631401717933266 -0.9988870895303571 -0.5023526549339294
0.9981144648644624 0.02473000616283986 0.05617776983392513 3.450166940689087 0.02485868436189166 -0.9996897062619798 -0.0015927980512980716 -0.9449405074119568 0.05612094831810497 0.002986300223065077 -0.9984195116136574 -0.5011995434761047
0.9974139290004078 0.02675017418874125 0.06670743899177443 3.49593186378479 0.02627941885942665 -0.9996232245951968 0.007924707837603616 -0.9536800980567932 0.06689429258449571 -0.006151181250180059 -0.997741106995621 -0.4932289719581604
0.9965613217165423 0.029350659678219388 0.07748593959571809 3.53029727935791 0.028062799735687396 -0.9994501917230032 0.017657676399981725 -0.9586482644081116 0.0779616016355015 -0.01542248492640258 -0.9968370657379881 -0.4907795786857605
0.9956523915726077 0.03298870779067114 0.08710947315905698 3.565549850463867 0.030784953658623524 -0.9991740843463974 0.026522364124918138 -0.9550361633300781 0.08791246660163254 -0.0237253941767056 -0.9958456225174548 -0.4922027587890625
0.9947170974017775 0.03518815172893491 0.09643490091499055 3.589568614959717 0.03184866130408885 -0.9988458534498724 0.03595307802029452 -0.9606745839118958 0.09758872327128798 -0.03269181891387211 -0.99468974362179 -0.48831215500831604
0.9935526755090802 0.03785489736919594 0.10686481055013264 3.5961673259735107 0.03317896928553924 -0.9984268198506969 0.0452000154864235 -0.9618864059448242 0.10840773489884079 -0.04136293205264011 -0.9932456246398023 -0.48606836795806885
0.9923581258086973 0.04153376748543013 0.11619077545104745 3.61444091796875 0.03535097913858993 -0.9978726331182941 0.054776969133984 -0.9606276154518127 0.11821868894296064 -0.050250912748214666 -0.9917152753449847 -0.49053099751472473
0.9911853084140726 0.04446376131915497 0.1247984707977345 3.6402482986450195 0.0366263621226192 -0.9972512762626177 0.06440808637308874 -0.9629682898521423 0.12731926005818026 -0.05926943497228325 -0.9900893596520993 -0.4939761459827423
0.9897922877859265 0.047237849270123804 0.1344611937914972 3.663844585418701 0.03757724728597705 -0.996586993745597 0.07350043798183624 -0.9665071964263916 0.1374742795067864 -0.06769748513383854 -0.9881891888604345 -0.49670901894569397
0.9886116907609496 0.050167652725337776 0.14188069463745517 3.7020552158355713 0.03861534964375662 -0.9957980752083794 0.08303642684495399 -0.9736868739128113 0.14545026525471627 -0.07661200970681345 -0.9863948602390505 -0.49561503529548645
0.9873750286656775 0.0545946267793544 0.14869424835640352 3.748547077178955 0.041238963909055494 -0.9949537203589784 0.09146825787963539 -0.9711092710494995 0.15293757099928204 -0.0841814770044507 -0.9846438840038509 -0.4917539954185486
0.9860822358393165 0.05691322220891926 0.15621366553516577 3.7936525344848633 0.0415396867716862 -0.9941226381233087 0.09997317036917015 -0.9824840426445007 0.1609853365528819 -0.09209270062578849 -0.982650831122838 -0.4911986291408539
0.9850470191737402 0.060874650726567 0.1611727238581262 3.8556652069091797 0.04382511326424665 -0.9932598434545252 0.10730443992709851 -0.9825162291526794 0.16661851477043382 -0.09863650581610653 -0.981075486522869 -0.4873410761356354
0.9839981575490484 0.06296668484230411 0.1666818002664003 3.917309045791626 0.04409515637633827 -0.9924333236214906 0.11459369681508708 -0.995711624622345 0.17263615821786724 -0.10541012648494344 -0.9793290877484462 -0.4792775809764862
0.9832179527069244 0.06532958067862163 0.17033644167693598 3.992262363433838 0.04491214539006853 -0.9916263703649731 0.12107865539908662 -1.0046995878219604 0.1768201251873386 -0.11139653264417564 -0.9779189413461574 -0.4735105633735657
0.9823255474706266 0.0677042515379696 0.17450688556677965 4.0666985511779785 0.04572606915740597 -0.9908451244324868 0.1270238795966405 -1.015137791633606 0.18150935343928123 -0.11679928814874273 -0.9764283286048193 -0.4634559154510498
0.9816351323785194 0.07156279885939658 0.17683674024256393 4.158327102661133 0.048499048657886464 -0.9901333496948631 0.13146783675602755 -1.0162848234176636 0.18450016032374186 -0.12047703366799455 -0.9754204094640803 -0.46640172600746155
0.9809348450184856 0.07268609297935494 0.1802319664098361 4.244716167449951 0.04825902166754526 -0.989478656513759 0.13639301716516958 -1.0323827266693115 0.18824955951143982 -0.12509484478236269 -0.9741218523124433 -0.45701876282691956
0.9803630430800513 0.07424909947723143 0.18268928537175388 4.336263656616211 0.04860290392497844 -0.9888077150526248 0.1410569402137545 -1.0431251525878906 0.19111792561892577 -0.1294077813704709 -0.9729992623984313 -0.44378137588500977
0.9801556831663397 0.07530702113409922 0.18336763434323422 4.446016311645508 0.04890725341463538 -0.9883012542293447 0.1444600687115325 -1.0548744201660156 0.19210132045397904 -0.13262534997734177 -0.9723721505798205 -0.43967247009277344
0.97998556333657 0.07513696128807712 0.18434406065913747 4.540783405303955 0.04808479848099434 -0.9879580064576498 0.14706063249989404 -1.0716239213943481 0.19317387972225417 -0.13525314977707814 -0.971797529153286 -0.43023979663848877
0.9799804988439929 0.07483131055276464 0.18449524884515284 4.632546424865723 0.047406715780924404 -0.987728305460523 0.14881329877047408 -1.0862888097763062 0.193367073682015 -0.13708781693877622 -0.971501984178424 -0.4229407012462616
0.9804305880655444 0.07540121308333414 0.18185301496266768 4.731377601623535 0.04828941568856364 -0.9876339259107485 0.1491554917613796 -1.0920932292938232 0.19085071212313484 -0.13745503066706405 -0.9719475912961606 -0.4200538694858551
0.9807880230381176 0.07496901071026528 0.18009581143964726 4.810018539428711 0.04803476549427593 -0.987592105336055 0.1495141959206822 -1.0995856523513794 0.18907013293720076 -0.13799087256417492 -0.9722196274094073 -0.4099125564098358
0.9813812224438022 0.07322847047822253 0.17756262936251113 4.887536525726318 0.04674860656635192 -0.9877354988878618 0.14897366217171065 -1.1120375394821167 0.18629402571959428 -0.1378991491930484 -0.9727684003055509 -0.3951985239982605
0.9822442927475259 0.0710554115900598 0.17362971476299768 4.966803550720215 0.04542916594616073 -0.9880415805086038 0.14734322538717592 -1.1239382028579712 0.18202291132258305 -0.13683918908641313 -0.9737261915363189 -0.3913414180278778
0.9831073087248832 0.06900849197891218 0.1695224102191613 5.033388614654541 0.04435683417056585 -0.9884186969834854 0.14512391503757643 -1.1315034627914429 0.17757390234514225 -0.1351529041059244 -0.9747826433198596 -0.3826829493045807
0.9839222028963607 0.06603981897177194 0.16593926888397564 5.090606212615967 0.04255614379336489 -0.9890536302345322 0.14128655684576488 -1.1402387619018555 0.17345337492539953 -0.13195324486373458 -0.975962226675254 -0.37403902411460876
0.9848514640445736 0.06348294056555508 0.16136142669922868 5.146441459655762 0.04154557841010522 -0.9898563916984553 0.13586128487646718 -1.1405506134033203 0.16834951346478597 -0.1270993315122663 -0.9774989520430728 -0.3640440106391907
0.9859543846077347 0.059325149665084155 0.15612327850131366 5.1960129737854 0.03897103293669162 -0.9907024784001971 0.13034514906030953 -1.1469221115112305 0.1624044644233362 -0.12243008579970194 -0.9790994147819959 -0.36119091510772705
0.9871558437611019 0.05545973839818383 0.14982508983849216 5.244384288787842 0.03707272688851766 -0.9917336311874747 0.12284143312724576 -1.1450345516204834 0.15539933413421245 -0.1157092139309192 -0.9810516932160773 -0.3535936176776886
0.9883269243015154 0.050267668650562564 0.14381603592487266 5.284985065460205 0.033831159069601074 -0.9928432231331639 0.11453290773641431 -1.146659016609192 0.14854407890156499 -0.10833049324630573 -0.982954302526978 -0.34692829847335815
0.9896332187633583 0.04446137882251402 0.13656235979681944 5.324110984802246 0.030170276945450512 -0.9940154377777781 0.1049907798260726 -1.1500630378723145 0.1404131286921201 -0.099782239164357 -0.9850521093009432 -0.34474486112594604
0.9908720335346041 0.03729902061956054 0.1295430284493132 5.351870059967041 0.025045123904872464 -0.9951654142733711 0.09496599392781985 -1.1570806503295898 0.1324588801386587 -0.09085472632136826 -0.9870157363373094 -0.34049463272094727
0.9920559855533042 0.03083943271396339 0.1219583983075511 5.389176845550537 0.020641804413241878 -0.9962509094314478 0.0840121501187702 -1.1568914651870728 0.12409205227744373 -0.08082731498011198 -0.9889732593526874 -0.33583196997642517
0.9931027553527118 0.023229398486779712 0.11492307147302758 5.4322686195373535 0.014834092071827896 -0.9971941176695017 0.07337466454948122 -1.1636570692062378 0.11630506017906847 -0.07116380211376258 -0.9906608129150242 -0.3245762586593628
0.9940954148203208 0.01594253775368578 0.1073319231318727 5.487788200378418 0.009209509262803629 -0.9979750242770994 0.06293676078621213 -1.1694409847259521 0.10811795027816731 -0.06157667098093936 -0.9922292186881781 -0.31393417716026306
0.9949326413867985 0.008225918643727329 0.10020665329984314 5.548142910003662 0.0029426738206679813 -0.998603011126288 0.05275762352775113 -1.18023681640625 0.10050064563908702 -0.052195406234433535 -0.9935669377521321 -0.30405721068382263
0.9956536292125991 0.0015532719541022826 0.09312055617325479 5.61873197555542 -0.002427787150596077 -0.9990882710961632 0.04262314403737284 -1.184773325920105 0.0931018608048792 -0.04266396493899542 -0.9947420920069446 -0.29500558972358704
0.9962254925802053 -0.0045392965588301176 0.08668427031519763 5.6960554122924805 -0.007362839271369631 -0.9994517179093053 0.03228083279598119 -1.1863126754760742 0.08649021060901191 -0.032797230902762375 -0.9957127020952979 -0.28434082865715027
0.9967051565594092 -0.010623943449512212 0.08041121012312821 5.784866809844971 -0.012556193310234783 -0.9996435184221775 0.02356221734230784 -1.1925331354141235 0.08013222134347908 -0.024494242223667664 -0.9964832458202437 -0.2756061553955078
0.997050849953488 -0.016303069255150057 0.07499208318141755 5.878201484680176 -0.017541345547968136 -0.9997199743750069 0.015883136717984078 -1.196732997894287 0.07471213959855284 -0.0171517570090407 -0.9970576279373771 -0.262889564037323
0.9973420322614399 -0.02116368244873081 0.06972065138702031 5.985626220703125 -0.021835060934188594 -0.999722136154028 0.008881474969131314 -1.2018247842788696 0.0695133138227592 -0.01038022296659944 -0.9975270172644659 -0.24993591010570526
0.9974384046784582 -0.026459343805599108 0.06645699359638041 6.09410285949707 -0.026786874454634884 -0.9996329951426574 0.004042076084336109 -1.2114787101745605 0.0663256528761223 -0.005811897065247874 -0.9977811030597138 -0.23048338294029236
0.997486898623436 -0.02939427992795607 0.06446598624171399 6.209908962249756 -0.029471758575706664 -0.9995655818570275 0.00025102445720548395 -1.2094905376434326 0.06443060236452208 -0.0021503195901571505 -0.9979198733388397 -0.21126039326190948
0.9973522937958851 -0.03338369501236505 0.06460596696442275 6.32792854309082 -0.03342809667185798 -0.9994410473964827 -0.0003938678950307833 -1.2200156450271606 0.06458300405666809 -0.0017668294607040783 -0.9979107745187809 -0.1910267472267151
0.9972142475908353 -0.03403201924440341 0.066374438362916 6.454542636871338 -0.034105089528894114 -0.9994182516988276 -3.224104792539208e-05 -1.2170652151107788 0.06633692237412055 -0.002231554930448855 -0.9977947849595737 -0.1751331090927124
0.9969253222072707 -0.035176731869642236 0.070017851130273 6.589755535125732 -0.03541954411724241 -0.9993700453525316 0.0022289788258131513 -1.2201613187789917 0.069895334869049 -0.004702125801220175 -0.9975432482737243 -0.15684480965137482
0.9965604309252262 -0.03475548605654909 0.07522874253303073 6.735382080078125 -0.03534939587385445 -0.9993533710385748 0.006577233855544571 -1.2164890766143799 0.07495150248982023 -0.009213901606269857 -0.9971446115241805 -0.13225124776363373
0.9961608926595488 -0.03339605778072268 0.0809208209327967 6.902618885040283 -0.034613931253641976 -0.9993069344178108 0.013694034746761456 -1.2197332382202148 0.08040741072127161 -0.016442449610200863 -0.9966264566786881 -0.11301593482494354
0.99548489995082 -0.030627855410019538 0.08984290980867354 7.067570686340332 -0.03292640225153623 -0.9991644134766461 0.024214187507329343 -1.2198675870895386 0.08902620965017291 -0.027063061815933015 -0.9956615512715506 -0.09031929075717926
0.9944508911532016 -0.025799377652751285 0.10198929942564416 7.236724376678467 -0.029717293376552986 -0.9988701957362883 0.03708388523497565 -1.2146621942520142 0.10091733032029168 -0.03990894865164557 -0.9940940439709641 -0.06361906230449677
0.9930899257837529 -0.01949571148103542 0.11572517677959467 7.410911560058594 -0.025825440253076842 -0.9982364504966794 0.05345124447124937 -1.211117148399353 0.11447901966104955 -0.056070546043700445 -0.9918420478704288 -0.038455165922641754
0.991371955716425 -0.012935130517482706 0.1304389812038037 7.603066921234131 -0.02238493640775764 -0.9972078200502478 0.07124239084037826 -1.2164909839630127 0.12915324247192256 -0.07354757663667955 -0.9888934188929869 -0.018262745812535286
0.9891132936404445 -0.004693513089371345 0.14708114521797858 7.797257900238037 -0.018181186307839145 -0.9957311426107656 0.09049274059005685 -1.2178412675857544 0.14602854792194522 -0.09218168239915986 -0.9849762436840133 -0.0017479900270700455
0.9864582745189714 0.005577723432067922 0.16391754523042798 8.004055976867676 -0.012917188651227068 -0.9936750667189251 0.11154823180350502 -1.2082784175872803 0.16350296287958407 -0.11215503012551527 -0.9801469432422583 0.024277038872241974
0.9832263993172858 0.016967201372609833 0.18159835286462991 8.209616661071777 -0.007655476938918197 -0.990946932767139 0.13403570461723066 -1.2003874778747559 0.18222854155812976 -0.13317766523325572 -0.9741952926003166 0.04434434697031975
0.979547981159615 0.029367978710853785 0.19905595804336387 8.430451393127441 -0.002393987779350546 -0.9875199491337638 0.15747577237581928 -1.1900923252105713 0.20119647469236365 -0.15473161244324757 -0.9672528659466861 0.06343594193458557
0.9754672785591009 0.04345879352136185 0.2158122372020853 8.658262252807617 0.0037449221002635452 -0.9834548958441897 0.18111444834291104 -1.173937439918518 0.22011261667374832 -0.1758630180161869 -0.9594908206310647 0.07634580880403519
0.9713248678413174 0.057857608220933054 0.2306089726875358 8.903019905090332 0.009873425705234806 -0.9789180927516098 0.20401441897178293 -1.1563653945922852 0.23755108203898131 -0.19588737798669928 -0.9514187398656836 0.0822841078042984
0.966519173876727 0.07171927711007037 0.24636767608486826 9.136585235595703 0.014561138891369653 -0.9739273573614412 0.2263923051191153 -1.1411136388778687 0.25618091217504063 -0.21522510976595943 -0.9423637792081122 0.07528900355100632
0.9617907969334403 0.08657973833424948 0.25973527262216584 9.390347480773926 0.020099376780164567 -0.9684504290000748 0.24839440738998153 -1.1236560344696045 0.2730466589929034 -0.23368293792988826 -0.9331869086808222 0.0708116888999939
0.9571658795481279 0.10049848874878214 0.2715391919927385 9.653732299804688 0.025256981130876877 -0.9632351460374498 0.26746988305670494 -1.1040526628494263 0.28843641228702893 -0.2491547856201518 -0.9245141042026148 0.060088254511356354
0.9524343075561555 0.11467980316093623 0.28234275718883894 9.908795356750488 0.03042502063256449 -0.9576461409837197 0.28633579374311174 -1.0762187242507935 0.30322138432098544 -0.26412574922933724 -0.9155841745489636 0.04186581075191498
0.9480442050993902 0.12829644304690582 0.2911223245973722 10.163860321044922 0.035972009166460144 -0.9524406774664467 0.30259340783266353 -1.0497589111328125 0.31609840197950034 -0.27639967186805514 -0.9075709457983094 0.032320812344551086
0.9443974725359908 0.14163037949523596 0.2967393628618692 10.42255973815918 0.042295588187774714 -0.9473048749441132 0.31752882881239036 -1.021566390991211 0.32607437355223545 -0.2873226574970265 -0.900622669824252 0.011775681748986244
0.9413232111042614 0.1538140481440175 0.30041945814129956 10.682247161865234 0.049053968357112884 -0.9430141260639638 0.3291171010935739 -0.9899485111236572 0.33392262640435366 -0.2950687998372045 -0.8952262747137453 -0.006755102425813675
0.9393492778626152 0.1647652133177356 0.30079122104766304 10.942985534667969 0.05635882580045631 -0.9392753410331623 0.33850482490125644 -0.9595200419425964 0.3382995964132633 -0.3010220227946745 -0.8915935872690121 -0.019195877015590668
0.938480725261878 0.17453623383760258 0.29797823979231347 11.206925392150879 0.06484155811953882 -0.936590181447864 0.34437538291243736 -0.9280553460121155 0.33918947603451705 -0.30386828576415 -0.8902890341086914 -0.02406364493072033
0.9388754670463322 0.1818401134220317 0.2923132404274468 11.469902992248535 0.07352577149353699 -0.9354395457561167 0.3457554296925367 -0.9011262655258179 0.3363135713955234 -0.3031287340161819 -0.89163117504321 -0.01751602068543434
0.9406136056742472 0.1872585405075389 0.2831612329177114 11.735995292663574 0.0830588618388837 -0.9356987704660616 0.3428834151987084 -0.880172848701477 0.32916146537910723 -0.29900175577291693 -0.8956844755572085 0.0018592160195112228
0.9436818180225568 0.19027017377360517 0.27066933203782867 11.999958992004395 0.09288914404750304 -0.9375536183510833 0.3352086210629345 -0.8616482019424438 0.3175472142087921 -0.29118803836860097 -0.9024263366387764 0.028210129588842392
0.9476659097212193 0.19254231705420563 0.25466994266236304 12.260680198669434 0.10416270845343348 -0.9404940475283662 0.3234518151616343 -0.8428930044174194 0.3017937271049525 -0.2799971476767375 -0.9113298763746268 0.06636304408311844
0.9525066193422128 0.1934098705808428 0.23521003820239195 12.523470878601074 0.11557686119748427 -0.9442171693030895 0.3083762739722337 -0.8315519690513611 0.28173237170230636 -0.26654560426906754 -0.921726809624105 0.11672993004322052
0.9579215401911263 0.19235467753388324 0.2130399044045419 12.786348342895508 0.1265650166425369 -0.9492366044137182 0.28797771685217033 -0.8210904598236084 0.25761913632363365 -0.24889665902126976 -0.9336395630691294 0.17338716983795166
0.963947710222388 0.19044220963022032 0.18584019142310054 13.055179595947266 0.13796843483240076 -0.9549040767082254 0.26291237185782934 -0.8111777305603027 0.22752916944188284 -0.2277936985018926 -0.9467526118136226 0.23761899769306183
0.9694961243305522 0.1861192125261116 0.1594895094879235 13.312792778015137 0.146011804911546 -0.9611847213917946 0.23410357577245777 -0.8101742267608643 0.19687005291438048 -0.20367515825853272 -0.9590404643047397 0.3122771382331848
0.9743983988961843 0.1816293057836705 0.13250869974871204 13.565552711486816 0.15268094546263658 -0.9672008293692606 0.20300513431943074 -0.8101245760917664 0.16503420591255558 -0.1775763242889002 -0.9701702736792422 0.394166499376297
0.9785727936861683 0.17862336532819978 0.10241572543353118 13.821900367736816 0.1598824416244305 -0.9726172906147594 0.1686807957575944 -0.80797278881073 0.12974163679196643 -0.14869196130266485 -0.9803355590442022 0.480427086353302
0.9817628207907015 0.1763019581182286 0.07112934188338188 14.07266616821289 0.1657394692870693 -0.9770190302663347 0.13403075325413633 -0.8086909651756287 0.09312460487714974 -0.11979747101299316 -0.988421152093259 0.5784721970558167
0.9837340514309688 0.17500680044510536 0.040496121458470966 14.311949729919434 0.17046489548269533 -0.9805990727796862 0.09678418192914327 -0.8230352401733398 0.056648349166466536 -0.08830672829171528 -0.9944812146416478 0.6985766887664795
0.9848498719206157 0.17330256161466515 0.006078808743664572 14.512605667114258 0.17263912987246446 -0.9831739411834898 0.05970537843948627 -0.8789490461349487 0.016323621375945327 -0.05775139405693257 -0.9981975334920717 0.8745806813240051
0.9841061046770062 0.17495974632283467 -0.030401676008058393 14.614897727966309 0.1755830140381111 -0.9842776114876687 0.019188243937960404 -0.9374226331710815 -0.026566518754667454 -0.02422128590268341 -0.9993535657566238 1.1168897151947021
0.9821743444596812 0.1765340166229736 -0.06457010190602569 14.67134952545166 0.17570229563806197 -0.9842716514531312 -0.018385305361633887 -0.9783564805984497 -0.06680015263987002 0.006712460106781514 -0.9977437960150916 1.378339409828186
0.9794764240892807 0.1772826628016892 -0.0958999067946296 14.720257759094238 0.17244006577938809 -0.9833873533393173 -0.056689831595214846 -1.0112545490264893 -0.104356879827237 0.03898936729720143 -0.9937753623784845 1.641312599182129
0.9756842032249367 0.18053856035026974 -0.12428259654502143 14.76284408569336 0.1694524200193321 -0.980976108227106 -0.094719335075755 -1.03276526927948 -0.1390187502710063 0.07135617222254365 -0.9877155884964226 1.9065797328948975
0.9711869646403851 0.183472255949949 -0.1520980309183247 14.806153297424316 0.16397925436883695 -0.9775697262247128 -0.13216744873674613 -1.044111728668213 -0.1729354904270246 0.103418381661949 -0.9794886188645523 2.170487642288208
0.9658456774683751 0.18796401742538943 -0.17835822231947596 14.857325553894043 0.15860694582053775 -0.9731688474770032 -0.16669202451755966 -1.0427242517471313 -0.2049047682537835 0.13270991844466484 -0.9697433235105432 2.4321486949920654
0.9600216067836892 0.1932185159470867 -0.2025465862552838 14.907097816467285 0.15276939562196037 -0.9679590190827384 -0.19929086566544885 -1.0252184867858887 -0.23456348025590998 0.16038061750594557 -0.9587794487047826 2.696626901626587
0.9543045883467405 0.19881873408539633 -0.2231005684372827 14.940033912658691 0.1467928437360729 -0.9621650157744062 -0.2295437724001977 -0.9939637780189514 -0.26029716419553073 0.18630510834788544 -0.947383656664631 2.963022232055664
0.9488351827477316 0.20478941929472605 -0.24036033309389412 14.97085189819336 0.14109037152409898 -0.9559236074859233 -0.2574947838584117 -0.947023332118988 -0.2824983239654186 0.21040758160301 -0.9359077660542742 3.2355053424835205
0.9433260215300687 0.21124912811896668 -0.25594886788815674 15.029613494873047 0.13583440835422572 -0.949451221819682 -0.28300422415958915 -0.877415657043457 -0.3027953609474725 0.2321985858141473 -0.9243369440494089 3.500175714492798
0.9384390789905169 0.2175146483665932 -0.2683644402102996 15.074190139770508 0.13138851501536022 -0.9432278859020778 -0.30505444330275777 -0.7945639491081238 -0.3194826335585217 0.25101500553284517 -0.9137408351670931 3.771563768386841
0.9344820689691212 0.22341590791318422 -0.27717971582804984 15.106863975524902 0.12788524476832103 -0.9372648711406323 -0.3243145471548892 -0.6935465931892395 -0.33224783964043697 0.2676189332186006 -0.9044288140241891 4.044205665588379
0.9315967272855455 0.22853764689468098 -0.2826624871869339 15.139690399169922 0.12481912804142821 -0.9314712149347865 -0.34173317226001143 -0.5847839117050171 -0.34139086541065944 0.28307581970163964 -0.8962814052039717 4.307830810546875
0.928973542147672 0.2345970739259019 -0.2863081746912101 15.194307327270508 0.1240207913767785 -0.9260657462074019 -0.3564001641520462 -0.4652678966522217 -0.34875062909747584 0.2955781565114933 -0.8893854912788842 4.557098388671875
0.9271482277648492 0.239235300194198 -0.2883793246637001 15.25489616394043 0.12305147941559338 -0.921356052218992 -0.36872938376683273 -0.3495793342590332 -0.3539131209296055 0.3063812921515058 -0.8836718885725857 4.814846992492676
0.925474448581454 0.2449119218545613 -0.2889899575354808 15.334022521972656 0.12390755386050273 -0.9166402654209901 -0.380023080753319 -0.2315087914466858 -0.3579720144357102 0.31589361237993124 -0.8786735813363217 5.088827610015869
0.9248035196206722 0.24852810794349323 -0.2880490056557119 15.423223495483398 0.12438843505572293 -0.9130491355631166 -0.38841832252332525 -0.14811253547668457 -0.35953576640107054 0.32338066672185756 -0.8753050765698335 5.336613178253174
0.9240790023156139 0.254027772119173 -0.28556590915504937 15.526240348815918 0.1275287388593731 -0.9092748646101284 -0.396176275606164 -0.07513788342475891 -0.3602976800429309 0.3296803172474858 -0.8726376511332065 5.584601402282715
0.9243854423012254 0.2580043119837441 -0.28097211438034714 15.615079879760742 0.13091281131996957 -0.906404031657706 -0.40161370398301743 -0.04519207030534744 -0.3582923246371182 0.33446301199452766 -0.8716427615219888 5.846670627593994
0.9248592843264972 0.2628660978268613 -0.27483944187171994 15.712166786193848 0.13576627326770088 -0.9032615901550821 -0.4070454750927869 -0.02508000284433365 -0.35525036697810675 0.3391458600127556 -0.8710782183008189 6.090493679046631
0.9257560748115532 0.2657962780602369 -0.2689387077362261 15.827738761901855 0.14029623394775226 -0.9019312211738086 -0.4084568998217558 -0.023721003904938698 -0.3511305408100861 0.3404003684505167 -0.8722585238730367 6.3132405281066895
0.9265892172207069 0.26923448455492077 -0.2625742082855133 15.931436538696289 0.14577845948172174 -0.9007431698765695 -0.4091581389534438 -0.03064519539475441 -0.3466714053415049 0.3408438561088577 -0.8738674970906004 6.52295446395874
0.9274129986800487 0.2720843156286347 -0.25666175225026666 16.049190521240234 0.15059189886805513 -0.8997280228675378 -0.4096480988143171 -0.04312921687960625 -0.3423845935123151 0.3412617910867968 -0.8753931574267863 6.7232232093811035
0.9285948518216608 0.27438991850758315 -0.24984349859804217 16.149085998535156 0.1552965029953382 -0.8988047436428176 -0.4099183198670045 -0.06214128062129021 -0.33703797609131075 0.34184821986748853 -0.8772372525410116 6.917201995849609
0.9289837496220107 0.27804968126493895 -0.24428992547113987 16.274423599243164 0.16061920465553137 -0.8974988665988598 -0.4107277146110141 -0.06405261158943176 -0.3334526413661372 0.3423217188584855 -0.878421981034012 7.095510959625244
0.9302070154886709 0.27978690421863284 -0.2375588275846922 16.362926483154297 0.16524053167590938 -0.8971678827151864 -0.409616109199593 -0.08499228954315186 -0.3277353734754958 0.34177343146023464 -0.880783995381827 7.271961688995361
0.9310841724775434 0.28112578029969426 -0.23248776185575054 16.46885871887207 0.16858126334974463 -0.8967382836654598 -0.40919531797923764 -0.09805204719305038 -0.32351602960164455 0.34180220341538675 -0.8823313619786926 7.434995174407959
0.9317547099896432 0.2820943875622922 -0.22859553127297022 16.5677433013916 0.17094448400958612 -0.8962651708934121 -0.40925142251444835 -0.11082038283348083 -0.3203297422950491 0.34224479535744357 -0.8833217739034452 7.587099552154541
0.9327449443011699 0.2821700669635948 -0.2244257609775843 16.640289306640625 0.17287996183461288 -0.8962879200011165 -0.40838766295780154 -0.12879414856433868 -0.3163848727051756 0.34212281094635083 -0.8847895764267895 7.733996868133545
0.9332094351259249 0.28184817983036964 -0.22289404145974787 16.72687339782715 0.17429668435529372 -0.8974913074061698 -0.4051296322822059 -0.14303076267242432 -0.3142305141368408 0.3392211029058656 -0.8866725592509476 7.873650550842285
0.9332665023854054 0.2817808677199339 -0.22274015828384752 16.802236557006836 0.17576794997694836 -0.8990831106084427 -0.40094287371089193 -0.14389851689338684 -0.31323994522763743 0.33503597240542454 -0.8886121954531903 7.997738361358643
0.9330980722252982 0.2821788001238329 -0.2229419484307658 16.866622924804688 0.17734503191111206 -0.900369650007419 -0.39734523150777123 -0.14103031158447266 -0.31285256474237016 0.3312244225690365 -0.8901761930246896 8.130824089050293
0.9328930304534148 0.28177055342687096 -0.2243121685351899 16.93170928955078 0.17783144001362466 -0.9019842709311331 -0.3934467612466943 -0.1379208266735077 -0.3131877594576857 0.3271539854783181 -0.891562503199595 8.255233764648438
0.9331047928480415 0.2804828611008766 -0.22504401834458956 16.970396041870117 0.17795582107465285 -0.9039721916573386 -0.38880072332221044 -0.1406286060810089 -0.31248547375783686 0.3227439253322892 -0.8934143424813853 8.358394622802734
0.9330520168505814 0.28020086045784126 -0.22561341194562812 17.002588272094727 0.17905114012048573 -0.9056730295078008 -0.3843137427203408 -0.13018424808979034 -0.3120170236904014 0.31818837411327194 -0.8952103303171473 8.471639633178711
0.9333210215402724 0.27947772004490334 -0.22539759259922248 17.0186710357666 0.1801711085187266 -0.9075714741805226 -0.3792787772983431 -0.12316089123487473 -0.3105643933327768 0.31337872176058074 -0.8974093460297529 8.570322036743164
0.9333794980060369 0.2789146184693852 -0.22585249236188612 17.04339027404785 0.18125332773064434 -0.909498278668582 -0.3741124326796074 -0.11259251832962036 -0.3097578794616308 0.3082523587954575 -0.8994612495313349 8.65417194366455
0.9338694295279025 0.27796938157732254 -0.22499091425822215 17.044015884399414 0.18266093544811657 -0.9116494066558981 -0.36814445806662344 -0.10709573328495026 -0.3074457208263741 0.3027018041728027 -0.9021356585880426 8.737000465393066
0.9342882555568292 0.2774465794458578 -0.22389473214519973 17.048694610595703 0.1845034155348731 -0.913637054667877 -0.3622510482990668 -0.09491287171840668 -0.3050638378840458 0.29713755718791285 -0.9047902115539582 8.817248344421387
0.9346747368570432 0.27698976819322285 -0.22284479935031343 17.056772232055664 0.18661185926168344 -0.9158102742741208 -0.35562277136996856 -0.08293356001377106 -0.3025874258195711 0.290806137917039 -0.9076743027571406 8.887899398803711
0.9351660684367207 0.2763402645843468 -0.22158628706230932 17.07390594482422 0.1889112630786869 -0.9182895930549129 -0.34793211689790526 -0.07697571814060211 -0.29962803461395615 0.28351416447242217 -0.9109570568456464 8.938697814941406
0.9359317449534316 0.27677997059244497 -0.21777193728134436 17.069734573364258 0.19342848559035453 -0.920724755277719 -0.33889724988705094 -0.06390797346830368 -0.294307984517319 0.27506139841429866 -0.9152726573823363 8.979037284851074
0.9373836531587828 0.2761696185305068 -0.21223154476045547 17.060890197753906 0.1976230676468588 -0.9234797940960305 -0.32883155722983476 -0.06548387557268143 -0.28680482897702386 0.26629947746300103 -0.9202323502129192 9.00873851776123
0.9388383397668333 0.276302282183588 -0.20552279835579568 17.053409576416016 0.2028913786718853 -0.9260668732123817 -0.31817484941343854 -0.06434183567762375 -0.278240292273563 0.25701594347196355 -0.9254864367221914 9.033885955810547
0.9405226987918656 0.27684282825310874 -0.19691394440741328 17.05059814453125 0.20896807710354232 -0.9284242906791789 -0.3071818341447164 -0.06347615271806717 -0.26786077691389254 0.24776275935193287 -0.9310554329734628 9.05284595489502
0.9424027001376747 0.27833453260027974 -0.18549134409832801 17.030664443969727 0.21683034489410957 -0.930629505002426 -0.2948106611912829 -0.061390310525894165 -0.25467970532871675 0.2376102110203257 -0.9373791310417332 9.065656661987305
0.944287932962761 0.28043082540197706 -0.1722755113917298 17.020307540893555 0.22572451859866105 -0.9327574986258503 -0.28109053783549776 -0.059538666158914566 -0.23951772661813336 0.22654359607283658 -0.944091763397006 9.075078964233398
0.9460625996859967 0.2834240292216789 -0.156959794645388 17.009746551513672 0.23594185269036652 -0.9347292846084413 -0.26573032691890597 -0.05793625861406326 -0.2220292765029217 0.21436413915377767 -0.9511840075508254 9.081605911254883
0.9477662282085272 0.2869408325302826 -0.1392987268219293 17.00935173034668 0.24685560903838435 -0.9364195815172517 -0.24936053343972375 -0.05471346527338028 -0.20199377454186668 0.2019488201943344 -0.958339808767457 9.085504531860352
0.9491436450091949 0.29162462546250567 -0.1186651547949667 17.004920959472656 0.2591498546798282 -0.9376699065141579 -0.23155236823914085 -0.053225837647914886 -0.17879511726578012 0.18902440118033445 -0.9655579121939463 9.093692779541016
0.9501165068621479 0.29688408341847927 -0.09559531578921589 16.99784278869629 0.2719550188702893 -0.9386392677884597 -0.21212447448798807 -0.052713315933942795 -0.1527058973953891 0.17554533881112852 -0.9725557788231766 9.095327377319336
0.9503129550710288 0.30315999043978414 -0.07070578208830575 17.004085540771484 0.2853251244363906 -0.9390882178795119 -0.1915799895741743 -0.05215058848261833 -0.1244783547028448 0.1618868099519923 -0.9789268614018314 9.105978012084961
0.9496493075981527 0.3102459007471455 -0.04374555575074668 17.00836181640625 0.2990090792771563 -0.9391196043475121 -0.16925702124284203 -0.05131242051720619 -0.0935936060218675 0.14765449468189246 -0.9846006231523818 9.116235733032227
0.9479403330189338 0.31809394669091084 -0.01501219885803675 17.00370216369629 0.3126214515805982 -0.938538127492043 -0.14633527003210697 -0.051643747836351395 -0.06063788459035307 0.13402396920823503 -0.9891211364792876 9.117809295654297
0.9453311333053539 0.32570687588768266 0.016250520087089118 16.985326766967773 0.3251752451053339 -0.9376702660578174 -0.12261946061595705 -0.057305462658405304 -0.024700371946617353 0.12120026052178223 -0.992320708478439 9.126001358032227
0.9414010830074786 0.33389970745913017 0.04769681615216757 16.976821899414062 0.33708242708389086 -0.9363202490044207 -0.09838612023823788 -0.05732514709234238 0.01180839801072918 0.10869855869792792 -0.9940046202475183 9.13364028930664
0.936337571564544 0.3421985944286324 0.07856254863279868 16.975229263305664 0.34781338178932003 -0.9346002441797964 -0.07448647546596415 -0.06128821149468422 0.04793540992720504 0.09706959127416451 -0.994122573390715 9.121994972229004
0.9295137962036101 0.3519962548220509 0.1100124504699523 16.97237205505371 0.35886044089183544 -0.932058922578814 -0.049853272752530084 -0.051184192299842834 0.08498992075576607 0.08581842128861651 -0.992679158609396 9.134289741516113
0.9218262266841422 0.36095474356417284 0.14123767519963695 16.967918395996094 0.36794348319855436 -0.9294833243359435 -0.026045017817579764 -0.05032561346888542 0.12187699113857 0.07597646267052133 -0.9896330512624785 9.134357452392578
0.913287217969454 0.3689699508324415 0.17253299068966715 16.955930709838867 0.37512278078755373 -0.9269692252131081 -0.0033098099678253376 -0.05634171888232231 0.1587115522822079 0.06774386238262384 -0.9849981788214921 9.134044647216797
0.9037262595485946 0.37708861903997126 0.20268946986174166 16.949796676635742 0.38135697845504746 -0.9242302082256331 0.019114842056362467 -0.058467503637075424 0.19453972032966152 0.06002245907767058 -0.9790564854084398 9.137829780578613
0.8937113892678346 0.38407747566518236 0.2318716140014078 16.94806671142578 0.38562577081746807 -0.9217658692362851 0.040502434402250584 -0.05696150287985802 0.22928741259473914 0.05321818296161861 -0.9719028281818471 9.154017448425293
0.8830321934981498 0.39074063119978425 0.25995365813052235 16.93501853942871 0.3891605265245695 -0.9192285173793777 0.059774722346751456 -0.057689908891916275 0.26231322849022715 0.0483806982804672 -0.9637692037998145 9.158512115478516
0.8725789317453071 0.39611524958478445 0.285829874087022 16.94025230407715 0.39095962319853933 -0.9171397669829874 0.0774933600177991 -0.056346334517002106 0.2928422457615619 0.044128866570262416 -0.9551419068560175 9.174814224243164
0.8621273355139691 0.40049255787495247 0.310390348507105 16.940322875976562 0.39168660245439607 -0.9153705188611199 0.09315803055913224 -0.05198594927787781 0.32143127230765234 0.04126165637371032 -0.9460335157360873 9.193703651428223
0.8520652125941428 0.40416513559198763 0.33261902630307927 16.94818878173828 0.3920198004508513 -0.9138130513672156 0.10614227812428603 -0.0443524569272995 0.3468506155989536 0.03995310154229317 -0.9370690476884711 9.218376159667969
0.8432638892865216 0.40537210864657697 0.35295816544853664 16.945537567138672 0.3904577189399914 -0.9132779755309619 0.11604356565637855 -0.042879145592451096 0.3693897436929555 0.039959891660206116 -0.9284150065099965 9.226544380187988
0.8357874183057828 0.4054357963297315 0.3702447926119032 16.958406448364258 0.3887115471469932 -0.9131794933013776 0.12250120868150877 -0.031648676842451096 0.3877663272079534 0.04153345721603433 -0.9208215068162443 9.237835884094238
0.8299511882153554 0.402577869594369 0.3861503387189744 16.955657958984375 0.38528860373605894 -0.9142803610965837 0.12507642921117668 -0.033316634595394135 0.4034026735298585 0.044971993795690016 -0.9139167373251256 9.248480796813965
0.8261430344456938 0.39787535057124174 0.39897730768136785 16.973161697387695 0.38098266926284613 -0.9161317432520918 0.12471902311692504 -0.027677129954099655 0.41513840144970704 0.0489676874448323 -0.9084394714168288 9.272863388061523
0.823817831995538 0.3907977768193049 0.41061085874494424 16.964282989501953 0.3759010261529338 -0.9188174616143363 0.12030332817407477 -0.027956021949648857 0.42429070013770415 0.055241016153547894 -0.9038394945514279 9.278399467468262
0.8229992158479262 0.38240916382825146 0.4200422861259049 16.960594177246094 0.37012106819484064 -0.9219430195565641 0.1141554360038779 -0.021675728261470795 0.4309091384410514 0.061516665311953184 -0.9002960703551297 9.291635513305664
0.8236292357610201 0.3722407245518531 0.42786881749530364 16.952199935913086 0.3637788217234409 -0.9255528764909305 0.1049611436907452 -0.02110220119357109 0.4350860269707854 0.06920054771803243 -0.897725700495592 9.30770206451416
0.8256118818325344 0.3611211038107405 0.4335395817678633 16.95827865600586 0.3578110269481801 -0.9291930613554145 0.09258252385435359 -0.014140150509774685 0.43627547440949527 0.07868801123084529 -0.8963659449785586 9.33513355255127
0.8287825723207916 0.34857024542667586 0.4377421978979398 16.959562301635742 0.351086733272244 -0.9330654450905478 0.0782750336838156 -0.01223951205611229 0.43572646641850465 0.08881249451043054 -0.8956867685085443 9.3572998046875
0.8332098709999635 0.33579645250593837 0.4393199897030085 16.978466033935547 0.34484821078667716 -0.9366170644676409 0.06187233683356784 -0.007191362790763378 0.4322511103345506 0.09994607062034057 -0.8961973892966338 9.371891021728516
0.8376981910233566 0.3231744544039089 0.44024994352859587 17.000764846801758 0.3391937989192486 -0.9396694215329312 0.0443727958404113 0.005467178300023079 0.4280295638515223 0.11215904001328784 -0.8967781454810176 9.393036842346191
0.8427622323444425 0.3104282482022413 0.43975689016989766 17.01740837097168 0.33353490809046454 -0.9423781164571786 0.02603748658579879 0.017688870429992676 0.4225000412057934 0.12473086362527908 -0.8977393423708212 9.41030502319336
0.8479553629180312 0.29747173210220396 0.43872801494623603 17.033065795898438 0.32773822843540573 -0.9447416936798823 0.007126418798330952 0.026217691600322723 0.416604556048745 0.13774505734501702 -0.898591644216908 9.432046890258789
0.852648908411157 0.284141386577313 0.43846722958413265 17.02738380432129 0.32157878981237664 -0.9468095192216031 -0.011782030986393716 0.027128251269459724 0.41179718421581 0.15104769692146588 -0.8986699462687351 9.453020095825195
0.8573078342663062 0.2710932085162291 0.43764340461383816 17.02153205871582 0.31570556014798634 -0.9483507892103208 -0.03099644972908258 0.024871086701750755 0.40663654114855624 0.16473995538586786 -0.8986141944695735 9.467668533325195
0.8612228622535278 0.25868109001573164 0.43746917057104034 17.014812469482422 0.3100098035124153 -0.9494769000547296 -0.04886243944641473 0.019792551174759865 0.4027270828464789 0.17770118156819853 -0.8979048873968956 9.485648155212402
0.8646216413805603 0.25004032867947246 0.4357857860121723 17.0242977142334 0.30761912243273026 -0.9492394476086035 -0.06568825326822172 0.03892574459314346 0.397240346352309 0.19085152642191386 -0.897650155735698 9.500992774963379
0.8672773116022746 0.240965548993553 0.4356210153082226 17.023813247680664 0.30496043112602006 -0.9488012797044244 -0.08231201053721582 0.0415404848754406 0.3934834179827189 0.20423451184724478 -0.896358780814443 9.518861770629883
0.8689930360669789 0.23370517688972064 0.43615707441475543 17.025829315185547 0.3035231708212079 -0.9478913097724766 -0.09682845466317475 0.047741182148456573 0.3908001894085185 0.21652703099789417 -0.894645883467589 9.53072452545166
0.869222589763452 0.22719805332775736 0.4391276966999403 17.011463165283203 0.3023305361570198 -0.9470110181179292 -0.10847293888455192 0.04361265152692795 0.39121392658228077 0.22704884084117308 -0.8918522789794021 9.550047874450684
0.8683842418344567 0.22422268479768523 0.44230418962034895 17.022232055664062 0.3043720374493167 -0.9451615291958944 -0.11843709953823706 0.052000921219587326 0.39149261979320565 0.2374739382546986 -0.8890104933560998 9.577550888061523
0.8654850313386289 0.22347035036319063 0.448326513868325 17.017166137695312 0.30847003090288316 -0.9429198823174259 -0.12549237253819928 0.05970581993460655 0.39469215923748335 0.24690706356652636 -0.8850169497797249 9.601760864257812
0.860812033989742 0.2254510048784052 0.4562614234600168 17.016082763671875 0.31515402427734596 -0.9400851724597659 -0.13006848005218696 0.0675070583820343 0.3996005294293758 0.2557571365976118 -0.8802884208934894 9.624408721923828
0.8527649478180745 0.23262007762448206 0.4676321666211772 16.99253273010254 0.3256776948242888 -0.9367900071102397 -0.12790043656037473 0.09329399466514587 0.4083209312131499 0.2613663751601897 -0.8746208521804457 9.650118827819824
0.8437140754601968 0.23967334083534897 0.480315780048051 16.983457565307617 0.3356895649534115 -0.9338150985087315 -0.12370075900542189 0.10465063154697418 0.41887835328617107 0.2656050667625729 -0.8683287820050161 9.677388191223145
0.8324123787073726 0.24802390044056555 0.4955540097557303 16.969541549682617 0.3474578550808104 -0.9302329803188346 -0.11806625796467622 0.10360553115606308 0.4316974295932008 0.2704639479438754 -0.8605153003551048 9.70691967010498
0.8195431182573804 0.2593317161105031 0.5109756729396723 16.972719192504883 0.3614584198727735 -0.9258979846101548 -0.10982136767465225 0.11115053296089172 0.4446311820149901 0.27469980544957584 -0.8525509538238273 9.743103981018066
0.8052141237655364 0.27216224047312554 0.5268376692579493 16.973621368408203 0.376514963711038 -0.9210344571610887 -0.09965947432961211 0.11489029228687286 0.4581121008990872 0.2786094822195172 -0.844103109476086 9.761295318603516
0.7892095125978383 0.28538958818233434 0.5437840823177892 16.966625213623047 0.3915076012823047 -0.9160085278253299 -0.08746527933670518 0.11654127389192581 0.47314917664861095 0.28192403215829187 -0.8346548368807024 9.789512634277344
0.7715598025193885 0.30079420457126343 0.5605517974572763 16.972797393798828 0.4076926786522634 -0.91021782040983 -0.07273375544903918 0.12638938426971436 0.4883463431926 0.2846513058194522 -0.8249190767497719 9.819396018981934
0.7525767240668644 0.31563981445265066 0.5779271424021224 16.968759536743164 0.42271760121543955 -0.9045008956081677 -0.056462017911931964 0.1232304722070694 0.5049139570416443 0.2867919757878853 -0.8141328261458505 9.85012149810791
0.7320509371391937 0.33174869719515265 0.5950161572116739 16.96499252319336 0.43803344343482686 -0.8981485710656336 -0.03815555956068689 0.12894108891487122 0.5217548541856194 0.28856878937625896 -0.802807527326235 9.886885643005371
0.7098983768958753 0.34959054502832043 0.6114169978888416 16.959558486938477 0.45340894935700504 -0.8911421646939475 -0.01691055728124749 0.1473967581987381 0.538947696092653 0.2892267157981562 -0.7911278580261436 9.937576293945312
0.6869889419854102 0.36693801428824313 0.6272182134313129 16.947059631347656 0.4680981640595687 -0.8836662007173858 0.004260811397133024 0.16357457637786865 0.5558149893569153 0.29067256385820445 -0.7788319191110943 9.98344612121582
0.6645220778338774 0.3851403458138859 0.6403727993112345 16.95164680480957 0.48237719947188196 -0.8755767343409926 0.02603112964178106 0.18768179416656494 0.5707211626538922 0.2916029771918034 -0.7676229922246116 10.026449203491211
0.6415912742386244 0.40142031536739375 0.6536224959647585 16.921110153198242 0.49434748179796695 -0.8679491309526982 0.047800348518235905 0.19882437586784363 0.5864991083206073 0.2924483484118149 -0.755309710946665 10.068929672241211
0.6191740231462121 0.41831190921272265 0.6645590084196746 16.9204044342041 0.5058268075337924 -0.8597964572002633 0.06992347936171389 0.22010385990142822 0.600635305190351 0.2928569596179731 -0.7439570090819839 10.128235816955566
0.5975609521719922 0.4334971124291328 0.6745377394593325 16.908740997314453 0.5155097998289583 -0.8520491138856034 0.09089529034590287 0.23668628931045532 0.6141421290870787 0.293415338798711 -0.7326232894455569 10.18150806427002
0.5779478303984924 0.4467899196015363 0.682901949828911 16.9146728515625 0.5242260584254053 -0.8445856678964168 0.10891321890260744 0.24980250000953674 0.6254305277210565 0.29504883888335576 -0.7223453728433127 10.228440284729004
0.559003684054848 0.4599170348160799 0.6899211565817448 16.898700714111328 0.5314192548027461 -0.8374325244889231 0.12767279488208605 0.267877995967865 0.6364813091034188 0.29526782421065445 -0.7125366342497097 10.296582221984863
0.5422470231473205 0.4720202876354979 0.695100722160732 16.887704849243164 0.5375400278888736 -0.8307165181450414 0.1447783992804455 0.2925969064235687 0.64576999334523 0.2951388055500003 -0.7041833576231554 10.361796379089355
0.5293730524637321 0.4823689588836809 0.6979142918945739 16.89776039123535 0.5425515446346217 -0.8249115987528719 0.15861486581517825 0.31849414110183716 0.6522284820059737 0.29468804140727317 -0.6983959947706806 10.424089431762695
0.5191282380329938 0.4919193181700221 0.6989429568197248 16.917217254638672 0.5468620162007654 -0.8196377810995241 0.1706922465464739 0.35367491841316223 0.6568468677809106 0.2936141893801949 -0.6945091072700327 10.498418807983398
0.5148311402710255 0.49326037939453066 0.7011726571443009 16.931066513061523 0.5461757435844783 -0.8191394125517595 0.17522180208039265 0.39921125769615173 0.6607881310429069 0.2927538572315005 -0.6911253323015301 10.568053245544434
0.5136986983562971 0.4935279322829563 0.7018146673898713 16.9348087310791 0.5449479213257299 -0.8194884214254569 0.17739923954847964 0.436491996049881 0.6626804737954877 0.29132268570456793 -0.6899171562180965 10.627837181091309
0.5136657340988806 0.4936635074178677 0.7017434396248726 16.94842529296875 0.5437674802547472 -0.8199674892322104 0.1788022483629002 0.477696031332016 0.663674951335412 0.2897406737862568 -0.689627363816014 10.707539558410645
0.5165708883612117 0.49386581623069886 0.6994648474773371 16.954967498779297 0.5414750075255131 -0.8212325693646754 0.17994966862970124 0.5157884359359741 0.6632943038523353 0.2857859733672725 -0.6916408344679821 10.787663459777832
0.5204974608807931 0.49359818058738564 0.6967375613080363 16.965579986572266 0.5397584480680125 -0.8224715989983824 0.1794471693291776 0.5564670562744141 0.6616216524236928 0.2826681888042348 -0.6945181668482656 10.874715805053711
0.525446110075011 0.4934476118033431 0.6931203645923387 16.964244842529297 0.5373754200331355 -0.8240643890315602 0.17929177525545456 0.5965064764022827 0.6596469080889038 0.27825768117990635 -0.6981680453251429 10.954763412475586
0.5315870562169243 0.49328224177549895 0.6885403630954129 16.97083854675293 0.5351556598555833 -0.8257045972162096 0.17838256041595651 0.6355037093162537 0.6565238924724369 0.27365041217757263 -0.7029166597313545 11.039819717407227
0.5383489945044114 0.4929736495191752 0.6834890935456356 16.977060317993164 0.5327459002449573 -0.8275085174419817 0.17723278289628988 0.672469437122345 0.6529641382865367 0.26871292198314306 -0.7081180690188621 11.126174926757812
0.5445613410704225 0.49238765147746516 0.6789752178718228 16.969749450683594 0.529874452975896 -0.8294926760475593 0.17656433520661516 0.7071433067321777 0.6501430687895381 0.26362151098869985 -0.7126132815552605 11.218396186828613
0.5509824550110415 0.4923381727489241 0.6738111441080927 16.982580184936523 0.5275740882812486 -0.8311055817049332 0.17586669222201884 0.746300220489502 0.646594088779209 0.25858583819141284 -0.7176694563952332 11.322492599487305
0.556248750746041 0.4913519596942517 0.6701944337265769 16.962947845458984 0.5241091608586577 -0.8332837335693848 0.17591988765543276 0.7733632922172546 0.6449007015017912 0.25339982453286125 -0.7210350990965784 11.424444198608398
0.5610504852054419 0.49077468967508375 0.666605248272967 16.953399658203125 0.5213388219959685 -0.8350088157623197 0.17597190195899187 0.7993894815444946 0.6429838145168154 0.24879807389434178 -0.7243419998149159 11.533539772033691
0.5641459074531949 0.49059087432279874 0.6641234743140794 16.928695678710938 0.5179527049909557 -0.8366693203627966 0.17807145688236592 0.8123835921287537 0.6430119676151944 0.2435262663345541 -0.7261064433736892 11.63770580291748
0.5647053444222698 0.49133970459430837 0.6630936349190089 16.912290573120117 0.5151741270665521 -0.8375639834230297 0.1818851078944156 0.8245756030082703 0.6447507214281671 0.23889719203398962 -0.7261023611421005 11.747823715209961
0.5638143818047396 0.4914882497082971 0.6637413978868684 16.886741638183594 0.5112411835670998 -0.8388700109938927 0.18689450735646929 0.8267596960067749 0.6486492080431846 0.23395812671027483 -0.7242360111532486 11.845976829528809
0.5619359771242057 0.49099344000278444 0.6656976787459126 16.877769470214844 0.5073245476531796 -0.8402163605305114 0.1914634974227678 0.8308869004249573 0.6533374020840694 0.23013454623566093 -0.721240826400548 11.934349060058594
0.5573030938368962 0.48995687728520015 0.6703398541044379 16.849849700927734 0.5027849731003793 -0.8416286489911532 0.19715092701221848 0.8228861689567566 0.6607726783276338 0.22716398393729048 -0.715385205310722 12.013847351074219
0.549703871117506 0.49029776820409565 0.6763384896429533 16.832761764526367 0.49849131013006087 -0.8422124931772725 0.20538872914777556 0.8150743246078491 0.6703223611093724 0.22424588029706521 -0.7073766446289773 12.09178638458252
0.5387445032878264 0.4911236972211026 0.6845084909663487 16.8079776763916 0.493692295871785 -0.8424203316481211 0.2158608390206883 0.8027592301368713 0.6826582433209162 0.2216427279514135 -0.6963133087714586 12.155027389526367
0.5231181073218003 0.4938789931450215 0.6945725202756852 16.789770126342773 0.4897140119683737 -0.841189773828259 0.2293031855177805 0.7902331948280334 0.6975153276264952 0.2201892470962694 -0.6819010655434417 12.217111587524414
0.5044225708873806 0.4936387056119476 0.708433975964681 16.768423080444336 0.48278391916414637 -0.8414703554186393 0.24258468283907722 0.7701718211174011 0.7158753783836068 0.2196553420096802 -0.6627774689522403 12.269933700561523
0.48149858202150664 0.49397965457151866 0.7239773590249088 16.757980346679688 0.4752243195453271 -0.8412149963993226 0.25791311704829706 0.7584974765777588 0.7364244439343111 0.2198668476653333 -0.6397949731544864 12.323835372924805
0.4549358315881063 0.49428339281650335 0.7407545590295375 16.751497268676758 0.46709856789564774 -0.8406556209628767 0.27407490730337797 0.7422756552696228 0.7581901588698401 0.22131889781337358 -0.6133234289211528 12.370004653930664
0.42467656436311807 0.4942716161582013 0.7585152504340952 16.735858917236328 0.4584748145963056 -0.8398573878450539 0.290586325319974 0.7248602509498596 0.7806732095195926 0.22435493652345223 -0.583278837603368 12.405623435974121
0.3909027961153901 0.4941356880684783 0.7765467956062025 16.72271728515625 0.44898120670743624 -0.8388617210298547 0.30777733674584407 0.709431529045105 0.8034991474872292 0.2283438958411673 -0.5497710298109332 12.444685935974121
0.35420193037305375 0.4943217689125539 0.793843171727997 16.70542335510254 0.43825141731185574 -0.8376327884772313 0.3260475531145841 0.6949601769447327 0.8261214727533428 0.23241622242653703 -0.5133283664564295 12.4813232421875
0.31537846245875345 0.49567804038838886 0.8092216665993809 16.709810256958008 0.4281397740706678 -0.8353421248410686 0.3448186020572647 0.6949818134307861 0.8468959554017662 0.23771162096695125 -0.47566839918308035 12.509117126464844
0.2751191520869186 0.49677997910446525 0.8231154867428638 16.712217330932617 0.4173647524065599 -0.8329860506819621 0.36323670356652876 0.6946012377738953 0.8660924405648542 0.24360601743436963 -0.43650886894332375 12.534231185913086
0.23429001666106866 0.4973203455546902 0.8353326654634787 16.711233139038086 0.40695578364044904 -0.8305127536681518 0.3803098160133818 0.6861056685447693 0.8828902413406463 0.25084066634401186 -0.39696823783968904 12.552831649780273
0.19375748901890552 0.49732852351212126 0.8456490851117513 16.69547462463379 0.39631318104124463 -0.8281985047201222 0.39626140275369154 0.6715446710586548 0.8974374061638273 0.2583632645725919 -0.35756751185941715 12.570300102233887
0.1547851959804129 0.4968705009028108 0.8539093912341609 16.691320419311523 0.3855935409044564 -0.8261586735397395 0.41082778307682843 0.6470829844474792 0.9095928563473157 0.26567188685980336 -0.3194671880088522 12.591814041137695
0.11604903438881348 0.49741547053095825 0.8597153431769666 16.6748046875 0.37455484614131074 -0.8235763945909951 0.42594669796179496 0.6291506290435791 0.9199137398960204 0.27257984508940303 -0.28188462037073614 12.627692222595215
0.07970953498175093 0.49783171622794564 0.8636029020044637 16.663162231445312 0.3637626292201157 -0.8211402422560399 0.43977886730783344 0.605455219745636 0.9280749644376051 0.27909189322735706 -0.2465452808692713 12.672760009765625
0.04587917025194339 0.4978958000764425 0.8660224442837684 16.63927459716797 0.35244204740459373 -0.8192537081320068 0.4523361194214043 0.573916494846344 0.9347083528878147 0.28446991752766404 -0.21306609552801398 12.727603912353516
0.01658662578657806 0.49807572479583323 0.8669748878797594 16.608259201049805 0.3412483408193216 -0.8178504443153745 0.46332517805662676 0.5365712642669678 0.939826821139446 0.2881687406750604 -0.1835328939582048 12.781001091003418
-0.00842845537476579 0.4978130846185643 0.8672433879382107 16.557212829589844 0.3277931263990128 -0.8179779286410034 0.4727195516812632 0.49793875217437744 0.9447119282752581 0.2882607171272628 -0.15628541690036143 12.8351411819458
-0.02748599334834667 0.49781029928607107 0.8668502904737168 16.538551330566406 0.3180788212044748 -0.817749916518973 0.47969879876270727 0.454918771982193 0.9476657552485614 0.28891171654663805 -0.13586624441430878 12.901771545410156
-0.04039384174348524 0.49822723823340187 0.8661050494204033 16.50963592529297 0.3113550553103286 -0.817377808347346 0.484718008695769 0.41334134340286255 0.949434761888306 0.28924580810031875 -0.12210853948225361 12.967558860778809
-0.04662196977591023 0.4982960377578414 0.8657525343243586 16.478839874267578 0.307808299504223 -0.8173550971086279 0.4870161147096305 0.3597954511642456 0.9503054470487542 0.28919146596222595 -0.11527295139834866 13.02744197845459
-0.04576131186320757 0.49826734917495374 0.8658149635359293 16.452463150024414 0.3091077831388096 -0.8171226870098359 0.4865828734931347 0.3013560473918915 0.949925407987158 0.2898968146082154 -0.11662570960316192 13.088790893554688
-0.03782068352449081 0.4822894311618453 0.8751951213799835 16.43124008178711 0.3096140523568086 -0.8270670289225044 0.4691473843607109 0.24285608530044556 0.9501098539016083 0.2887161828836148 -0.11804334483646008 13.154729843139648
-0.02287839594937046 0.46249242101412 0.8863280089804685 16.393798828125 0.31048972936362706 -0.8394327859433127 0.44603668665609775 0.1670180708169937 0.9503013769107594 0.2854003475610116 -0.12439427098370859 13.222710609436035
-0.0010510650466910945 0.4411371445174525 0.8974390870634376 16.344602584838867 0.3132120875157582 -0.8521380220166883 0.4192361860187015 0.08551443368196487 0.9496826225093776 0.28152941437880785 -0.13727383342515379 13.282541275024414
0.0271857260628405 0.41679634842060065 0.9085932754768161 16.300996780395508 0.3169384921737298 -0.8656286221028308 0.38760428374180433 -0.0031703338027000427 0.9480563951986606 0.2774308788502242 -0.15563154880458327 13.330574035644531
0.06031054041210118 0.39012307399125573 0.9187854079461716 16.244365692138672 0.3209593579935151 -0.8791586051030544 0.3522289562055365 -0.09682989865541458 0.9451707407826325 0.2736496559706669 -0.17823618194840438 13.378323554992676
0.0969768557344942 0.3626111691491688 0.9268811301672526 16.19593048095703 0.3240477055503298 -0.8920323517603684 0.3150735913091301 -0.19287291169166565 0.9410571576580338 0.2697988573384604 -0.20400981005687757 13.439648628234863
0.13751256561338726 0.33331087134202786 0.9327347733110642 16.141578674316406 0.3266866424501622 -0.9042500037136897 0.27496866808498815 -0.29413270950317383 0.9350754685815814 0.2669003443778421 -0.23323394741744946 13.500504493713379
0.1810174657036443 0.30211974106858136 0.9359253918806155 16.09469223022461 0.32717140750787616 -0.9159438434564211 0.23239136331540955 -0.4000698924064636 0.9274651191390141 0.2641411321451712 -0.26464677419065974 13.558753967285156
0.22569405984425042 0.2693388947645597 0.9362258013524436 16.018775939941406 0.3261785845160408 -0.9264465710470137 0.1878943373237803 -0.5179815292358398 0.9179704365360204 0.2629701708601871 -0.29694606729780426 13.621221542358398
0.27212432611798243 0.23727326287064018 0.9325501326264202 15.957582473754883 0.3234827119285425 -0.9352784186907048 0.14357302885559745 -0.627622663974762 0.9062600544094336 0.2625941321852694 -0.3312658079604289 13.684148788452148
0.3190421219663555 0.20733953089433094 0.9247823762051937 15.899889945983887 0.3199429710689918 -0.9420556625509432 0.10083463650576603 -0.7175586223602295 0.892103480362425 0.263707124636826 -0.3668922631250572 13.74362850189209
0.3673821089456713 0.17702891855883296 0.9130668913176739 15.830694198608398 0.31465310800609414 -0.9474878225499982 0.05709857915542564 -0.820258617401123 0.8752278604162097 0.26632233874264705 -0.40379277388025486 13.779319763183594
0.41375828120139296 0.14582407150462928 0.8986319741179264 15.76344108581543 0.30671908299394846 -0.9517083571943787 0.013213893208594535 -0.9375738501548767 0.8571624635182179 0.27016021730852524 -0.4385042395680914 13.824868202209473
0.45726568020368974 0.11543279567486214 0.8818068764704335 15.681962966918945 0.2966753969999174 -0.9545413358215786 -0.02888852753079979 -1.0608830451965332 0.8383864303069309 0.2748201373455772 -0.4707250636906428 13.88245677947998
0.4985692036570092 0.0868267506449819 0.8624905011287081 15.603641510009766 0.28554423721421174 -0.9558905190584374 -0.0688317090296734 -1.1870197057724 0.818470059170505 0.2805965626065754 -0.50137045315296 13.942452430725098
0.5372881333477728 0.060871552119302716 0.8411992129729156 15.53254222869873 0.2728504858696014 -0.9563012926251626 -0.1050735460720976 -1.301621913909912 0.7980439048851811 0.2859763834060949 -0.5304181690040246 14.01329517364502
0.5728226998386383 0.03720327864238189 0.8188345807352243 15.462148666381836 0.26080963406536706 -0.9553241691120729 -0.13904699453428276 -1.418285846710205 0.777079461399066 0.29320922217519835 -0.5569343432606331 14.086700439453125
0.6040361719198009 0.01634713037156127 0.7967892283038769 15.389344215393066 0.24889196935559826 -0.9536521203994994 -0.16911658951099537 -1.53727388381958 0.7570951661467431 0.3004669775302333 -0.5801090456208053 14.169302940368652
0.6317061976143142 -0.0009383330169934201 0.775207326737057 15.333418846130371 0.23821141729643353 -0.9513811821037027 -0.19526691222167064 -1.6353617906570435 0.7377008882774165 0.3080145546400534 -0.6007698673906675 14.264871597290039
0.651414768738479 -0.012901127195537251 0.7586121274976287 15.242748260498047 0.22944739103818573 -0.9496894865829606 -0.2131754531355865 -1.7321040630340576 0.723196165514699 0.31292721196929696 -0.6156816272993362 14.386947631835938
0.667968271850801 -0.02198460066578936 0.7438649508709357 15.176690101623535 0.22205073410378756 -0.9481429580653454 -0.2274168035899395 -1.8132410049438477 0.7102899825315171 0.31708296769877414 -0.6284477164495984 14.52365779876709
0.6795367638251761 -0.02839535853681699 0.7330917338393419 15.1024808883667 0.21610952109436063 -0.9471659394232441 -0.2370091941019376 -1.9013960361480713 0.7010894818084015 0.31948456427509836 -0.6374975699464098 14.665764808654785
0.6871357118492818 -0.028674112409591626 0.7259630216332666 15.029672622680664 0.21494056683933643 -0.9464683077850422 -0.24082835191335636 -1.9650323390960693 0.6940065318339341 0.32152066439972526 -0.6441889444377278 14.815213203430176
0.6923558744405998 -0.02566468949699348 0.7210996233812741 14.973094940185547 0.21594562553461744 -0.9461922846764204 -0.24101379054170055 -2.006092071533203 0.6884844442251801 0.3225856229465889 -0.6495596092185121 14.970982551574707
0.6937593508651676 -0.02100040801213114 0.719900650055593 14.90597152709961 0.21854865556337272 -0.9463027624141789 -0.23821747836532986 -2.059251070022583 0.6862466380526636 0.32259892236431625 -0.6519167792370422 15.140057563781738
0.6918915847190982 -0.012582715837421404 0.7218917579921863 14.836583137512207 0.22378589132356558 -0.9468703689755208 -0.23098999805333129 -2.1015450954437256 0.6864443967572406 0.32136922630879794 -0.6523158058350819 15.310845375061035
0.6892887830401838 -0.0012151369045278193 0.7244856775791263 14.793920516967773 0.2309136941875084 -0.9474766412440357 -0.22128461341358277 -2.1225318908691406 0.6867021475222429 0.31982266608110216 -0.6528044292505341 15.476840019226074
0.6842299888931267 0.01102363345200559 0.7291829686744116 14.742593765258789 0.23911197204452284 -0.94800259376446 -0.21003939402130203 -2.14968204498291 0.688951948342039 0.3180716298593325 -0.6512876869359168 15.642999649047852
0.676600863234531 0.024711893059639792 0.7359351834310524 14.69450569152832 0.24810744087611725 -0.9486457985305704 -0.19624945022139728 -2.1791598796844482 0.6932921243258081 0.3153735424408738 -0.6479857707358262 15.82407283782959
0.6667058492790179 0.039229353474541775 0.7442878262897444 14.642691612243652 0.257266752318567 -0.949349845086245 -0.18041255440290063 -2.213627338409424 0.6995120647198306 0.3117626171635912 -0.6430295030950814 16.010324478149414
0.6551493004656385 0.055770458249876365 0.7534381527942312 14.594173431396484 0.2674121251835397 -0.9498292204535724 -0.16221962667131742 -2.229473829269409 0.7065905104119411 0.30775657256857647 -0.6371936461050401 16.2023868560791
0.6418875396888865 0.07319048994278471 0.7632978046438255 14.548318862915039 0.2780567443311852 -0.9498989796461489 -0.14274584196797968 -2.2441823482513428 0.7146081676863834 0.30386687981604815 -0.6300794283475452 16.40052032470703
0.62755376902844 0.09084925442858019 0.7732546022804977 14.498819351196289 0.28865361259494826 -0.949538317594156 -0.12270320026937201 -2.2597060203552246 0.7230873798608887 0.3002055902048314 -0.6221103155355038 16.598907470703125
0.6125207506944578 0.10950726885877841 0.7828323498909517 14.452251434326172 0.2995534664514643 -0.9486457250892294 -0.10168091761408315 -2.27329158782959 0.7314957626026344 0.29678181604845966 -0.6138684736630226 16.8008975982666
0.5971320707648632 0.12833202560997425 0.7918106978734927 14.411721229553223 0.3098770049278137 -0.947393074063786 -0.08014115692287802 -2.283076286315918 0.7398712941323202 0.29321878251368994 -0.6054859318763363 17.000890731811523
0.5797112031485114 0.1467022806767626 0.8015069318404812 14.355247497558594 0.31932629234792564 -0.9458783876873114 -0.057834200274399186 -2.2882564067840576 0.7496436753281072 0.28946937065998635 -0.5951821935258808 17.204315185546875
0.5624882566676688 0.16569213055387455 0.8100327641419727 14.300882339477539 0.3286948088192031 -0.9437801408636226 -0.03519614136163493 -2.2855968475341797 0.7586611125965759 0.28605098074287116 -0.5853273892871984 17.40073585510254
0.546591907126755 0.18511673776456564 0.8166817498040115 14.253249168395996 0.3378975966040765 -0.9410954024311328 -0.01283190290538705 -2.2749996185302734 0.766200039984811 0.28296861473030804 -0.5769456315848874 17.583995819091797
0.5317609622261161 0.2028496221385531 0.8222422452359166 14.20602035522461 0.34574807630264637 -0.9382943092399743 0.00787762533376174 -2.2675907611846924 0.7731031928438625 0.28009966091754895 -0.5690831513658612 17.75835609436035
0.5176483109505089 0.21861712732010224 0.827192104539442 14.169774055480957 0.35240848167606326 -0.9354653560888376 0.026698868896563033 -2.2657432556152344 0.7796463866477269 0.27768888922657725 -0.561284591439363 17.945497512817383
0.5074123108098643 0.2346234847241477 0.829146891240926 14.142769813537598 0.35982481493306673 -0.9320040131854015 0.04352725542336196 -2.247312068939209 0.7829807465046498 0.2762613614355145 -0.5573336619842892 18.096708297729492
0.49756465725018784 0.24638321737321156 0.8316998990334966 14.113496780395508 0.36461862163219294 -0.9293988839058328 0.05719244140297447 -2.250293493270874 0.7870722156286191 0.27479633329325504 -0.5522719462312381 18.26990509033203
0.4910005286818043 0.2571252579697447 0.8323491350077686 14.080909729003906 0.3690198529313752 -0.9268831065280617 0.06864440964416466 -2.246359348297119 0.7891405635098824 0.27344891396178894 -0.5499844202124485 18.409395217895508
0.484193770134827 0.2675600189862729 0.8330474351456151 14.055830955505371 0.37304661755385615 -0.9243520986097763 0.08005884665250623 -2.2344095706939697 0.7914496914487045 0.272001533149664 -0.5473778876333816 18.5699520111084
0.47767125791195386 0.2774723750309921 0.8335701832836107 14.036892890930176 0.37754728160170714 -0.9215658099986116 0.09041298577507606 -2.217421531677246 0.7932768870451055 0.2715244720762078 -0.544964440623206 18.74054527282715
0.47144681549629064 0.2846779660010289 0.8346833865795602 13.993362426757812 0.3797362325721939 -0.9197595109058075 0.09921106677274634 -2.2143304347991943 0.795951188095277 0.2701867831183212 -0.5417202307445147 18.899133682250977
0.46874332026656346 0.2916678033722003 0.8337922955877641 13.975397109985352 0.38301216470928995 -0.9176772617108564 0.10568881219678902 -2.199997663497925 0.7959782543450429 0.26981166730684547 -0.541867403333065 19.040626525878906
0.4672446227525798 0.29656700654392015 0.8329048403859697 13.952446937561035 0.38496965607848205 -0.9163139177720854 0.11030488654627596 -2.197718858718872 0.7959150874355972 0.26910372484740896 -0.5423120493457945 19.179155349731445
0.4677234764446955 0.29973288801550796 0.8315016208188479 13.926770210266113 0.3862179922631713 -0.9154895525068872 0.11275877661159708 -2.2002787590026855 0.7950285605150882 0.26840095955980114 -0.5439581903719114 19.29878044128418
0.4682478368628641 0.30247196011340244 0.830213633120057 13.900970458984375 0.38678488692347307 -0.914947030957952 0.11519280267805021 -2.201026678085327 0.794444091500997 0.2671753055324993 -0.5454135509801447 19.425657272338867
0.46934166771691543 0.30552027365438916 0.8284779787845007 13.879541397094727 0.387282360625247 -0.9144034821132353 0.11780766124376638 -2.1897826194763184 0.7935557775564617 0.26556286315171607 -0.547490268060924 19.544878005981445
0.4710649115023125 0.3084704565761161 0.8264041544976897 13.86092472076416 0.3879258122961477 -0.9138473603176854 0.11998569162517998 -2.17091965675354 0.7922192962215027 0.2640624537114682 -0.5501450783513256 19.658246994018555
0.4737807864826465 0.31027940878379934 0.824171374681662 13.84360408782959 0.3876817555744918 -0.9137960956404904 0.12115920099965762 -2.1519827842712402 0.7907177895776499 0.26211330389160226 -0.5532286987932419 19.766796112060547
0.4780300690074349 0.30990325533940916 0.8218559639345473 13.833874702453613 0.3858804333026436 -0.9146521087319537 0.12044837560695702 -2.1470744609832764 0.789039634187606 0.25956019017219784 -0.5568168131072027 19.868335723876953
0.48109386424139094 0.3096884068076982 0.8201474163089196 13.815227508544922 0.3841410277741017 -0.9154007241370443 0.12032117448742033 -2.134279489517212 0.788025611620551 0.25716649264296665 -0.5593576945852914 19.968820571899414
0.4856994033152543 0.30856815906439855 0.8178519308718505 13.807075500488281 0.3818398411741036 -0.9165309796360949 0.11903486489023189 -2.1250364780426025 0.7863170005229071 0.25447328853714374 -0.5629821667777323 20.06210708618164
0.49025750999734097 0.30699341265504615 0.8157221453887442 13.791403770446777 0.37880683236300944 -0.9179481529468672 0.11779886356216573 -2.1141414642333984 0.7849541118092891 0.2512493444525646 -0.5663221779745577 20.143558502197266
0.49534959435770687 0.30247372709422127 0.8143331159834934 13.771588325500488 0.3736789664972112 -0.9204531906972699 0.11458601019666989 -2.121858596801758 0.7842147724744997 0.247539023495177 -0.5689741843702776 20.216806411743164
0.49902724703635065 0.3001147461242618 0.812959375291343 13.759222984313965 0.3691188860629988 -0.9223730632679751 0.1139262046645218 -2.1100940704345703 0.7840427632896892 0.2432263787429758 -0.5710673112835706 20.29766082763672
0.503152209921077 0.2971504979985467 0.8115044270925159 13.747322082519531 0.3639563301075965 -0.9245502659083118 0.11288310583732401 -2.1003530025482178 0.7838199049693412 0.23855478898585525 -0.5733393142160821 20.36819839477539
0.5078623979617745 0.29347727970822235 0.8099054704294681 13.743969917297363 0.3580927810961394 -0.9270203497379075 0.11136799943718222 -2.093949317932129 0.783482829973541 0.23346168308069243 -0.5758908730565035 20.43079376220703
0.5135868708095228 0.2887957876288423 0.807976187260441 13.746824264526367 0.35139922650638167 -0.9298594759271797 0.10899513126349888 -2.0944132804870605 0.7827816488285857 0.22794373883980076 -0.5790462349250995 20.48298454284668
0.517533242268899 0.28313375134275104 0.8074618393442644 13.73360824584961 0.34297280011214953 -0.9331860297183907 0.1073940981695857 -2.098446846008301 0.7839190018936094 0.22135743219735884 -0.5800619671044802 20.538570404052734
0.5211424596138554 0.2776022784239563 0.8070610335045605 13.724624633789062 0.3341618715127265 -0.9364968602801902 0.10634601220759574 -2.0954151153564453 0.7853320192216366 0.21426760300888767 -0.5808123740814175 20.59349250793457
0.5252269464123989 0.2713529788743431 0.8065384154634715 13.714767456054688 0.32470855684506555 -0.9399903008413626 0.10479784079722018 -2.0932486057281494 0.7865754940715494 0.20684727501271308 -0.5818188695340787 20.632375717163086
0.5296354915249852 0.26723934674068095 0.8050275632987367 13.714264869689941 0.31597302888963485 -0.9429251210301057 0.10513449074718867 -2.068912982940674 0.7871767851832252 0.19868403983202781 -0.5838470357761765 20.66657066345215
0.5340712605769509 0.2585779531632553 0.8049256678499251 13.705903053283691 0.3042484620771743 -0.9470758484501349 0.1023728997642025 -2.0711278915405273 0.7887970346986738 0.1902229729037967 -0.5844779368207329 20.69506072998047
0.5398040101127736 0.2485970412528972 0.80424569737517 13.707019805908203 0.2920240402396155 -0.951369717340243 0.09806946951053244 -2.0719027519226074 0.7895147817414819 0.18192078498140649 -0.5861495008984047 20.714920043945312
0.5444215001924909 0.2390436849346418 0.8040294440012911 13.704812049865723 0.27979446505315764 -0.9553887684183598 0.0945904778805292 -2.0608468055725098 0.7907719566687826 0.17346589829968667 -0.5870172865200035 20.732646942138672
0.5494574768254483 0.22700850594375513 0.8040917978625303 13.707030296325684 0.2660085327929779 -0.9598341917075754 0.08920641742830279 -2.057522773742676 0.7920454164010667 0.16488014634348644 -0.5877742727440625 20.74761390686035
0.5544298720939064 0.21489466839293672 0.8040073372962616 13.70612907409668 0.25194612063346605 -0.9640935886125664 0.0839446525628108 -2.04592227935791 0.7931775773606323 0.15602510660926913 -0.5886641630674357 20.76090431213379
0.5599874921396915 0.20010657144853897 0.8039722437436571 13.714305877685547 0.2365270256804232 -0.96862126676281 0.07634007923484384 -2.042937994003296 0.7940207646969138 0.14741167402183786 -0.5897464061715068 20.775070190429688
0.5667098256370829 0.18275908071432437 0.8033922404049234 13.714174270629883 0.21992507474253717 -0.9732633476461864 0.06626777216738347 -2.0448036193847656 0.7940232584917628 0.13913150090829135 -0.5917512065295089 20.773967742919922
0.5713179292633517 0.16572531536380786 0.8038227065403182 13.709325790405273 0.20370866281759537 -0.9773869580294168 0.05672314313461868 -2.0347890853881836 0.7950462907248251 0.13133870001476952 -0.5921583753381583 20.789409637451172
0.5772066847566295 0.14669111184964342 0.803314484356268 13.707561492919922 0.18640782373435225 -0.9814286474618008 0.04527618791288871 -2.023881196975708 0.7950374622135009 0.12361038647951858 -0.5938315468476734 20.79723358154297
0.5840698833193675 0.12458572571458493 0.8020852625173154 13.713133811950684 0.16716762662864226 -0.9854304287698462 0.03133456018239287 -2.0172250270843506 0.7943030630726835 0.11578111677923722 -0.5963869356304724 20.799137115478516
0.590306979754685 0.10096876548027334 0.8008389214132211 13.706274032592773 0.14728241943123663 -0.9889630494365548 0.016123764313319106 -2.0075106620788574 0.7936280984059115 0.1084315233063694 -0.5986627148687959 20.800172805786133
0.5991011352391502 0.07516710547547827 0.7971372127868577 13.706724166870117 0.12589824456428012 -0.9920425780621904 -0.0010748615520217164 -1.9973114728927612 0.7907132614107306 0.10100212654276951 -0.6037972413509722 20.791990280151367
0.6065904164821151 0.046424877644462265 0.7936578591356298 13.703473091125488 0.10348143603144935 -0.9944113008090844 -0.020922648495205268 -1.9912652969360352 0.7882510127040265 0.09482033304561616 -0.6080044781185375 20.80267906188965
0.6138592411783923 0.015336384100608391 0.7892665122394382 13.704909324645996 0.07927960197465361 -0.9959542104852761 -0.0423078636590315 -1.9809049367904663 0.785424456412346 0.08854380802387768 -0.612591558324143 20.827974319458008
0.6202971304937186 -0.020937026355860075 0.7840874382545819 13.696429252624512 0.05295307824800981 -0.9962452426898858 -0.0684937071695707 -1.9901307821273804 0.7825774347662466 0.08400629348533817 -0.6168593853136519 20.85927391052246
0.6275733933291334 -0.058625986137013114 0.7763469776683746 13.697650909423828 0.02572217974263499 -0.9950552216787933 -0.09593474490014076 -1.9946496486663818 0.7781323829880392 0.08017542989738347 -0.6229621938658279 20.894161224365234
0.6345075954156483 -0.09727438512110378 0.766771025377957 13.704285621643066 -0.002063050972730421 -0.9922584311113338 -0.12417306354100553 -1.9954555034637451 0.7729138730677153 0.0772068642530304 -0.6297961931702019 20.93519401550293
0.6402860782549922 -0.1359213459826818 0.7560152946198236 13.702311515808105 -0.030373199751822524 -0.9879301860865799 -0.1518927784846011 -1.9855695962905884 0.767535801594739 0.0742922278922386 -0.6366863106311693 20.976825714111328
0.6437731677788002 -0.17557155803736416 0.7448024815052521 13.691627502441406 -0.059288138327723505 -0.9818411170343452 -0.18020249042225206 -1.9786361455917358 0.7629161324167171 0.07185157555044701 -0.6424922769880094 21.035865783691406
0.6475969499693173 -0.21351024213783376 0.7314585202816912 13.678045272827148 -0.08744861144226873 -0.9744230990629132 -0.2070081263367381 -1.9611321687698364 0.7569484333475147 0.07009279930828423 -0.6497046011364487 21.08470344543457
0.6496993644153136 -0.25172892947015224 0.7173027826142521 13.666296005249023 -0.11535805826371295 -0.9653018155332812 -0.2342753152207405 -1.9481687545776367 0.7513875526464114 0.069461867207574 -0.6561949365334009 21.14719581604004
0.6518953381307391 -0.2869157081237523 0.701934359149953 13.655500411987305 -0.14169550307415751 -0.9554428101099934 -0.2589428914214103 -1.9214249849319458 0.7449529196747744 0.0693427216149226 -0.6635033793637111 21.20513916015625
0.6509719976682748 -0.32260590141633133 0.6871396441940545 13.640257835388184 -0.16736892328868375 -0.943921892240076 -0.28460341682260387 -1.9119406938552856 0.7404208950110485 0.070263032394499 -0.6684609222009672 21.284574508666992
0.6472053277867711 -0.35859226974577163 0.6727085905226675 13.626561164855957 -0.19320134362230032 -0.9308013110139852 -0.310293667736202 -1.9109286069869995 0.7374269485901339 0.07085551138212487 -0.6717000759266158 21.38440704345703
0.6432484591239394 -0.39073302509559316 0.658452065783322 13.614890098571777 -0.21716438711391872 -0.9177721315491705 -0.3324664547305912 -1.9006539583206177 0.734214579536605 0.07086619540612293 -0.675208807365949 21.484865188598633
0.638799674863696 -0.41938054514590706 0.6450232040377758 13.602466583251953 -0.23968348123980568 -0.9051310143846686 -0.3511262958249475 -1.8888912200927734 0.7310860443304906 0.06969795658484279 -0.6787159867227922 21.585044860839844
0.6340887592222726 -0.44534120261165816 0.6321413280939323 13.589705467224121 -0.2590575144982125 -0.8926042719096721 -0.3689807826304946 -1.8786362409591675 0.7285743953845529 0.07020560536742024 -0.6813593203039252 21.690052032470703
0.6280352545218122 -0.4692012037613058 0.6208236057582412 13.580099105834961 -0.27724657112347995 -0.8803448752542886 -0.38487301725865897 -1.8708473443984985 0.7271217627591653 0.06959260738363221 -0.6829720427071315 21.805910110473633
0.6210555109077524 -0.48991384766240065 0.6117797595865143 13.570731163024902 -0.2929484216907814 -0.8690897132101584 -0.3985778375940703 -1.8642396926879883 0.7269602978154938 0.06831904757025736 -0.6832724442995649 21.932022094726562
0.6135096523805412 -0.5049117010966612 0.6071820818597856 13.545988082885742 -0.3044111262562266 -0.8606779294037659 -0.40812665687095495 -1.8525259494781494 0.7286561415697553 0.06555666200259422 -0.6817349568708901 22.065221786499023
0.6058849845806815 -0.5165281590800542 0.6050636713082662 13.526570320129395 -0.3140019469735178 -0.8540764037859121 -0.4146761070919854 -1.841178059577942 0.7309624906631718 0.061254855917664386 -0.679662916356335 22.20429801940918
0.597633751048454 -0.5246689388374802 0.6062643022864758 13.507224082946777 -0.3200880976081224 -0.8494168364413068 -0.4195648313904008 -1.8347398042678833 0.7351037405546021 0.05668811682526362 -0.6755804526726905 22.355981826782227
0.5889752750166576 -0.5262454343962575 0.6133301461661138 13.480510711669922 -0.32166860892560306 -0.8488756960442624 -0.41945125902449765 -1.8139320611953735 0.7413753647450931 0.04975736571064618 -0.66924343336832 22.515262603759766
0.5806354958119837 -0.522808586893356 0.6241262712574629 13.458333969116211 -0.31984494518584283 -0.8514285740911292 -0.4156544168659968 -1.7924792766571045 0.7487066395072486 0.04172007540404135 -0.6615873360834865 22.681941986083984
0.5726758842298727 -0.5147088706086927 0.6380572937740446 13.443941116333008 -0.3150911090335941 -0.8567380127951074 -0.40831062983942745 -1.7740322351455688 0.7568090410595748 0.03278347066151288 -0.6528133879003037 22.85215950012207
0.5622986054786901 -0.5042556694104757 0.6553979692859241 13.43320369720459 -0.3081213952060526 -0.8632513126905647 -0.3998229320015206 -1.7732399702072144 0.7673861375428902 0.022877740391263668 -0.640776969702871 23.041162490844727
0.5517017687922451 -0.4869824707619343 0.6771065141335666 13.41365909576416 -0.2966166364845319 -0.8733244332821938 -0.38642334969944303 -1.7621031999588013 0.7795150603241165 0.012349388767742359 -0.6262617370756033 23.23723793029785
0.5429921451268743 -0.4641751650121402 0.6997863577667602 13.397770881652832 -0.28274888920906727 -0.8857411109763876 -0.36812463918807914 -1.740865707397461 0.7907038611146111 0.002024972164581307 -0.6121954781817477 23.42516326904297
0.5329552228788825 -0.4395847147498172 0.722996548376576 13.377058982849121 -0.26767934132296356 -0.8981685392193315 -0.3487707633754824 -1.7337415218353271 0.8026870502474953 -0.0076520399197997635 -0.596351360902313 23.619312286376953
0.5229140824296215 -0.4116933107281571 0.7463708731578933 13.360638618469238 -0.25152544376972047 -0.9111626173858938 -0.3263703966583558 -1.728479027748108 0.8144297474510813 -0.017067588587037108 -0.580011106692442 23.814102172851562
0.5112869953303798 -0.37905088166012185 0.7713015217920398 13.338784217834473 -0.2322000718997052 -0.9250281451015996 -0.30067600067126365 -1.7099167108535767 0.8274471191658135 -0.025364539865298047 -0.5609705028801586 24.026979446411133
0.49852221094375865 -0.34539956781986386 0.7950941728786585 13.319581031799316 -0.21268060639765035 -0.9378940244032418 -0.2740834884684211 -1.7015310525894165 0.840382392044285 -0.03246440417661585 -0.5410207922098585 24.24708366394043
0.48489049229961495 -0.31024223380474514 0.8176985794541157 13.301714897155762 -0.19218638003833943 -0.9499115274035045 -0.24643961823071386 -1.6888532638549805 0.8531972842228203 -0.037654302141758966 -0.5202274000137065 24.474403381347656
0.47232608698006356 -0.2727197717618698 0.8381718163051385 13.280715942382812 -0.17208690444907923 -0.9611619466695692 -0.21576331845681618 -1.666334867477417 0.8644617775675422 -0.04232774934387222 -0.5009133625291379 24.699296951293945
0.4568906801172089 -0.2364446266627841 0.8575225040454222 13.25179672241211 -0.15091008461321215 -0.9706543727741496 -0.18723310331363863 -1.6522650718688965 0.876628229515835 -0.04386373372980423 -0.4791648151515441 24.941791534423828
0.44094818619020915 -0.20090143794684232 0.8747590007118848 13.225811004638672 -0.12919413868059873 -0.9786839523532976 -0.15964521895974898 -1.640429973602295 0.8881855502236808 -0.042618465915833126 -0.45750420187888785 25.195350646972656
0.4220915949684265 -0.1664663788077269 0.8911383900290977 13.201433181762695 -0.10893305962596873 -0.985187139141902 -0.13243824745865465 -1.619194746017456 0.899984596522371 -0.04117336027138276 -0.43397290287116763 25.46796989440918
0.4064058279271534 -0.13700245786009496 0.9033629556092825 13.17263412475586 -0.09016919945185217 -0.9898820515044153 -0.10955838434196961 -1.6126753091812134 0.9092325436856391 -0.03693034862688861 -0.41464723664006176 25.732309341430664
0.39595099602900685 -0.10289601544578435 0.9124884759540905 13.14370346069336 -0.06975815189989056 -0.9942011518051461 -0.08184051559486405 -1.5722801685333252 0.915618156759219 -0.03124867604719117 -0.40083277218579394 25.98570442199707
0.3810050590444174 -0.07850972886367238 0.9212336117708213 13.114727020263672 -0.053046166776769536 -0.9966031610990262 -0.06299399556877779 -1.5541704893112183 0.923049971113618 -0.0248668808092348 -0.3838754864092889 26.271883010864258
0.3712513556930374 -0.05946659859958703 0.9266262215948121 13.090434074401855 -0.03434717495507199 -0.9981436135148699 -0.05029511280516369 -1.54185950756073 0.9278969244849818 -0.013154864137423044 -0.3726046793598256 26.550735473632812
0.3645058650875928 -0.043954569953814894 0.9301631416568393 13.060335159301758 -0.01686786529233862 -0.9990331332527916 -0.04059893820766529 -1.5200453996658325 0.9310483067151917 -0.0008913154803432966 -0.36489485625244084 26.832927703857422
0.3548708848284228 -0.033045492773731276 0.9343311246600075 13.03149127960205 -0.0020593302583917245 -0.9994003403426515 -0.034564705725349774 -1.488513469696045 0.9349130517112165 0.010341911348219395 -0.35472613465839575 27.131956100463867
0.3446915577778831 -0.03576341782990689 0.9380344918721165 13.019445419311523 0.010011512630569916 -0.9990771105155403 -0.04176956857291028 -1.484306812286377 0.9386626122369551 0.023788761822394477 -0.3440153996545112 27.437837600708008
0.337429659640132 -0.047339459630812465 0.9401596674804805 13.002153396606445 0.022963061429912855 -0.9980235834775777 -0.05849465473306778 -1.4939476251602173 0.9410706257263114 0.04132677563562681 -0.3356756991661027 27.73824691772461
