0.000000000000000000e+00 0.000000000000000000e+00 0.000000000000000000e+00 0.000000000000000000e+00 0.000000000000000000e+00 0.000000000000000000e+00 1.000000000000000000e+00
1.247303560376167297e-01 -6.143337115645408630e-02 -4.743840545415878296e-02 -8.648014627397060394e-04 -9.967976948246359825e-04 1.572543871589004993e-03 9.999979138374328613e-01
2.532461881637573242e-01 -1.189960390329360962e-01 -9.673015028238296509e-02 -1.293651293963193893e-03 -2.094750059768557549e-03 3.700133180245757103e-03 9.999901056289672852e-01
3.695094287395477295e-01 -1.691297888755798340e-01 -1.481408178806304932e-01 -8.822609088383615017e-04 -2.438813680782914162e-03 5.176859442144632339e-03 9.999832510948181152e-01
4.960553348064422607e-01 -2.172962427139282227e-01 -1.945339143276214600e-01 -4.411287955008447170e-04 -3.641500603407621384e-03 7.270785979926586151e-03 9.999668002128601074e-01
6.184405684471130371e-01 -2.693555355072021484e-01 -2.362055480480194092e-01 -6.443824968300759792e-04 -4.824745003134012222e-03 9.555437602102756500e-03 9.999424815177917480e-01
7.405471801757812500e-01 -3.144482374191284180e-01 -2.775108814239501953e-01 -1.369205419905483723e-04 -5.846306681632995605e-03 1.162539049983024597e-02 9.999153017997741699e-01
8.674787282943725586e-01 -3.600815534591674805e-01 -3.189086616039276123e-01 -8.429766603512689471e-05 -7.242622319608926773e-03 1.440334226936101913e-02 9.998700022697448730e-01
9.928754568099975586e-01 -4.063842892646789551e-01 -3.508492708206176758e-01 -2.515232772566378117e-04 -8.645516820251941681e-03 1.671035215258598328e-02 9.998229742050170898e-01
1.121288657188415527e+00 -4.499719440937042236e-01 -3.814483284950256348e-01 -2.816684718709439039e-04 -1.029003597795963287e-02 1.918187178671360016e-02 9.997630119323730469e-01
1.234427809715270996e+00 -4.849988520145416260e-01 -4.152554869651794434e-01 4.914199816994369030e-04 -1.040418073534965515e-02 2.125537209212779999e-02 9.997197985649108887e-01
1.364113569259643555e+00 -5.246872901916503906e-01 -4.396518766880035400e-01 4.773196124006062746e-04 -1.176526769995689392e-02 2.358299493789672852e-02 9.996525645256042480e-01
1.484408140182495117e+00 -5.540009737014770508e-01 -4.652462005615234375e-01 1.446893555112183094e-03 -1.235917210578918457e-02 2.540116943418979645e-02 9.995998740196228027e-01
1.608084678649902344e+00 -5.875160098075866699e-01 -4.834625720977783203e-01 1.758418744429945946e-03 -1.290288753807544708e-02 2.718658372759819031e-02 9.995455741882324219e-01
1.738736391067504883e+00 -6.205669641494750977e-01 -4.954995214939117432e-01 1.850603963248431683e-03 -1.388166099786758423e-02 2.891396358609199524e-02 9.994838237762451172e-01
1.862379074096679688e+00 -6.522536873817443848e-01 -5.078412294387817383e-01 2.149051986634731293e-03 -1.422079093754291534e-02 3.038882277905941010e-02 9.994346499443054199e-01
1.987476587295532227e+00 -6.835533380508422852e-01 -5.175798535346984863e-01 2.184468321502208710e-03 -1.402648910880088806e-02 3.155270591378211975e-02 9.994012713432312012e-01
2.109839677810668945e+00 -7.125208377838134766e-01 -5.200549364089965820e-01 2.539648208767175674e-03 -1.396577153354883194e-02 3.178681060671806335e-02 9.993938803672790527e-01
2.225378274917602539e+00 -7.345256209373474121e-01 -5.268265604972839355e-01 3.438799874857068062e-03 -1.276875659823417664e-02 3.180611506104469299e-02 9.994065761566162109e-01
2.349111795425415039e+00 -7.561460733413696289e-01 -5.297162532806396484e-01 4.257377702742815018e-03 -1.164792571216821671e-02 3.172205016016960144e-02 9.994197487831115723e-01
2.469001054763793945e+00 -7.826642394065856934e-01 -5.325498580932617188e-01 4.636525176465511322e-03 -9.954893030226230621e-03 3.092301450669765472e-02 9.994614720344543457e-01
2.595262527465820312e+00 -8.075814843177795410e-01 -5.335091948509216309e-01 4.918019287288188934e-03 -8.157639764249324799e-03 2.993188798427581787e-02 9.995065331459045410e-01
2.716345548629760742e+00 -8.312351107597351074e-01 -5.284783840179443359e-01 5.301630124449729919e-03 -5.537265911698341370e-03 2.834650687873363495e-02 9.995687603950500488e-01
2.833239078521728516e+00 -8.562227487564086914e-01 -5.265241861343383789e-01 5.734252277761697769e-03 -2.298077335581183434e-03 2.597453817725181580e-02 9.996435046195983887e-01
2.950671911239624023e+00 -8.846240043640136719e-01 -5.229289531707763672e-01 5.856703966856002808e-03 9.459819993935525417e-04 2.328148484230041504e-02 9.997113347053527832e-01
3.058490514755249023e+00 -9.011124968528747559e-01 -5.182858109474182129e-01 6.750262808054685593e-03 4.968733061105012894e-03 2.038384787738323212e-02 9.997571110725402832e-01
3.151978969573974609e+00 -9.096187353134155273e-01 -5.129268765449523926e-01 8.178552612662315369e-03 9.315192699432373047e-03 1.696613244712352753e-02 9.997792243957519531e-01
3.246896743774414062e+00 -9.203063249588012695e-01 -5.117120146751403809e-01 9.294217452406883240e-03 1.321956049650907516e-02 1.359760761260986328e-02 9.997769594192504883e-01
3.321186542510986328e+00 -9.307765364646911621e-01 -5.065745115280151367e-01 1.028151717036962509e-02 1.822246983647346497e-02 9.586089290678501129e-03 9.997351169586181641e-01
3.393266677856445312e+00 -9.374357461929321289e-01 -5.023526549339294434e-01 1.138044055551290512e-02 2.292549423873424530e-02 5.556704942137002945e-03 9.996569752693176270e-01
3.450166940689086914e+00 -9.449405074119567871e-01 -5.011995434761047363e-01 1.240302901715040207e-02 2.808794192969799042e-02 1.145315356552600861e-03 9.995278716087341309e-01
3.495931863784790039e+00 -9.536800980567932129e-01 -4.932289719581604004e-01 1.326605957001447678e-02 3.342225402593612671e-02 -3.521271282806992531e-03 9.993470311164855957e-01
3.530297279357910156e+00 -9.586482644081115723e-01 -4.907795786857604980e-01 1.436621323227882385e-02 3.889667242765426636e-02 -8.277443237602710724e-03 9.991056919097900391e-01
3.565549850463867188e+00 -9.550361633300781250e-01 -4.922027587890625000e-01 1.596203818917274475e-02 4.380659386515617371e-02 -1.257661264389753342e-02 9.988333582878112793e-01
3.589568614959716797e+00 -9.606745839118957520e-01 -4.883121550083160400e-01 1.678386703133583069e-02 4.857729002833366394e-02 -1.718647964298725128e-02 9.985305070877075195e-01
3.596167325973510742e+00 -9.618864059448242188e-01 -4.860683679580688477e-01 1.779135502874851227e-02 5.391780659556388855e-02 -2.168081514537334442e-02 9.981514215469360352e-01
3.614440917968750000e+00 -9.606276154518127441e-01 -4.905309975147247314e-01 1.926471106708049774e-02 5.873506516218185425e-02 -2.631642669439315796e-02 9.977406859397888184e-01
3.640248298645019531e+00 -9.629682898521423340e-01 -4.939761459827423096e-01 2.032716758549213409e-02 6.319930404424667358e-02 -3.100271150469779968e-02 9.973121285438537598e-01
3.663844585418701172e+00 -9.665071964263916016e-01 -4.967090189456939697e-01 2.127150259912014008e-02 6.820102035999298096e-02 -3.541223332285881042e-02 9.968159794807434082e-01
3.702055215835571289e+00 -9.736868739128112793e-01 -4.956150352954864502e-01 2.227719873189926147e-02 7.209633290767669678e-02 -4.005856812000274658e-02 9.963439106941223145e-01
3.748547077178955078e+00 -9.711092710494995117e-01 -4.917539954185485840e-01 2.405792474746704102e-02 7.572121173143386841e-02 -4.409485310316085815e-02 9.958630204200744629e-01
3.793652534484863281e+00 -9.824840426445007324e-01 -4.911986291408538818e-01 2.472830936312675476e-02 7.967052608728408813e-02 -4.824097454547882080e-02 9.953461289405822754e-01
3.855665206909179688e+00 -9.825162291526794434e-01 -4.873410761356353760e-01 2.630885690450668335e-02 8.236707001924514771e-02 -5.174864456057548523e-02 9.949098229408264160e-01
3.917309045791625977e+00 -9.957116246223449707e-01 -4.792775809764862061e-01 2.691471017897129059e-02 8.530251681804656982e-02 -5.530765280127525330e-02 9.944546818733215332e-01
3.992262363433837891e+00 -1.004699587821960449e+00 -4.735105633735656738e-01 2.772461995482444763e-02 8.730617910623550415e-02 -5.846503376960754395e-02 9.940778613090515137e-01
4.066698551177978516e+00 -1.015137791633605957e+00 -4.634559154510498047e-01 2.853794209659099579e-02 8.957014977931976318e-02 -6.134348735213279724e-02 9.936798810958862305e-01
4.158327102661132812e+00 -1.016284823417663574e+00 -4.664017260074615479e-01 3.021558932960033417e-02 9.093652665615081787e-02 -6.340617686510086060e-02 9.933766722679138184e-01
4.244716167449951172e+00 -1.032382726669311523e+00 -4.570187628269195557e-01 3.044811449944972992e-02 9.276577830314636230e-02 -6.582996249198913574e-02 9.930427074432373047e-01
4.336263656616210938e+00 -1.043125152587890625e+00 -4.437813758850097656e-01 3.093745373189449310e-02 9.413475543260574341e-02 -6.811032444238662720e-02 9.927449226379394531e-01
4.446016311645507812e+00 -1.054874420166015625e+00 -4.396724700927734375e-01 3.128583356738090515e-02 9.456931799650192261e-02 -6.978946924209594727e-02 9.925761222839355469e-01
4.540783405303955078e+00 -1.071623921394348145e+00 -4.302397966384887695e-01 3.104013204574584961e-02 9.509851783514022827e-02 -7.111614942550659180e-02 9.924390316009521484e-01
4.632546424865722656e+00 -1.086288809776306152e+00 -4.229407012462615967e-01 3.079439885914325714e-02 9.519167989492416382e-02 -7.202466577291488647e-02 9.923722743988037109e-01
4.731377601623535156e+00 -1.092093229293823242e+00 -4.200538694858551025e-01 3.115717135369777679e-02 9.388256818056106567e-02 -7.219603657722473145e-02 9.924731850624084473e-01
4.810018539428710938e+00 -1.099585652351379395e+00 -4.099125564098358154e-01 3.098184615373611450e-02 9.298448264598846436e-02 -7.241597026586532593e-02 9.925472140312194824e-01
4.887536525726318359e+00 -1.112037539482116699e+00 -3.951985239982604980e-01 3.021456114947795868e-02 9.163224697113037109e-02 -7.224493473768234253e-02 9.927090406417846680e-01
4.966803550720214844e+00 -1.123938202857971191e+00 -3.913414180278778076e-01 2.932711318135261536e-02 8.954202383756637573e-02 -7.154809683561325073e-02 9.929768443107604980e-01
5.033388614654541016e+00 -1.131503462791442871e+00 -3.826829493045806885e-01 2.853347919881343842e-02 8.736238628625869751e-02 -7.054425776004791260e-02 9.932659268379211426e-01
5.090606212615966797e+00 -1.140238761901855469e+00 -3.740390241146087646e-01 2.732395194470882416e-02 8.539496362209320068e-02 -6.875017285346984863e-02 9.935967326164245605e-01
5.146441459655761719e+00 -1.140550613403320312e+00 -3.640440106391906738e-01 2.641541324555873871e-02 8.292462676763534546e-02 -6.613644957542419434e-02 9.940078854560852051e-01
5.196012973785400391e+00 -1.146922111511230469e+00 -3.611909151077270508e-01 2.471108920872211456e-02 8.007602393627166748e-02 -6.354622542858123779e-02 9.944541454315185547e-01
5.244384288787841797e+00 -1.145034551620483398e+00 -3.535936176776885986e-01 2.324982918798923492e-02 7.669109106063842773e-02 -5.993854999542236328e-02 9.949800372123718262e-01
5.284985065460205078e+00 -1.146659016609191895e+00 -3.469282984733581543e-01 2.111962996423244476e-02 7.342001795768737793e-02 -5.596739798784255981e-02 9.955054521560668945e-01
5.324110984802246094e+00 -1.150063037872314453e+00 -3.447448611259460449e-01 1.873134262859821320e-02 6.951638311147689819e-02 -5.139472708106040955e-02 9.960799217224121094e-01
5.351870059967041016e+00 -1.157080650329589844e+00 -3.404946327209472656e-01 1.563880220055580139e-02 6.572222709655761719e-02 -4.661245271563529968e-02 9.966259598731994629e-01
5.389176845550537109e+00 -1.156891465187072754e+00 -3.358319699764251709e-01 1.290701702237129211e-02 6.168805435299873352e-02 -4.132740199565887451e-02 9.971559643745422363e-01
5.432268619537353516e+00 -1.163657069206237793e+00 -3.245762586593627930e-01 9.538603946566581726e-03 5.794512107968330383e-02 -3.622093424201011658e-02 9.976168274879455566e-01
5.487788200378417969e+00 -1.169440984725952148e+00 -3.139341771602630615e-01 6.300388835370540619e-03 5.396848917007446289e-02 -3.118962980806827545e-02 9.980355501174926758e-01
5.548142910003662109e+00 -1.180236816406250000e+00 -3.040572106838226318e-01 2.796660410240292549e-03 5.025791376829147339e-02 -2.628066018223762512e-02 9.983865022659301758e-01
5.618731975555419922e+00 -1.184773325920104980e+00 -2.950055897235870361e-01 -2.189167571486905217e-04 4.661692306399345398e-02 -2.134986035525798798e-02 9.986846446990966797e-01
5.696055412292480469e+00 -1.186312675476074219e+00 -2.843408286571502686e-01 -2.978741656988859177e-03 4.334029182791709900e-02 -1.628705486655235291e-02 9.989231824874877930e-01
5.784866809844970703e+00 -1.192533135414123535e+00 -2.756061553955078125e-01 -5.800233688205480576e-03 4.017186909914016724e-02 -1.202489435672760010e-02 9.991036057472229004e-01
5.878201484680175781e+00 -1.196732997894287109e+00 -2.628895640373229980e-01 -8.467638865113258362e-03 3.745496273040771484e-02 -8.265102282166481018e-03 9.992282986640930176e-01
5.985626220703125000e+00 -1.201824784278869629e+00 -2.499359101057052612e-01 -1.075696107000112534e-02 3.483204916119575500e-02 -4.818683490157127380e-03 9.993236660957336426e-01
6.094102859497070312e+00 -1.211478710174560547e+00 -2.304833829402923584e-01 -1.332012843340635300e-02 3.321704268455505371e-02 -2.465080004185438156e-03 9.993563890457153320e-01
6.209908962249755859e+00 -1.209490537643432617e+00 -2.112603932619094849e-01 -1.472576707601547241e-02 3.224441781640052795e-02 -6.007136544212698936e-04 9.993713498115539551e-01
6.327928543090820312e+00 -1.220015645027160645e+00 -1.910267472267150879e-01 -1.671401597559452057e-02 3.231864422559738159e-02 -3.434678365010768175e-04 9.993377923965454102e-01
6.454542636871337891e+00 -1.217065215110778809e+00 -1.751331090927124023e-01 -1.704615540802478790e-02 3.320097550749778748e-02 -5.502118729054927826e-04 9.993031620979309082e-01
6.589755535125732422e+00 -1.220161318778991699e+00 -1.568448096513748169e-01 -1.766267791390419006e-02 3.500526770949363708e-02 -1.734112272970378399e-03 9.992295503616333008e-01
6.735382080078125000e+00 -1.216489076614379883e+00 -1.322512477636337280e-01 -1.754144765436649323e-02 3.757768124341964722e-02 -3.951213788241147995e-03 9.991319179534912109e-01
6.902618885040283203e+00 -1.219733238220214844e+00 -1.130159348249435425e-01 -1.701932400465011597e-02 4.037197306752204895e-02 -7.541577331721782684e-03 9.990112781524658203e-01
7.067570686340332031e+00 -1.219867587089538574e+00 -9.031929075717926025e-02 -1.590784266591072083e-02 4.477153718471527100e-02 -1.283486653119325638e-02 9.987881183624267578e-01
7.236724376678466797e+00 -1.214662194252014160e+00 -6.361906230449676514e-02 -1.390105299651622772e-02 5.080664530396461487e-02 -1.927855983376502991e-02 9.984256625175476074e-01
7.410911560058593750e+00 -1.211117148399353027e+00 -3.845516592264175415e-02 -1.135420147329568863e-02 5.767251551151275635e-02 -2.743823640048503876e-02 9.978938102722167969e-01
7.603066921234130859e+00 -1.216490983963012695e+00 -1.826274581253528595e-02 -8.854986168444156647e-03 6.508157402276992798e-02 -3.629985079169273376e-02 9.971801638603210449e-01
7.797257900238037109e+00 -1.217841267585754395e+00 -1.747990027070045471e-03 -5.740371067076921463e-03 7.355543226003646851e-02 -4.584186896681785583e-02 9.962204694747924805e-01
8.004055976867675781e+00 -1.208278417587280273e+00 2.427703887224197388e-02 -1.844044774770736694e-03 8.226458728313446045e-02 -5.620557069778442383e-02 9.950226545333862305e-01
8.209616661071777344e+00 -1.200387477874755859e+00 4.434434697031974792e-02 2.343102358281612396e-03 9.154949337244033813e-02 -6.723870337009429932e-02 9.935250878334045410e-01
8.430451393127441406e+00 -1.190092325210571289e+00 6.343594193458557129e-02 6.799552589654922485e-03 1.008948758244514465e-01 -7.870064675807952881e-02 9.917561411857604980e-01
8.658262252807617188e+00 -1.173937439918518066e+00 7.634580880403518677e-02 1.192315202206373215e-02 1.101099401712417603e-01 -9.016867727041244507e-02 9.897490739822387695e-01
8.903019905090332031e+00 -1.156365394592285156e+00 8.228410780429840088e-02 1.714481972157955170e-02 1.185057908296585083e-01 -1.012275144457817078e-01 9.876312613487243652e-01
9.136585235595703125e+00 -1.141113638877868652e+00 7.528900355100631714e-02 2.189319580793380737e-02 1.275190263986587524e-01 -1.120580658316612244e-01 9.852424263954162598e-01
9.390347480773925781e+00 -1.123656034469604492e+00 7.081168889999389648e-02 2.713707275688648224e-02 1.355292648077011108e-01 -1.226310133934020996e-01 9.827802777290344238e-01
9.653732299804687500e+00 -1.104052662849426270e+00 6.008825451135635376e-02 3.206664323806762695e-02 1.427893191576004028e-01 -1.317351758480072021e-01 9.804227352142333984e-01
9.908795356750488281e+00 -1.076218724250793457e+00 4.186581075191497803e-02 3.709354996681213379e-02 1.496893912553787231e-01 -1.407160162925720215e-01 9.779652953147888184e-01
1.016386032104492188e+01 -1.049758911132812500e+00 3.232081234455108643e-02 4.208938032388687134e-02 1.555840075016021729e-01 -1.483514308929443359e-01 9.757120609283447266e-01
1.042255973815917969e+01 -1.021566390991210938e+00 1.177568174898624420e-02 4.722372815012931824e-02 1.599099189043045044e-01 -1.552980393171310425e-01 9.736946225166320801e-01
1.068224716186523438e+01 -9.899485111236572266e-01 -6.755102425813674927e-03 5.217503756284713745e-02 1.631446033716201782e-01 -1.605325639247894287e-01 9.720550179481506348e-01
1.094298553466796875e+01 -9.595200419425964355e-01 -1.919587701559066772e-02 5.694068968296051025e-02 1.645694971084594727e-01 -1.646817773580551147e-01 9.708524942398071289e-01
1.120692539215087891e+01 -9.280553460121154785e-01 -2.406364493072032928e-02 6.168088689446449280e-02 1.641800999641418457e-01 -1.670340597629547119e-01 9.702267646789550781e-01
1.146990299224853516e+01 -9.011262655258178711e-01 -1.751602068543434143e-02 6.579544395208358765e-02 1.619667410850524902e-01 -1.671860814094543457e-01 9.703022837638854980e-01
1.173599529266357422e+01 -8.801728487014770508e-01 1.859216019511222839e-03 6.959184259176254272e-02 1.576393693685531616e-01 -1.652500778436660767e-01 9.710814356803894043e-01
1.199995899200439453e+01 -8.616482019424438477e-01 2.821012958884239197e-02 7.278547435998916626e-02 1.511997580528259277e-01 -1.610138714313507080e-01 9.725818634033203125e-01
1.226068019866943359e+01 -8.428930044174194336e-01 6.636304408311843872e-02 7.610834389925003052e-02 1.427395045757293701e-01 -1.547917872667312622e-01 9.746140241622924805e-01
1.252347087860107422e+01 -8.315519690513610840e-01 1.167299300432205200e-01 7.906171679496765137e-02 1.322721987962722778e-01 -1.471076458692550659e-01 9.770427942276000977e-01
1.278634834289550781e+01 -8.210904598236083984e-01 1.733871698379516602e-01 8.136556297540664673e-02 1.200786232948303223e-01 -1.369720548391342163e-01 9.798976778984069824e-01
1.305517959594726562e+01 -8.111777305603027344e-01 2.376189976930618286e-01 8.351770043373107910e-02 1.051234453916549683e-01 -1.247908473014831543e-01 9.830570220947265625e-01
1.331279277801513672e+01 -8.101742267608642578e-01 3.122771382331848145e-01 8.420157432556152344e-02 9.034397453069686890e-02 -1.109852939844131470e-01 9.861188530921936035e-01
1.356555271148681641e+01 -8.101245760917663574e-01 3.941664993762969971e-01 8.451485633850097656e-02 7.521993666887283325e-02 -9.621238708496093750e-02 9.889096617698669434e-01
1.382190036773681641e+01 -8.079727888107299805e-01 4.804270863533020020e-01 8.536022901535034180e-02 5.854258686304092407e-02 -8.003115653991699219e-02 9.914037585258483887e-01
1.407266616821289062e+01 -8.086909651756286621e-01 5.784721970558166504e-01 8.608034253120422363e-02 4.133720323443412781e-02 -6.388004124164581299e-02 9.933784604072570801e-01
1.431194972991943359e+01 -8.230352401733398438e-01 6.985766887664794922e-01 8.681602776050567627e-02 2.441212162375450134e-02 -4.651280492544174194e-02 9.948384761810302734e-01
1.451260566711425781e+01 -8.789490461349487305e-01 8.745806813240051270e-01 8.685292303562164307e-02 5.624406039714813232e-03 -2.948896959424018860e-02 9.957687258720397949e-01
1.461489772796630859e+01 -9.374226331710815430e-01 1.116889715194702148e+00 8.799126744270324707e-02 -1.429983507841825485e-02 -1.089641544967889786e-02 9.959590435028076172e-01
1.467134952545166016e+01 -9.783564805984497070e-01 1.378339409828186035e+00 8.845592290163040161e-02 -3.299057111144065857e-02 6.302717607468366623e-03 9.955136775970458984e-01
1.472025775909423828e+01 -1.011254549026489258e+00 1.641312599182128906e+00 8.790845423936843872e-02 -5.033777654170989990e-02 2.405051141977310181e-02 9.945651292800903320e-01
1.476284408569335938e+01 -1.032765269279479980e+00 1.906579732894897461e+00 8.811254054307937622e-02 -6.628785282373428345e-02 4.181060567498207092e-02 9.930226802825927734e-01
1.480615329742431641e+01 -1.044111728668212891e+00 2.170487642288208008e+00 8.765262365341186523e-02 -8.199717104434967041e-02 5.943193659186363220e-02 9.909901022911071777e-01
1.485732555389404297e+01 -1.042724251747131348e+00 2.432148694992065430e+00 8.764816075563430786e-02 -9.692761301994323730e-02 7.571906596422195435e-02 9.885289669036865234e-01
1.490709781646728516e+01 -1.025218486785888672e+00 2.696626901626586914e+00 8.774796873331069946e-02 -1.108579784631729126e-01 9.121833741664886475e-02 9.857434034347534180e-01
1.494003391265869141e+01 -9.939637780189514160e-01 2.963022232055664062e+00 8.791196346282958984e-02 -1.229601278901100159e-01 1.057779714465141296e-01 9.828343391418457031e-01
1.497085189819335938e+01 -9.470233321189880371e-01 3.235505342483520508e+00 8.824536204338073730e-02 -1.333985179662704468e-01 1.193773522973060608e-01 9.798809289932250977e-01
1.502961349487304688e+01 -8.774156570434570312e-01 3.500175714492797852e+00 8.882524818181991577e-02 -1.429932266473770142e-01 1.318501532077789307e-01 9.768717885017395020e-01
1.507419013977050781e+01 -7.945639491081237793e-01 3.771563768386840820e+00 8.954589813947677612e-02 -1.508707851171493530e-01 1.427150666713714600e-01 9.740903377532958984e-01
1.510686397552490234e+01 -6.935465931892395020e-01 4.044205665588378906e+00 9.039064496755599976e-02 -1.568071991205215454e-01 1.523059308528900146e-01 9.716192483901977539e-01
1.513969039916992188e+01 -5.847839117050170898e-01 4.307830810546875000e+00 9.112280607223510742e-02 -1.609293967485427856e-01 1.611242592334747314e-01 9.694520831108093262e-01
1.519430732727050781e+01 -4.652678966522216797e-01 4.557098388671875000e+00 9.266364574432373047e-02 -1.640935093164443970e-01 1.684653609991073608e-01 9.675258398056030273e-01
1.525489616394042969e+01 -3.495793342590332031e-01 4.814846992492675781e+00 9.376514703035354614e-02 -1.662347316741943359e-01 1.747285723686218262e-01 9.659420847892761230e-01
1.533402252197265625e+01 -2.315087914466857910e-01 5.088827610015869141e+00 9.560186415910720825e-02 -1.676993072032928467e-01 1.803888827562332153e-01 9.644672274589538574e-01
1.542322349548339844e+01 -1.481125354766845703e-01 5.336613178253173828e+00 9.676314145326614380e-02 -1.680331379175186157e-01 1.846952289342880249e-01 9.634777903556823730e-01
1.552624034881591797e+01 -7.513788342475891113e-02 5.584601402282714844e+00 9.910068660974502563e-02 -1.677484810352325439e-01 1.885248571634292603e-01 9.625476002693176270e-01
1.561507987976074219e+01 -4.519207030534744263e-02 5.846670627593994141e+00 1.010609790682792664e-01 -1.661142855882644653e-01 1.912711709737777710e-01 9.620852470397949219e-01
1.571216678619384766e+01 -2.508000284433364868e-02 6.090493679046630859e+00 1.036307662725448608e-01 -1.638017743825912476e-01 1.939841955900192261e-01 9.616650938987731934e-01
1.582773876190185547e+01 -2.372100390493869781e-02 6.313240528106689453e+00 1.055594980716705322e-01 -1.611805111169815063e-01 1.946576088666915894e-01 9.617621898651123047e-01
1.593143653869628906e+01 -3.064519539475440979e-02 6.522954463958740234e+00 1.078599914908409119e-01 -1.583401858806610107e-01 1.949221342802047729e-01 9.619251489639282227e-01
1.604919052124023438e+01 -4.312921687960624695e-02 6.723223209381103516e+00 1.098318472504615784e-01 -1.556613892316818237e-01 1.951229274272918701e-01 9.620985388755798340e-01
1.614908599853515625e+01 -6.214128062129020691e-02 6.917201995849609375e+00 1.116217449307441711e-01 -1.524570733308792114e-01 1.952900737524032593e-01 9.623716473579406738e-01
1.627442359924316406e+01 -6.405261158943176270e-02 7.095510959625244141e+00 1.139510497450828552e-01 -1.500775963068008423e-01 1.956162750720977783e-01 9.624064564704895020e-01
1.636292648315429688e+01 -8.499228954315185547e-02 7.271961688995361328e+00 1.155520454049110413e-01 -1.467794924974441528e-01 1.950994282960891724e-01 9.628290534019470215e-01
1.646885871887207031e+01 -9.805204719305038452e-02 7.434995174407958984e+00 1.167357116937637329e-01 -1.443284004926681519e-01 1.949452012777328491e-01 9.630879759788513184e-01
1.656774330139160156e+01 -1.108203828334808350e-01 7.587099552154541016e+00 1.175817698240280151e-01 -1.424681395292282104e-01 1.950434297323226929e-01 9.632421135902404785e-01
1.664028930664062500e+01 -1.287941485643386841e-01 7.733996868133544922e+00 1.180642917752265930e-01 -1.403151750564575195e-01 1.947225183248519897e-01 9.635639786720275879e-01
1.672687339782714844e+01 -1.430307626724243164e-01 7.873650550842285156e+00 1.182918176054954529e-01 -1.392922401428222656e-01 1.930321007966995239e-01 9.640245437622070312e-01
1.680223655700683594e+01 -1.438985168933868408e-01 7.997738361358642578e+00 1.185986772179603577e-01 -1.389284133911132812e-01 1.907689720392227173e-01 9.644897580146789551e-01
1.686662292480468750e+01 -1.410303115844726562e-01 8.130824089050292969e+00 1.190676987171173096e-01 -1.388302743434906006e-01 1.887804418802261353e-01 9.648372530937194824e-01
1.693170928955078125e+01 -1.379208266735076904e-01 8.255233764648437500e+00 1.190432682633399963e-01 -1.392199099063873291e-01 1.866455525159835815e-01 9.651994109153747559e-01
1.697039604187011719e+01 -1.406286060810089111e-01 8.358394622802734375e+00 1.186774596571922302e-01 -1.391519457101821899e-01 1.841997951269149780e-01 9.657239913940429688e-01
1.700258827209472656e+01 -1.301842480897903442e-01 8.471639633178710938e+00 1.188331618905067444e-01 -1.391138732433319092e-01 1.817750334739685059e-01 9.661696553230285645e-01
1.701867103576660156e+01 -1.231608912348747253e-01 8.570322036743164062e+00 1.188663616776466370e-01 -1.386011391878128052e-01 1.791229993104934692e-01 9.667344093322753906e-01
1.704339027404785156e+01 -1.125925183296203613e-01 8.654171943664550781e+00 1.189364045858383179e-01 -1.384354829788208008e-01 1.763660758733749390e-01 9.672563076019287109e-01
1.704401588439941406e+01 -1.070957332849502563e-01 8.737000465393066406e+00 1.189714446663856506e-01 -1.375175565481185913e-01 1.732659488916397095e-01 9.679429531097412109e-01
1.704869461059570312e+01 -9.491287171840667725e-02 8.817248344421386719e+00 1.192318126559257507e-01 -1.365270912647247314e-01 1.701917946338653564e-01 9.685963392257690430e-01
1.705677223205566406e+01 -8.293356001377105713e-02 8.887899398803710938e+00 1.195714175701141357e-01 -1.355186700820922852e-01 1.667259484529495239e-01 9.692986607551574707e-01
1.707390594482421875e+01 -7.697571814060211182e-02 8.938697814941406250e+00 1.198972389101982117e-01 -1.343190819025039673e-01 1.627263128757476807e-01 9.701046943664550781e-01
1.706973457336425781e+01 -6.390797346830368042e-02 8.979037284851074219e+00 1.210538744926452637e-01 -1.318335682153701782e-01 1.580619663000106812e-01 9.710727930068969727e-01
1.706089019775390625e+01 -6.548387557268142700e-02 9.008738517761230469e+00 1.218286752700805664e-01 -1.283197104930877686e-01 1.530290096998214722e-01 9.722520112991333008e-01
1.705340957641601562e+01 -6.434183567762374878e-02 9.033885955810546875e+00 1.230662688612937927e-01 -1.242397874593734741e-01 1.477202028036117554e-01 9.734464287757873535e-01
1.705059814453125000e+01 -6.347615271806716919e-02 9.052845954895019531e+00 1.246078312397003174e-01 -1.192121654748916626e-01 1.423402428627014160e-01 9.746797680854797363e-01
1.703066444396972656e+01 -6.139031052589416504e-02 9.065656661987304688e+00 1.268334835767745972e-01 -1.127471476793289185e-01 1.363763809204101562e-01 9.760137796401977539e-01
1.702030754089355469e+01 -5.953866615891456604e-02 9.075078964233398438e+00 1.294665336608886719e-01 -1.053301990032196045e-01 1.298447847366333008e-01 9.773864746093750000e-01
1.700974655151367188e+01 -5.793625861406326294e-02 9.081605911254882812e+00 1.326575726270675659e-01 -9.680221974849700928e-02 1.226267814636230469e-01 9.787716865539550781e-01
1.700935173034667969e+01 -5.471346527338027954e-02 9.085504531860351562e+00 1.361561566591262817e-01 -8.705392479896545410e-02 1.151160672307014465e-01 9.801180362701416016e-01
1.700492095947265625e+01 -5.322583764791488647e-02 9.093692779541015625e+00 1.403071284294128418e-01 -7.577656209468841553e-02 1.071398928761482239e-01 9.813729524612426758e-01
1.699784278869628906e+01 -5.271331593394279480e-02 9.095327377319335938e+00 1.447411477565765381e-01 -6.318026036024093628e-02 9.864261001348495483e-02 9.825109839439392090e-01
1.700408554077148438e+01 -5.215058848261833191e-02 9.105978012084960938e+00 1.496042162179946899e-01 -4.961955547332763672e-02 8.985804766416549683e-02 9.834032654762268066e-01
1.700836181640625000e+01 -5.131242051720619202e-02 9.116235733032226562e+00 1.547834873199462891e-01 -3.489152342081069946e-02 8.051254600286483765e-02 9.840438961982727051e-01
1.700370216369628906e+01 -5.164374783635139465e-02 9.117809295654296875e+00 1.601894795894622803e-01 -1.921365410089492798e-02 7.120580971240997314e-02 9.843271374702453613e-01
1.698532676696777344e+01 -5.730546265840530396e-02 9.126001358032226562e+00 1.653173565864562988e-01 -2.146175364032387733e-03 6.192769855260848999e-02 9.842919111251831055e-01
1.697682189941406250e+01 -5.732514709234237671e-02 9.133640289306640625e+00 1.705016791820526123e-01 1.512072887271642685e-02 5.262179672718048096e-02 9.838351011276245117e-01
1.697522926330566406e+01 -6.128821149468421936e-02 9.121994972229003906e+00 1.754884272813796997e-01 3.217180073261260986e-02 4.363127797842025757e-02 9.829878211021423340e-01
1.697237205505371094e+01 -5.118419229984283447e-02 9.134289741516113281e+00 1.810431182384490967e-01 4.966378957033157349e-02 3.455327451229095459e-02 9.816124439239501953e-01
1.696791839599609375e+01 -5.032561346888542175e-02 9.134357452392578125e+00 1.859593391418457031e-01 6.712683290243148804e-02 2.602811530232429504e-02 9.799161553382873535e-01
1.695593070983886719e+01 -5.634171888232231140e-02 9.134044647216796875e+00 1.902246922254562378e-01 8.468150347471237183e-02 1.816462166607379913e-02 9.779129028320312500e-01
1.694979667663574219e+01 -5.846750363707542419e-02 9.137829780578613281e+00 1.943579316139221191e-01 1.017932519316673279e-01 1.048291381448507309e-02 9.755784273147583008e-01
1.694806671142578125e+01 -5.696150287985801697e-02 9.154017448425292969e+00 1.977533698081970215e-01 1.184817031025886536e-01 3.266950137913227081e-03 9.730596542358398438e-01
1.693501853942871094e+01 -5.768990889191627502e-02 9.158512115478515625e+00 2.009405940771102905e-01 1.345614343881607056e-01 -2.935656579211354256e-03 9.703130722045898438e-01
1.694025230407714844e+01 -5.634633451700210571e-02 9.174814224243164062e+00 2.033612579107284546e-01 1.495149880647659302e-01 -8.620584383606910706e-03 9.675821065902709961e-01
1.694032287597656250e+01 -5.198594927787780762e-02 9.193703651428222656e+00 2.052654772996902466e-01 1.637144386768341064e-01 -1.344712730497121811e-02 9.648227095603942871e-01
1.694818878173828125e+01 -4.435245692729949951e-02 9.218376159667968750e+00 2.068760395050048828e-01 1.765494197607040405e-01 -1.719820871949195862e-02 9.621521830558776855e-01
1.694553756713867188e+01 -4.287914559245109558e-02 9.226544380187988281e+00 2.072879225015640259e-01 1.881482601165771484e-01 -1.981733553111553192e-02 9.598120450973510742e-01
1.695840644836425781e+01 -3.164867684245109558e-02 9.237835884094238281e+00 2.072767466306686401e-01 1.978449970483779907e-01 -2.113302052021026611e-02 9.578346014022827148e-01
1.695565795898437500e+01 -3.331663459539413452e-02 9.248480796813964844e+00 2.059643119573593140e-01 2.064052075147628784e-01 -2.094092778861522675e-02 9.563143253326416016e-01
1.697316169738769531e+01 -2.767712995409965515e-02 9.272863388061523438e+00 2.038165181875228882e-01 2.130429744720458984e-01 -1.982309110462665558e-02 9.553421139717102051e-01
1.696428298950195312e+01 -2.795602194964885712e-02 9.278399467468261719e+00 2.007512152194976807e-01 2.186093181371688843e-01 -1.703581400215625763e-02 9.547872543334960938e-01
1.696059417724609375e+01 -2.167572826147079468e-02 9.291635513305664062e+00 1.970747560262680054e-01 2.228495776653289795e-01 -1.378519088029861450e-02 9.546253681182861328e-01
1.695219993591308594e+01 -2.110220119357109070e-02 9.307702064514160156e+00 1.927067637443542480e-01 2.259413301944732666e-01 -9.362942539155483246e-03 9.548439383506774902e-01
1.695827865600585938e+01 -1.414015050977468491e-02 9.335133552551269531e+00 1.881229728460311890e-01 2.276045083999633789e-01 -3.635777160525321960e-03 9.554018974304199219e-01
1.695956230163574219e+01 -1.223951205611228943e-02 9.357299804687500000e+00 1.829198896884918213e-01 2.283616065979003906e-01 2.754937391728162766e-03 9.562340974807739258e-01
1.697846603393554688e+01 -7.191362790763378143e-03 9.371891021728515625e+00 1.777431070804595947e-01 2.276015132665634155e-01 9.942550212144851685e-03 9.573432207107543945e-01
1.700076484680175781e+01 5.467178300023078918e-03 9.393036842346191406e+00 1.727791428565979004e-01 2.264912128448486328e-01 1.768208108842372894e-02 9.584030508995056152e-01
1.701740837097167969e+01 1.768887042999267578e-02 9.410305023193359375e+00 1.677788645029067993e-01 2.246533632278442383e-01 2.571368031203746796e-02 9.595414996147155762e-01
1.703306579589843750e+01 2.621769160032272339e-02 9.432046890258789062e+00 1.627072393894195557e-01 2.225953042507171631e-01 3.399273753166198730e-02 9.606363177299499512e-01
1.702738380432128906e+01 2.712825126945972443e-02 9.453020095825195312e+00 1.574892997741699219e-01 2.210716307163238525e-01 4.233628138899803162e-02 9.615259170532226562e-01
1.702153205871582031e+01 2.487108670175075531e-02 9.467668533325195312e+00 1.524430811405181885e-01 2.193335145711898804e-01 5.084990337491035461e-02 9.623243808746337891e-01
1.701481246948242188e+01 1.979255117475986481e-02 9.485648155212402344e+00 1.476525664329528809e-01 2.181451022624969482e-01 5.882404744625091553e-02 9.628868699073791504e-01
1.702429771423339844e+01 3.892574459314346313e-02 9.500992774963378906e+00 1.447317004203796387e-01 2.161987721920013428e-01 6.658084690570831299e-02 9.632641077041625977e-01
1.702381324768066406e+01 4.154048487544059753e-02 9.518861770629882812e+00 1.416687965393066406e-01 2.151541262865066528e-01 7.435934990644454956e-02 9.633843302726745605e-01
1.702582931518554688e+01 4.774118214845657349e-02 9.530724525451660156e+00 1.394287794828414917e-01 2.146231532096862793e-01 8.132626116275787354e-02 9.632666110992431641e-01
1.701146316528320312e+01 4.361265152692794800e-02 9.550047874450683594e+00 1.374942511320114136e-01 2.156015783548355103e-01 8.711959421634674072e-02 9.628195762634277344e-01
1.702223205566406250e+01 5.200092121958732605e-02 9.577550888061523438e+00 1.373542100191116333e-01 2.166603207588195801e-01 9.248272329568862915e-02 9.621013402938842773e-01
1.701716613769531250e+01 5.970581993460655212e-02 9.601760864257812500e+00 1.383944004774093628e-01 2.193273305892944336e-01 9.688679128885269165e-02 9.609138965606689453e-01
1.701608276367187500e+01 6.750705838203430176e-02 9.624408721923828125e+00 1.408822387456893921e-01 2.230385243892669678e-01 1.005465611815452576e-01 9.593208432197570801e-01
1.699253273010253906e+01 9.329399466514587402e-02 9.650118827819824219e+00 1.458302885293960571e-01 2.288035154342651367e-01 1.016785204410552979e-01 9.571018218994140625e-01
1.698345756530761719e+01 1.046506315469741821e-01 9.677388191223144531e+00 1.506648659706115723e-01 2.354635000228881836e-01 1.019438505172729492e-01 9.547064900398254395e-01
1.696954154968261719e+01 1.036055311560630798e-01 9.706919670104980469e+00 1.564208567142486572e-01 2.435699552297592163e-01 1.020589247345924377e-01 9.517300724983215332e-01
1.697271919250488281e+01 1.111505329608917236e-01 9.743103981018066406e+00 1.636382043361663818e-01 2.518947720527648926e-01 1.013584956526756287e-01 9.484186768531799316e-01
1.697362136840820312e+01 1.148902922868728638e-01 9.761295318603515625e+00 1.716497391462326050e-01 2.606325149536132812e-01 1.000956520438194275e-01 9.447687268257141113e-01
1.696662521362304688e+01 1.165412738919258118e-01 9.789512634277343750e+00 1.798866242170333862e-01 2.702518105506896973e-01 9.816586226224899292e-02 9.407274723052978516e-01
1.697279739379882812e+01 1.263893842697143555e-01 9.819396018981933594e+00 1.891701966524124146e-01 2.800620198249816895e-01 9.542392939329147339e-02 9.363088011741638184e-01
1.696875953674316406e+01 1.232304722070693970e-01 9.850121498107910156e+00 1.981509625911712646e-01 2.905991077423095703e-01 9.211813658475875854e-02 9.315592646598815918e-01
1.696499252319335938e+01 1.289410889148712158e-01 9.886885643005371094e+00 2.077306061983108521e-01 3.013677597045898438e-01 8.816864341497421265e-02 9.264187812805175781e-01
1.695955848693847656e+01 1.473967581987380981e-01 9.937576293945312500e+00 2.179950177669525146e-01 3.122963011264801025e-01 8.310889452695846558e-02 9.208920001983642578e-01
1.694705963134765625e+01 1.635745763778686523e-01 9.983446121215820312e+00 2.281319648027420044e-01 3.232047855854034424e-01 7.824771851301193237e-02 9.150801897048950195e-01
1.695164680480957031e+01 1.876817941665649414e-01 1.002644920349121094e+01 2.384974807500839233e-01 3.329533338546752930e-01 7.301087677478790283e-02 9.093571901321411133e-01
1.692111015319824219e+01 1.988243758678436279e-01 1.006892967224121094e+01 2.478756308555603027e-01 3.431647419929504395e-01 6.769865751266479492e-02 9.034448266029357910e-01
1.692040443420410156e+01 2.201038599014282227e-01 1.012823581695556641e+01 2.573842108249664307e-01 3.523724675178527832e-01 6.208976730704307556e-02 8.976256847381591797e-01
1.690874099731445312e+01 2.366862893104553223e-01 1.018150806427001953e+01 2.659949362277984619e-01 3.612010776996612549e-01 5.676387250423431396e-02 8.919407725334167480e-01
1.691467285156250000e+01 2.498025000095367432e-01 1.022844028472900391e+01 2.737753987312316895e-01 3.688808977603912354e-01 5.248044803738594055e-02 8.866903185844421387e-01
1.689870071411132812e+01 2.678779959678649902e-01 1.029658222198486328e+01 2.811140418052673340e-01 3.761290311813354492e-01 4.752505943179130554e-02 8.816139698028564453e-01
1.688770484924316406e+01 2.925969064235687256e-01 1.036179637908935547e+01 2.877584993839263916e-01 3.821930587291717529e-01 4.285775125026702881e-02 8.770899176597595215e-01
1.689776039123535156e+01 3.184941411018371582e-01 1.042408943176269531e+01 2.933050096035003662e-01 3.863749802112579346e-01 3.894052654504776001e-02 8.735960721969604492e-01
1.691721725463867188e+01 3.536749184131622314e-01 1.049841880798339844e+01 2.982210218906402588e-01 3.892301619052886963e-01 3.528933972120285034e-02 8.708150386810302734e-01
1.693106651306152344e+01 3.992112576961517334e-01 1.056805324554443359e+01 2.988121509552001953e-01 3.915300071239471436e-01 3.378755599260330200e-02 8.696401715278625488e-01
1.693480873107910156e+01 4.364919960498809814e-01 1.062783718109130859e+01 2.986344099044799805e-01 3.923877477645874023e-01 3.276095539331436157e-02 8.693538308143615723e-01
1.694842529296875000e+01 4.776960313320159912e-01 1.070753955841064453e+01 2.983262240886688232e-01 3.926430940628051758e-01 3.190172836184501648e-02 8.693763017654418945e-01
1.695496749877929688e+01 5.157884359359741211e-01 1.078766345977783203e+01 2.974211573600769043e-01 3.914782404899597168e-01 3.040347248315811157e-02 8.702649474143981934e-01
1.696557998657226562e+01 5.564670562744140625e-01 1.087471580505371094e+01 2.964578866958618164e-01 3.896973133087158203e-01 2.961289882659912109e-02 8.714194297790527344e-01
1.696424484252929688e+01 5.965064764022827148e-01 1.095476341247558594e+01 2.952361404895782471e-01 3.874436020851135254e-01 2.834464423358440399e-02 8.728800415992736816e-01
1.697083854675292969e+01 6.355037093162536621e-01 1.103981971740722656e+01 2.939493954181671143e-01 3.844479322433471680e-01 2.722957544028759003e-02 8.746725320816040039e-01
1.697706031799316406e+01 6.724694371223449707e-01 1.112617492675781250e+01 2.925151884555816650e-01 3.811303675174713135e-01 2.608834952116012573e-02 8.766378164291381836e-01
1.696974945068359375e+01 7.071433067321777344e-01 1.121839618682861328e+01 2.909292280673980713e-01 3.782585263252258301e-01 2.477591298520565033e-02 8.784456849098205566e-01
1.698258018493652344e+01 7.463002204895019531e-01 1.132249259948730469e+01 2.896469533443450928e-01 3.749845623970031738e-01 2.349157817661762238e-02 8.803064227104187012e-01
1.696294784545898438e+01 7.733632922172546387e-01 1.142444419860839844e+01 2.878813147544860840e-01 3.728269934654235840e-01 2.196541614830493927e-02 8.818400502204895020e-01
1.695339965820312500e+01 7.993894815444946289e-01 1.153353977203369141e+01 2.864798009395599365e-01 3.706805706024169922e-01 2.061352506279945374e-02 8.832328915596008301e-01
1.692869567871093750e+01 8.123835921287536621e-01 1.163770580291748047e+01 2.851715385913848877e-01 3.696001172065734863e-01 1.850772649049758911e-02 8.841552138328552246e-01
1.691229057312011719e+01 8.245756030082702637e-01 1.174782371520996094e+01 2.845316529273986816e-01 3.697148561477661133e-01 1.611676067113876343e-02 8.843601942062377930e-01
1.688674163818359375e+01 8.267596960067749023e-01 1.184597682952880859e+01 2.835276126861572266e-01 3.710861206054687500e-01 1.330751366913318634e-02 8.841550350189208984e-01
1.687776947021484375e+01 8.308869004249572754e-01 1.193434906005859375e+01 2.824395895004272461e-01 3.731754124164581299e-01 1.094063743948936462e-02 8.836562037467956543e-01
1.684984970092773438e+01 8.228861689567565918e-01 1.201384735107421875e+01 2.812709808349609375e-01 3.771406710147857666e-01 8.503521792590618134e-03 8.823713660240173340e-01
1.683276176452636719e+01 8.150743246078491211e-01 1.209178638458251953e+01 2.808292508125305176e-01 3.824695944786071777e-01 5.355681758373975754e-03 8.802404403686523438e-01
1.680797767639160156e+01 8.027592301368713379e-01 1.215502738952636719e+01 2.806904315948486328e-01 3.896673321723937988e-01 1.647943281568586826e-03 8.771371245384216309e-01
1.678977012634277344e+01 7.902331948280334473e-01 1.221711158752441406e+01 2.817770242691040039e-01 3.988015055656433105e-01 -2.610936062410473824e-03 8.726695775985717773e-01
1.676842308044433594e+01 7.701718211174011230e-01 1.226993370056152344e+01 2.814624905586242676e-01 4.105698168277740479e-01 -6.609586067497730255e-03 8.672759532928466797e-01
1.675798034667968750e+01 7.584974765777587891e-01 1.232383537292480469e+01 2.815499007701873779e-01 4.242409169673919678e-01 -1.105228997766971588e-02 8.605969548225402832e-01
1.675149726867675781e+01 7.422756552696228027e-01 1.237000465393066406e+01 2.818385958671569824e-01 4.394304156303405762e-01 -1.546594407409429550e-02 8.527770638465881348e-01
1.673585891723632812e+01 7.248602509498596191e-01 1.240562343597412109e+01 2.822874784469604492e-01 4.560433030128479004e-01 -1.962357573211193085e-02 8.437731862068176270e-01
1.672271728515625000e+01 7.094315290451049805e-01 1.244468593597412109e+01 2.828455865383148193e-01 4.738638699054718018e-01 -2.382249571382999420e-02 8.335969448089599609e-01
1.670542335510253906e+01 6.949601769447326660e-01 1.248132324218750000e+01 2.835020422935485840e-01 4.924688935279846191e-01 -2.846390381455421448e-02 8.223689794540405273e-01
1.670981025695800781e+01 6.949818134307861328e-01 1.250911712646484375e+01 2.850209772586822510e-01 5.109538435935974121e-01 -3.304519131779670715e-02 8.103069067001342773e-01
1.671221733093261719e+01 6.946012377738952637e-01 1.253423118591308594e+01 2.865325808525085449e-01 5.294709801673889160e-01 -3.749744221568107605e-02 7.975923418998718262e-01
1.671123313903808594e+01 6.861056685447692871e-01 1.255283164978027344e+01 2.881689965724945068e-01 5.475524067878723145e-01 -4.125840961933135986e-02 7.845016121864318848e-01
1.669547462463378906e+01 6.715446710586547852e-01 1.257030010223388672e+01 2.896599471569061279e-01 5.649941563606262207e-01 -4.469751939177513123e-02 7.712852358818054199e-01
1.669132041931152344e+01 6.470829844474792480e-01 1.259181404113769531e+01 2.909137904644012451e-01 5.813575387001037598e-01 -4.785220697522163391e-02 7.583553194999694824e-01
1.667480468750000000e+01 6.291506290435791016e-01 1.262769222259521484e+01 2.925146222114562988e-01 5.970014333724975586e-01 -5.144905298948287964e-02 7.452365756034851074e-01
1.666316223144531250e+01 6.054552197456359863e-01 1.267276000976562500e+01 2.939793765544891357e-01 6.113275289535522461e-01 -5.482702702283859253e-02 7.326996326446533203e-01
1.663927459716796875e+01 5.739164948463439941e-01 1.272760391235351562e+01 2.949293553829193115e-01 6.245616078376770020e-01 -5.822235345840454102e-02 7.207980751991271973e-01
1.660825920104980469e+01 5.365712642669677734e-01 1.278100109100341797e+01 2.954216897487640381e-01 6.359503269195556641e-01 -6.165081262588500977e-02 7.102764248847961426e-01
1.655721282958984375e+01 4.979387521743774414e-01 1.283514118194580078e+01 2.944214642047882080e-01 6.461658477783203125e-01 -6.578031927347183228e-02 7.010412216186523438e-01
1.653855133056640625e+01 4.549187719821929932e-01 1.290177154541015625e+01 2.939397990703582764e-01 6.537144184112548828e-01 -6.873472779989242554e-02 6.939255595207214355e-01
1.650963592529296875e+01 4.133413434028625488e-01 1.296755886077880859e+01 2.937364578247070312e-01 6.587226986885070801e-01 -7.092214375734329224e-02 6.890376806259155273e-01
1.647883987426757812e+01 3.597954511642456055e-01 1.302744197845458984e+01 2.934875786304473877e-01 6.611928939819335938e-01 -7.202427089214324951e-02 6.866596937179565430e-01
1.645246315002441406e+01 3.013560473918914795e-01 1.308879089355468750e+01 2.937960028648376465e-01 6.607303619384765625e-01 -7.157215476036071777e-02 6.870202422142028809e-01
1.643124008178710938e+01 2.428560853004455566e-01 1.315472984313964844e+01 2.867041528224945068e-01 6.608412861824035645e-01 -6.532409042119979858e-02 6.905233860015869141e-01
1.639379882812500000e+01 1.670180708169937134e-01 1.322271060943603516e+01 2.774166166782379150e-01 6.591504216194152832e-01 -5.765099450945854187e-02 6.965897083282470703e-01
1.634460258483886719e+01 8.551443368196487427e-02 1.328254127502441406e+01 2.674821615219116211e-01 6.549646854400634766e-01 -4.882898181676864624e-02 7.050461769104003906e-01
1.630099678039550781e+01 -3.170333802700042725e-03 1.333057403564453125e+01 2.563284933567047119e-01 6.486160755157470703e-01 -3.848881274461746216e-02 7.156196236610412598e-01
1.624436569213867188e+01 -9.682989865541458130e-02 1.337832355499267578e+01 2.443189769983291626e-01 6.404318809509277344e-01 -2.699885889887809753e-02 7.276169061660766602e-01
1.619593048095703125e+01 -1.928729116916656494e-01 1.343964862823486328e+01 2.318407893180847168e-01 6.306833028793334961e-01 -1.528638228774070740e-02 7.404422760009765625e-01
1.614157867431640625e+01 -2.941327095031738281e-01 1.350050449371337891e+01 2.187872081995010376e-01 6.191735267639160156e-01 -2.674625255167484283e-03 7.541545629501342773e-01
1.609469223022460938e+01 -4.000698924064636230e-01 1.355875396728515625e+01 2.047470808029174805e-01 6.062754392623901367e-01 1.033015083521604538e-02 7.683762311935424805e-01
1.601877593994140625e+01 -5.179815292358398438e-01 1.362122154235839844e+01 1.902665495872497559e-01 5.924116969108581543e-01 2.398656681180000305e-02 7.824779152870178223e-01
1.595758247375488281e+01 -6.276226639747619629e-01 1.368414878845214844e+01 1.759709268808364868e-01 5.770373344421386719e-01 3.735003247857093811e-02 7.966600060462951660e-01
1.589988994598388672e+01 -7.175586223602294922e-01 1.374362850189208984e+01 1.626303195953369141e-01 5.603840947151184082e-01 5.023493990302085876e-02 8.105538487434387207e-01
1.583069419860839844e+01 -8.202586174011230469e-01 1.377931976318359375e+01 1.490996628999710083e-01 5.422897934913635254e-01 6.344586610794067383e-02 8.244183659553527832e-01
1.576344108581542969e+01 -9.375738501548767090e-01 1.382486820220947266e+01 1.351273506879806519e-01 5.242723226547241211e-01 7.672301679849624634e-02 8.372530937194824219e-01
1.568196296691894531e+01 -1.060883045196533203e+00 1.388245677947998047e+01 1.213652044534683228e-01 5.065941810607910156e-01 8.944171667098999023e-02 8.489010930061340332e-01
1.560364151000976562e+01 -1.187019705772399902e+00 1.394245243072509766e+01 1.082944273948669434e-01 4.888637065887451172e-01 1.016221344470977783e-01 8.596264123916625977e-01
1.553254222869873047e+01 -1.301621913909912109e+00 1.401329517364501953e+01 9.595408290624618530e-02 4.713265895843505859e-01 1.124373972415924072e-01 8.694837093353271484e-01
1.546214866638183594e+01 -1.418285846710205078e+00 1.408670043945312500e+01 8.483435958623886108e-02 4.543036222457885742e-01 1.230489611625671387e-01 8.782199621200561523e-01
1.538934421539306641e+01 -1.537273883819580078e+00 1.416930294036865234e+01 7.486780732870101929e-02 4.386077225208282471e-01 1.325471699237823486e-01 8.856914639472961426e-01
1.533341884613037109e+01 -1.635361790657043457e+00 1.426487159729003906e+01 6.648775935173034668e-02 4.239413738250732422e-01 1.410276144742965698e-01 8.921683430671691895e-01
1.524274826049804688e+01 -1.732104063034057617e+00 1.438694763183593750e+01 6.036839261651039124e-02 4.130959510803222656e-01 1.466659903526306152e-01 8.967700004577636719e-01
1.517669010162353516e+01 -1.813241004943847656e+00 1.452365779876708984e+01 5.553486943244934082e-02 4.036480486392974854e-01 1.511436402797698975e-01 9.006329774856567383e-01
1.510248088836669922e+01 -1.901396036148071289e+00 1.466576480865478516e+01 5.194917321205139160e-02 3.969041407108306885e-01 1.540075093507766724e-01 9.033548831939697266e-01
1.502967262268066406e+01 -1.965032339096069336e+00 1.481521320343017578e+01 5.144153162837028503e-02 3.921554684638977051e-01 1.553049087524414062e-01 9.052338004112243652e-01
1.497309494018554688e+01 -2.006092071533203125e+00 1.497098255157470703e+01 5.246772989630699158e-02 3.886762261390686035e-01 1.554059088230133057e-01 9.066570401191711426e-01
1.490597152709960938e+01 -2.059251070022583008e+00 1.514005756378173828e+01 5.443956702947616577e-02 3.875005245208740234e-01 1.545475721359252930e-01 9.071905612945556641e-01
1.483658313751220703e+01 -2.101545095443725586e+00 1.531084537506103516e+01 5.821050703525543213e-02 3.881568610668182373e-01 1.522378176450729370e-01 9.070664048194885254e-01
1.479392051696777344e+01 -2.122531890869140625e+00 1.547684001922607422e+01 6.332259625196456909e-02 3.890319466590881348e-01 1.491708010435104370e-01 9.068585634231567383e-01
1.474259376525878906e+01 -2.149682044982910156e+00 1.564299964904785156e+01 6.902011483907699585e-02 3.913070857524871826e-01 1.457220911979675293e-01 9.060243368148803711e-01
1.469450569152832031e+01 -2.179159879684448242e+00 1.582407283782958984e+01 7.539746165275573730e-02 3.949870765209197998e-01 1.413942128419876099e-01 9.046038389205932617e-01
1.464269161224365234e+01 -2.213627338409423828e+00 1.601032447814941406e+01 8.211852610111236572e-02 3.998795151710510254e-01 1.363144367933273315e-01 9.026468396186828613e-01
1.459417343139648438e+01 -2.229473829269409180e+00 1.620238685607910156e+01 8.974286168813705444e-02 4.054276347160339355e-01 1.305052042007446289e-01 9.003016352653503418e-01
1.454831886291503906e+01 -2.244182348251342773e+00 1.640052032470703125e+01 9.784287214279174805e-02 4.116831421852111816e-01 1.244077309966087341e-01 8.974778652191162109e-01
1.449881935119628906e+01 -2.259706020355224609e+00 1.659890747070312500e+01 1.060874983668327332e-01 4.182924330234527588e-01 1.182213351130485535e-01 8.943157196044921875e-01
1.445225143432617188e+01 -2.273291587829589844e+00 1.680089759826660156e+01 1.147845759987831116e-01 4.249283671379089355e-01 1.118107214570045471e-01 8.909313678741455078e-01
1.441172122955322266e+01 -2.283076286315917969e+00 1.700089073181152344e+01 1.234511882066726685e-01 4.315017461776733398e-01 1.051820591092109680e-01 8.874135017395019531e-01
1.435524749755859375e+01 -2.288256406784057617e+00 1.720431518554687500e+01 1.319020539522171021e-01 4.390287697315216064e-01 9.829881042242050171e-02 8.832853436470031738e-01
1.430088233947753906e+01 -2.285596847534179688e+00 1.740073585510253906e+01 1.405871510505676270e-01 4.460842013359069824e-01 9.135196357965469360e-02 8.791466951370239258e-01
1.425324916839599609e+01 -2.274999618530273438e+00 1.758399581909179688e+01 1.493806540966033936e-01 4.520945250988006592e-01 8.448501676321029663e-02 8.753046393394470215e-01
1.420602035522460938e+01 -2.267590761184692383e+00 1.775835609436035156e+01 1.573434770107269287e-01 4.575615227222442627e-01 7.807608693838119507e-02 8.716562390327453613e-01
1.416977405548095703e+01 -2.265743255615234375e+00 1.794549751281738281e+01 1.644467413425445557e-01 4.627451896667480469e-01 7.228133082389831543e-02 8.681011199951171875e-01
1.414276981353759766e+01 -2.247312068939208984e+00 1.809670829772949219e+01 1.716954708099365234e-01 4.656334519386291504e-01 6.722097098827362061e-02 8.655561804771423340e-01
1.411349678039550781e+01 -2.250293493270874023e+00 1.826990509033203125e+01 1.769946366548538208e-01 4.689249098300933838e-01 6.303536146879196167e-02 8.630231022834777832e-01
1.408090972900390625e+01 -2.246359348297119141e+00 1.840939521789550781e+01 1.817283630371093750e-01 4.706108272075653076e-01 5.944115296006202698e-02 8.613750934600830078e-01
1.405583095550537109e+01 -2.234409570693969727e+00 1.856995201110839844e+01 1.863008439540863037e-01 4.724352955818176270e-01 5.582065880298614502e-02 8.596400022506713867e-01
1.403689289093017578e+01 -2.217421531677246094e+00 1.874054527282714844e+01 1.908712685108184814e-01 4.740596115589141846e-01 5.277548357844352722e-02 8.579337596893310547e-01
1.399336242675781250e+01 -2.214330434799194336e+00 1.889913368225097656e+01 1.939806044101715088e-01 4.760757386684417725e-01 4.991761595010757446e-02 8.562894463539123535e-01
1.397539710998535156e+01 -2.199997663497924805e+00 1.904062652587890625e+01 1.971337199211120605e-01 4.762001931667327881e-01 4.795480892062187195e-02 8.556120395660400391e-01
1.395244693756103516e+01 -2.197718858718872070e+00 1.917915534973144531e+01 1.992194205522537231e-01 4.761190116405487061e-01 4.641835764050483704e-02 8.552588224411010742e-01
1.392677021026611328e+01 -2.200278759002685547e+00 1.929878044128417969e+01 2.004651874303817749e-01 4.753440618515014648e-01 4.548553004860877991e-02 8.554489016532897949e-01
1.390097045898437500e+01 -2.201026678085327148e+00 1.942565727233886719e+01 2.013819068670272827e-01 4.746803343296051025e-01 4.440511018037796021e-02 8.556588888168334961e-01
1.387954139709472656e+01 -2.189782619476318359e+00 1.954487800598144531e+01 2.023271620273590088e-01 4.737012684345245361e-01 4.315065965056419373e-02 8.560425639152526855e-01
1.386092472076416016e+01 -2.170919656753540039e+00 1.965824699401855469e+01 2.032441943883895874e-01 4.723974466323852539e-01 4.204899817705154419e-02 8.566004633903503418e-01
1.384360408782958984e+01 -2.151982784271240234e+00 1.976679611206054688e+01 2.035017311573028564e-01 4.708467423915863037e-01 4.109742119908332825e-02 8.574388623237609863e-01
1.383387470245361328e+01 -2.147074460983276367e+00 1.986833572387695312e+01 2.025676667690277100e-01 4.689896702766418457e-01 4.050045460462570190e-02 8.587052822113037109e-01
1.381522750854492188e+01 -2.134279489517211914e+00 1.996882057189941406e+01 2.017815113067626953e-01 4.676935970783233643e-01 3.979775682091712952e-02 8.596296310424804688e-01
1.380707550048828125e+01 -2.125036478042602539e+00 2.006210708618164062e+01 2.004693150520324707e-01 4.657921791076660156e-01 3.932638093829154968e-02 8.609896302223205566e-01
1.379140377044677734e+01 -2.114141464233398438e+00 2.014355850219726562e+01 1.988193392753601074e-01 4.640496969223022461e-01 3.868843242526054382e-02 8.623409867286682129e-01
1.377158832550048828e+01 -2.121858596801757812e+00 2.021680641174316406e+01 1.956855952739715576e-01 4.626363217830657959e-01 3.847797960042953491e-02 8.638253808021545410e-01
1.375922298431396484e+01 -2.110094070434570312e+00 2.029766082763671875e+01 1.934341043233871460e-01 4.615946710109710693e-01 3.737269341945648193e-02 8.649375438690185547e-01
1.374732208251953125e+01 -2.100353002548217773e+00 2.036819839477539062e+01 1.908119767904281616e-01 4.604505300521850586e-01 3.627199307084083557e-02 8.661757707595825195e-01
1.374396991729736328e+01 -2.093949317932128906e+00 2.043079376220703125e+01 1.877552419900894165e-01 4.591478705406188965e-01 3.518229350447654724e-02 8.675790429115295410e-01
1.374682426452636719e+01 -2.094413280487060547e+00 2.048298454284667969e+01 1.841194480657577515e-01 4.575003683567047119e-01 3.420950099825859070e-02 8.692658543586730957e-01
1.373360824584960938e+01 -2.098446846008300781e+00 2.053857040405273438e+01 1.798212230205535889e-01 4.570532739162445068e-01 3.273089230060577393e-02 8.704569339752197266e-01
1.372462463378906250e+01 -2.095415115356445312e+00 2.059349250793457031e+01 1.754800975322723389e-01 4.567663669586181641e-01 3.095652349293231964e-02 8.715577721595764160e-01
1.371476745605468750e+01 -2.093248605728149414e+00 2.063237571716308594e+01 1.707348972558975220e-01 4.563289582729339600e-01 2.923087403178215027e-02 8.727880716323852539e-01
1.371426486968994141e+01 -2.068912982940673828e+00 2.066657066345214844e+01 1.667980998754501343e-01 4.553686976432800293e-01 2.675506845116615295e-02 8.741292357444763184e-01
1.370590305328369141e+01 -2.071127891540527344e+00 2.069506072998046875e+01 1.607255637645721436e-01 4.551171958446502686e-01 2.508722431957721710e-02 8.754463195800781250e-01
1.370701980590820312e+01 -2.071902751922607422e+00 2.071492004394531250e+01 1.540907025337219238e-01 4.542621076107025146e-01 2.389974892139434814e-02 8.771150708198547363e-01
1.370481204986572266e+01 -2.060846805572509766e+00 2.073264694213867188e+01 1.476541757583618164e-01 4.538584649562835693e-01 2.244685590267181396e-02 8.784685134887695312e-01
1.370703029632568359e+01 -2.057522773742675781e+00 2.074761390686035156e+01 1.400737315416336060e-01 4.534871578216552734e-01 2.150007151067256927e-02 8.799241185188293457e-01
1.370612907409667969e+01 -2.045922279357910156e+00 2.076090431213378906e+01 1.324204504489898682e-01 4.530451297760009766e-01 2.044578455388545990e-02 8.813608288764953613e-01
1.371430587768554688e+01 -2.042937994003295898e+00 2.077507019042968750e+01 1.236301437020301819e-01 4.524619877338409424e-01 2.012348920106887817e-02 8.829432725906372070e-01
1.371417427062988281e+01 -2.044803619384765625e+00 2.077396774291992188e+01 1.137739345431327820e-01 4.513320028781890869e-01 2.058683708310127258e-02 8.848339319229125977e-01
1.370932579040527344e+01 -2.034789085388183594e+00 2.078940963745117188e+01 1.042274981737136841e-01 4.510849714279174805e-01 2.105110324919223785e-02 8.861240148544311523e-01
1.370756149291992188e+01 -2.023881196975708008e+00 2.079723358154296875e+01 9.380327165126800537e-02 4.501084387302398682e-01 2.205952443182468414e-02 8.877593874931335449e-01
1.371313381195068359e+01 -2.017225027084350586e+00 2.079913711547851562e+01 8.198570460081100464e-02 4.486016035079956055e-01 2.373035438358783722e-02 8.896470069885253906e-01
1.370627403259277344e+01 -2.007510662078857422e+00 2.080017280578613281e+01 6.962881237268447876e-02 4.472117424011230469e-01 2.589022740721702576e-02 8.913378715515136719e-01
1.370672416687011719e+01 -1.997311472892761230e+00 2.079199028015136719e+01 5.624395236372947693e-02 4.441689550876617432e-01 2.855396643280982971e-02 8.937199115753173828e-01
1.370347309112548828e+01 -1.991265296936035156e+00 2.080267906188964844e+01 4.184124991297721863e-02 4.415360689163208008e-01 3.230571746826171875e-02 8.956849575042724609e-01
1.370490932464599609e+01 -1.980904936790466309e+00 2.082797431945800781e+01 2.635387331247329712e-02 4.386067092418670654e-01 3.644678369164466858e-02 8.975529074668884277e-01
1.369642925262451172e+01 -1.990130782127380371e+00 2.085927391052246094e+01 8.902417495846748352e-03 4.356285035610198975e-01 4.240431264042854309e-02 8.990831375122070312e-01
1.369765090942382812e+01 -1.994649648666381836e+00 2.089416122436523438e+01 -9.132070466876029968e-03 4.314277470111846924e-01 4.887733981013298035e-02 9.007761478424072266e-01
1.370428562164306641e+01 -1.995455503463745117e+00 2.093519401550292969e+01 -2.752347476780414581e-02 4.266012907028198242e-01 5.579644069075584412e-02 9.022973775863647461e-01
1.370231151580810547e+01 -1.985569596290588379e+00 2.097682571411132812e+01 -4.601642861962318420e-02 4.215915799140930176e-01 6.258910149335861206e-02 9.034520983695983887e-01
1.369162750244140625e+01 -1.978636145591735840e+00 2.103586578369140625e+01 -6.495766341686248779e-02 4.170058965682983398e-01 6.971329450607299805e-02 9.038952589035034180e-01
1.367804527282714844e+01 -1.961132168769836426e+00 2.108470344543457031e+01 -8.319337666034698486e-02 4.114369750022888184e-01 7.659838348627090454e-02 9.043954610824584961e-01
1.366629600524902344e+01 -1.948168754577636719e+00 2.114719581604003906e+01 -1.014812290668487549e-01 4.060195684432983398e-01 8.396816998720169067e-02 9.043224453926086426e-01
1.365550041198730469e+01 -1.921424984931945801e+00 2.120513916015625000e+01 -1.184960231184959412e-01 4.000137746334075928e-01 9.075950086116790771e-02 9.042733907699584961e-01
1.364025783538818359e+01 -1.911940693855285645e+00 2.128457450866699219e+01 -1.356162130832672119e-01 3.951230645179748535e-01 9.822064638137817383e-02 9.032378792762756348e-01
1.362656116485595703e+01 -1.910928606986999512e+00 2.138440704345703125e+01 -1.530469208955764771e-01 3.911188840866088867e-01 1.057165339589118958e-01 9.013471603393554688e-01
1.361489009857177734e+01 -1.900653958320617676e+00 2.148486518859863281e+01 -1.689587384462356567e-01 3.870771527290344238e-01 1.121020987629890442e-01 8.994761705398559570e-01
1.360246658325195312e+01 -1.888891220092773438e+00 2.158504486083984375e+01 -1.835655868053436279e-01 3.832803666591644287e-01 1.172099336981773376e-01 8.975865840911865234e-01
1.358970546722412109e+01 -1.878636240959167480e+00 2.169005203247070312e+01 -1.966381818056106567e-01 3.798539936542510986e-01 1.226021721959114075e-01 8.955518603324890137e-01
1.358009910583496094e+01 -1.870847344398498535e+00 2.180591011047363281e+01 -2.089209854602813721e-01 3.772723078727722168e-01 1.271989941596984863e-01 8.932178020477294922e-01
1.357073116302490234e+01 -1.864239692687988281e+00 2.193202209472656250e+01 -2.197312116622924805e-01 3.757531642913818359e-01 1.310470849275588989e-01 8.907044529914855957e-01
1.354598808288574219e+01 -1.852525949478149414e+00 2.206522178649902344e+01 -2.277868390083312988e-01 3.759765028953552246e-01 1.333198845386505127e-01 8.882458209991455078e-01
1.352657032012939453e+01 -1.841178059577941895e+00 2.220429801940917969e+01 -2.343616485595703125e-01 3.770041465759277344e-01 1.342997252941131592e-01 8.859492540359497070e-01
1.350722408294677734e+01 -1.834739804267883301e+00 2.235598182678222656e+01 -2.390239834785461426e-01 3.795400559902191162e-01 1.347557604312896729e-01 8.835483789443969727e-01
1.348051071166992188e+01 -1.813932061195373535e+00 2.251526260375976562e+01 -2.405163496732711792e-01 3.842710554599761963e-01 1.330940872430801392e-01 8.813475966453552246e-01
1.345833396911621094e+01 -1.792479276657104492e+00 2.268194198608398438e+01 -2.395429313182830811e-01 3.902581632137298584e-01 1.300188302993774414e-01 8.794389367103576660e-01
1.344394111633300781e+01 -1.774032235145568848e+00 2.285215950012207031e+01 -2.363257706165313721e-01 3.972558081150054932e-01 1.256229281425476074e-01 8.778136372566223145e-01
1.343320369720458984e+01 -1.773239970207214355e+00 2.304116249084472656e+01 -2.319628447294235229e-01 4.062559902667999268e-01 1.206962317228317261e-01 8.755465149879455566e-01
1.341365909576416016e+01 -1.762103199958801270e+00 2.323723793029785156e+01 -2.242964208126068115e-01 4.169415235519409180e-01 1.141442060470581055e-01 8.733968138694763184e-01
1.339777088165283203e+01 -1.740865707397460938e+00 2.342516326904296875e+01 -2.141624540090560913e-01 4.273621141910552979e-01 1.061314716935157776e-01 8.719129562377929688e-01
1.337705898284912109e+01 -1.733741521835327148e+00 2.361931228637695312e+01 -2.032409906387329102e-01 4.384238719940185547e-01 9.802464395761489868e-02 8.699820637702941895e-01
1.336063861846923828e+01 -1.728479027748107910e+00 2.381410217285156250e+01 -1.910068094730377197e-01 4.495101273059844971e-01 8.907911926507949829e-02 8.680564165115356445e-01
1.333878421783447266e+01 -1.709916710853576660e+00 2.402697944641113281e+01 -1.765328347682952881e-01 4.617279171943664551e-01 7.951155304908752441e-02 8.656335473060607910e-01
1.331958103179931641e+01 -1.701531052589416504e+00 2.424708366394042969e+01 -1.617131382226943970e-01 4.739069044589996338e-01 7.001320272684097290e-02 8.627625703811645508e-01
1.330171489715576172e+01 -1.688853263854980469e+00 2.447440338134765625e+01 -1.461381018161773682e-01 4.860024750232696533e-01 6.072800979018211365e-02 8.595099449157714844e-01
1.328071594238281250e+01 -1.666334867477416992e+00 2.469929695129394531e+01 -1.298319399356842041e-01 4.969714581966400146e-01 5.062306299805641174e-02 8.565047383308410645e-01
1.325179672241210938e+01 -1.652265071868896484e+00 2.494179153442382812e+01 -1.135999113321304321e-01 5.085761547088623047e-01 4.204608127474784851e-02 8.524537682533264160e-01
1.322581100463867188e+01 -1.640429973602294922e+00 2.519535064697265625e+01 -9.730373322963714600e-02 5.196709632873535156e-01 3.449649363756179810e-02 8.481062054634094238e-01
1.320143318176269531e+01 -1.619194746017456055e+00 2.546796989440917969e+01 -8.169174939393997192e-02 5.313009023666381836e-01 2.707190811634063721e-02 8.428006172180175781e-01
1.317263412475585938e+01 -1.612675309181213379e+00 2.573230934143066406e+01 -6.774835288524627686e-02 5.405619740486145020e-01 2.165952324867248535e-02 8.382921814918518066e-01
1.314370346069335938e+01 -1.572280168533325195e+00 2.598570442199707031e+01 -5.167355388402938843e-02 5.471328496932983398e-01 1.514159888029098511e-02 8.353120684623718262e-01
1.311472702026367188e+01 -1.554170489311218262e+00 2.627188301086425781e+01 -3.958303481340408325e-02 5.549150109291076660e-01 1.147183030843734741e-02 8.308856487274169922e-01
1.309043407440185547e+01 -1.541859507560729980e+00 2.655073547363281250e+01 -2.832715213298797607e-02 5.599749088287353516e-01 1.121453102678060532e-02 8.279492259025573730e-01
1.306033515930175781e+01 -1.520045399665832520e+00 2.683292770385742188e+01 -1.841098815202713013e-02 5.633898377418518066e-01 1.201952155679464340e-02 8.258985877037048340e-01
1.303149127960205078e+01 -1.488513469696044922e+00 2.713195610046386719e+01 -1.066430378705263138e-02 5.678475499153137207e-01 1.364193763583898544e-02 8.229516148567199707e-01
1.301944541931152344e+01 -1.484306812286376953e+00 2.743783760070800781e+01 -7.853842340409755707e-03 5.723569989204406738e-01 1.999404653906822205e-02 8.197231292724609375e-01
1.300215339660644531e+01 -1.493947625160217285e+00 2.773824691772460938e+01 -7.457480300217866898e-03 5.755254626274108887e-01 3.053840622305870056e-02 8.171794414520263672e-01
