1.0 0.0 0.0 0.0 0.0 -1.0 0.0 0.0 0.0 0.0 -1.0 0.0
0.9999962961250978 -0.001827098949744938 -0.0020172866710984542 0.1244930550456047 -0.0018333916157269087 -0.9999934460582153 -0.0031219410305732068 -0.06192512437701225 -0.002011569354740923 0.0031256279437634872 -0.9999930919954839 -0.047179389744997025
0.9999874586167677 -0.002652629213645219 -0.004248078086927952 0.25318771600723267 -0.0026839514574084422 -0.9999691313780227 -0.0073846256273850525 -0.11945866048336029 -0.004228358280940324 0.00739593464933763 -0.9999637099099697 -0.09638180583715439
0.9999818484390368 -0.0024229905565985354 -0.0055165124136159335 0.37452608346939087 -0.0024838182372205466 -0.9999359011848519 -0.011046455024236427 -0.1712934821844101 -0.005489393355498856 0.011059956527973423 -0.9999237690555154 -0.14495576918125153
0.9999649199358563 -0.0017710463869346168 -0.008186714381951768 0.5015783905982971 -0.0018973796633992568 -0.9998788479064152 -0.01544957797975626 -0.22044618427753448 -0.008158360625104102 0.015464569312948111 -0.9998471324396924 -0.19085441529750824
0.9999449067891738 -0.0017171400502196694 -0.010355424493385518 0.6244738101959229 -0.0019236702745307976 -0.9997987831736653 -0.019967289679190252 -0.27043262124061584 -0.010319054174931137 0.019986110039368406 -0.9997470042597921 -0.23349787294864655
0.9999239055681909 -0.0006441365369375565 -0.012319422120274438 0.7464144825935364 -0.0009412410304843446 -0.9997084781524476 -0.02412618443600186 -0.3153163492679596 -0.012300290182685034 0.024135944113276943 -0.9996330121915656 -0.2748439610004425
0.9998849832973953 -0.00045283146522916444 -0.015159654350680507 0.8735917806625366 -0.0009026195477997834 -0.9995591512435924 -0.02967639538658992 -0.36074838042259216 -0.01513953283030681 0.029686665505802165 -0.9994445939804903 -0.31620723009109497
0.9998382312489726 -0.0007295636778825 -0.017971618451492852 0.9984272122383118 -0.0013463532015560555 -0.999409574583686 -0.03433204863553547 -0.4070349633693695 -0.01793596013551501 0.03435069092894679 -0.9992488835954341 -0.348224014043808
0.9997755255845334 -0.0006523870623522047 -0.021177177179486292 1.126286506652832 -0.0014833364448016003 -0.9992284775171533 -0.03924601166671131 -0.4504251778125763 -0.021135234920908803 0.03926861481989137 -0.9990051439982505 -0.3789795935153961
0.9997471663562116 0.00041719791812579643 -0.022481755016509824 1.2460765838623047 -0.0005704136466639316 -0.9990355408353004 -0.04390515660136315 -0.48663562536239624 -0.022478389421774696 0.043906879800500904 -0.9987827130638511 -0.40958908200263977
0.999689452130386 0.001297877651087843 -0.02488603650346212 1.3743607997894287 9.380964368436474e-05 -0.9988317319053294 -0.048323519519495185 -0.5227169394493103 -0.024919680957018575 0.04830617820323905 -0.9985216685923232 -0.43370088934898376
0.999657154130637 0.003289791613010569 -0.02597597864525738 1.4944868087768555 0.001935821274162581 -0.9986463510992293 -0.0519780533705303 -0.5520190596580505 -0.026111813254356762 0.051909948057556 -0.9983103377713926 -0.45920878648757935
0.9996265069947089 0.004080599101583002 -0.027022124722706844 1.6181918382644653 0.002574157613146599 -0.9984525689203466 -0.0555503494943409 -0.5849846005439758 -0.02720698855331188 0.05546004261928493 -0.9980901579749833 -0.4774799942970276
0.9995763848056912 0.004428311039672432 -0.028765274205563213 1.747902274131775 0.0027256380541389224 -0.9982564075824419 -0.058963680497370004 -0.61776202917099 -0.028976228808855628 0.05886029886038651 -0.997845600973459 -0.4899313747882843
0.9995543628010202 0.005052522645170973 -0.029420194091243496 1.8718082904815674 0.003221943467964437 -0.998074673421165 -0.061940014171162 -0.649408757686615 -0.029676503933847152 0.061817621194563466 -0.9976461731616624 -0.5020202398300171
0.9995647078280213 0.005132091944599041 -0.029052650429089822 1.996912956237793 0.003256296205791063 -0.9979286324415445 -0.06424827692918439 -0.6806052327156067 -0.029322199775986487 0.06412570612181356 -0.9975109535311762 -0.5114763975143433
0.9995826655500303 0.0055018536715566975 -0.028358849378501236 2.118347644805908 0.003646749632841267 -0.9978749035863189 -0.06505672916547331 -0.7099654078483582 -0.028656516693609392 0.06492616112763139 -0.9974785198951491 -0.5135167837142944
0.9996371459756234 0.007147784791442315 -0.025970859791031663 2.234292507171631 0.005442864442864473 -0.9978616204662228 -0.06513494935271115 -0.732138991355896 -0.0263808948363546 0.06496995900490372 -0.9975384467851524 -0.5197036266326904
0.999679854468315 0.008780208732308932 -0.0237296545450163 2.3584394454956055 0.007219491550901519 -0.9978543101385382 -0.06507422438791255 -0.7528877258300781 -0.02425010333906205 0.06488207512525332 -0.9975982401826327 -0.5228407979011536
0.9997491336743662 0.009453026052143184 -0.02030541838553291 2.4783272743225098 0.00814661972383167 -0.9979496099021474 -0.06348392460479103 -0.7789278626441956 -0.020863899549923848 0.06330257810396837 -0.99777626815883 -0.5257105231285095
0.9998085694337794 0.009979780773886886 -0.016829392813896962 2.6046736240386963 0.008929212559837158 -0.9980742690750609 -0.0613842208824384 -0.8036368489265442 -0.01740958499908988 0.06122219684058959 -0.9979723187364323 -0.5263965129852295
0.9998767464563276 0.010487392270812664 -0.011683599585176774 2.7262649536132812 0.00978976891886832 -0.9982542640569347 -0.058245898711090587 -0.8270728588104248 -0.012274050693385778 0.058124339957590594 -0.9982338948282965 -0.5211042761802673
0.9999186028531288 0.011591607997752282 -0.005331256162750601 2.8438572883605957 0.011290477755563256 -0.9985086400328127 -0.053413677011356735 -0.8506662249565125 -0.005942455746368855 0.05334913686132938 -0.9985582390706378 -0.5195295810699463
0.9999230407918496 0.01233701753113634 0.0013078577971486322 2.962336301803589 0.0123853709858165 -0.9987845221963185 -0.04770828865737476 -0.8737471103668213 0.0007176901314792807 0.047720815369271856 -0.9988604550693592 -0.5153989195823669
0.9998549110027404 0.014196385030806186 0.009413798157979924 3.0698633193969727 0.014578651583500458 -0.9990169137332388 -0.04186488973974693 -0.88882976770401 0.008810213488275058 0.04199605608829679 -0.9990789315220892 -0.5108158588409424
0.9996939383441183 0.016857861351216717 0.018106411811543793 3.1633613109588623 0.017483092798946914 -0.9992362501207124 -0.03494650069578336 -0.8976757526397705 0.017503459778268685 0.035252360989870314 -0.9992251497737785 -0.5052469372749329
0.9994835761116823 0.019025833186467146 0.025895921581675602 3.2582714557647705 0.019753586898192767 -0.9994086940158546 -0.028143527322991826 -0.9082742929458618 0.025345155112153368 0.028640530670453117 -0.9992684039412316 -0.5037373304367065
0.999136842406253 0.02100031103849735 0.03584071822311575 3.332659959793091 0.02172678703225436 -0.9995638405927032 -0.0200018825319087 -0.9184767007827759 0.035405040202172895 0.02076332140702872 -0.9991573287588051 -0.4985364079475403
0.9987062726877431 0.02328678695726386 0.04520515952147711 3.4045534133911133 0.02384217518330518 -0.9996462598550202 -0.011785832189449955 -0.925000786781311 0.044914714478484365 0.012848373868949103 -0.9989081978401417 -0.494297593832016
0.9981344512992192 0.025486637767906422 0.05548016244473573 3.4612538814544678 0.025679472367341662 -0.999666402701922 -0.002765503197163556 -0.9327203035354614 0.05539117103421514 0.0041850453147023 -0.9984559597534446 -0.493221253156662
0.9974394486647926 0.02753264045819196 0.06600378744189253 3.5070526599884033 0.02714542779808747 -0.9996086621012623 0.006756360098678376 -0.9412329792976379 0.0661639780918093 -0.004947359045402356 -0.9977964981104828 -0.48525798320770264
0.9965935575616593 0.03015003602944799 0.07676103408643178 3.5416808128356934 0.028965991073621765 -0.9994443340520403 0.0164922555278662 -0.9459869265556335 0.0772156226920318 -0.01421261618058256 -0.9969131101322648 -0.4827314615249634
0.995750901010147 0.03226553893336106 0.08625009063659075 3.5776710510253906 0.030192221117624318 -0.999225484153326 0.025236117025716882 -0.950107753276825 0.08699754549103578 -0.02252480445844001 -0.9959538444439301 -0.4823133051395416
0.994834619898351 0.0342168560120012 0.0955682259768255 3.60211181640625 0.031038377999575765 -0.9989208772582273 0.03454996481631958 -0.9565927982330322 0.09664728730212276 -0.0314052183929271 -0.9948231069465735 -0.4780593812465668
0.9936794965869457 0.03687159103703763 0.1060261469502297 3.6085641384124756 0.032377543551827676 -0.9985155215570963 0.043800089989740935 -0.9577972292900085 0.10748373242618513 -0.04009038518095515 -0.9933982123397339 -0.475845605134964
0.9924939488094763 0.040603395191820074 0.11535651639794633 3.6268293857574463 0.034624096302038776 -0.9979741903575011 0.05337309561527172 -0.956058919429779 0.11728995494858 -0.04897835929455656 -0.9918892008631676 -0.4802764356136322
0.9912884130503318 0.04323979997958023 0.12440901032433528 3.6530873775482178 0.035623011639959914 -0.997389487861125 0.06281091104116869 -0.9615644812583923 0.12680017032265356 -0.05783190470534599 -0.99024097451292 -0.4807239770889282
0.9899054916941002 0.0460180745430857 0.13405019332029572 3.6768712997436523 0.036601026980775546 -0.9967409606187537 0.07188756671884639 -0.9650688171386719 0.13692144586519012 -0.06625552233701776 -0.9883636595009121 -0.4836798310279846
0.9886816265755098 0.04927468436431492 0.1417061987098731 3.7146544456481934 0.03808561131535059 -0.9960172819780655 0.08061674895307615 -0.9699984192848206 0.1451141877375915 -0.07430733127911678 -0.9866206429197777 -0.48331788182258606
0.9874466851788724 0.05369943898601748 0.1485443172317418 3.761104106903076 0.04072481779274621 -0.9951942953804285 0.08904944501792482 -0.9672224521636963 0.15261236235968886 -0.08188213904655751 -0.9848882079506056 -0.4794165790081024
0.9861636946694048 0.05598592945653063 0.15603442895360503 3.8064968585968018 0.04101784556532564 -0.9943849421248458 0.0975506187604479 -0.9785811901092529 0.16061974866487727 -0.0898006825043971 -0.9829227506577394 -0.47883206605911255
0.9851281806526686 0.0599917060465004 0.16100764854376573 3.86867356300354 0.04336278916611643 -0.9935392348330585 0.10487829786507422 -0.9781596064567566 0.1662592439526219 -0.09633682604783375 -0.9813649065191457 -0.47523874044418335
0.9840761379730418 0.062090387426462876 0.1665501079594203 3.930280923843384 0.04365795128897469 -0.9927332264486015 0.1121370785877681 -0.9910402297973633 0.17230246069430447 -0.10308018671976447 -0.9796358186308352 -0.4672040045261383
0.9833068251254954 0.06445541442415825 0.17015636107130513 4.005591869354248 0.044490593346348944 -0.9919396474282568 0.11864368067282503 -0.9998441338539124 0.17643206841532003 -0.10909278349788072 -0.9782486850608981 -0.4613175094127655
0.9824687023501626 0.06641989354718125 0.17419427844670665 4.081631183624268 0.04491857641348834 -0.9911904479572726 0.12459461212767961 -1.0124105215072632 0.18093526575925784 -0.11458574788970236 -0.9767970802501329 -0.45278680324554443
0.9817831219819705 0.07030085988981892 0.17652107661717722 4.173474311828613 0.047723938291448664 -0.9904906962360257 0.12903722867384862 -1.0131839513778687 0.18391391221245149 -0.1182622922516943 -0.9758020819439183 -0.45564231276512146
0.9810786435556608 0.07145586567884389 0.17994097481972066 4.260188579559326 0.04753978518293571 -0.9898564022624771 0.13388155856855416 -1.02874755859375 0.18768234862060057 -0.12279398258901732 -0.9745239729509906 -0.4459843635559082
0.9804277525843048 0.07279317254626623 0.18292778901287396 4.348464012145996 0.04756073721378894 -0.9891885003120837 0.13872305909981847 -1.0401556491851807 0.191048156856249 -0.12730775656251403 -0.9732899551936463 -0.429279088973999
0.9801952544886624 0.0738741192491641 0.18373861211804748 4.457205772399902 0.04784231985601044 -0.9886696054855185 0.1422797372077422 -1.0516080856323242 0.19216757142843122 -0.1306714417700718 -0.972623564796283 -0.42444607615470886
0.9800332649920166 0.07357985827942562 0.18471817442977195 4.552025318145752 0.04690645524712622 -0.988344398351329 0.14482794862766973 -1.0688538551330566 0.19322159290627267 -0.13327173257345026 -0.9720617579822971 -0.41508468985557556
0.9800449989085801 0.07327320317364142 0.1847778065974257 4.6443915367126465 0.04623702618029429 -0.9881150118722933 0.14659761499635923 -1.0833321809768677 0.19332340138815107 -0.13512868314792478 -0.9717851107453869 -0.40804189443588257
0.9804902077237313 0.0737477225110277 0.1822092917013595 4.742342472076416 0.047001327480925975 -0.9880229746981154 0.14697440826116062 -1.089634656906128 0.1908659942810804 -0.13554288949673468 -0.9722130925542872 -0.4039742648601532
0.9808487074267424 0.07338903674593701 0.18041580425448409 4.821475028991699 0.04683675117652223 -0.9879884914397606 0.14725847860756552 -1.0964560508728027 0.18905589617496024 -0.13598819826767983 -0.9725045388343404 -0.3943673074245453
0.98143658706083 0.07167160963333714 0.17789155671632303 4.898934364318848 0.04556784660543482 -0.9881291002751579 0.14671214177821407 -1.108621597290039 0.18629491923864647 -0.1358825285383436 -0.9730519726632759 -0.3796176314353943
0.9823476581300127 0.06974523236830424 0.1735761536858418 4.978209972381592 0.044415118938659987 -0.9883230930768284 0.14575582630109643 -1.119940996170044 0.18171509506957426 -0.1354734891148152 -0.9739746187508757 -0.3759065568447113
0.9832066766977585 0.06765104755129389 0.1694932643563206 5.044500350952148 0.043284959865633965 -0.9886980377873105 0.14353606628632523 -1.1277433633804321 0.17728802313292194 -0.1337891095744884 -0.9750227848685824 -0.3672199547290802
0.9840189667731162 0.06472130811326579 0.16588497613369593 5.102201461791992 0.04151718674832588 -0.9893211371205487 0.13971403240551555 -1.1362544298171997 0.17315598815886726 -0.13059418027849684 -0.9761978097917009 -0.35931891202926636
0.9849670782905493 0.062162576919131046 0.1611696891929485 5.158719539642334 0.04052288178182038 -0.9901205238444981 0.13423577881471485 -1.136529564857483 0.16792185901744633 -0.12568676259920755 -0.9777551262823709 -0.3492673635482788
0.9860629861115854 0.05809271526739071 0.1559006858662436 5.2085771560668945 0.038037236447921466 -0.9909572637285023 0.12867350196184205 -1.1423585414886475 0.1619659101913369 -0.12095014632724146 -0.9793559649276206 -0.34673312306404114
0.9872566656535473 0.054246712726386544 0.14960471343183296 5.2570295333862305 0.036143598387624036 -0.991972983099485 0.12117442426643817 -1.1404905319213867 0.15497714805168572 -0.11422300538459627 -0.9812926111118316 -0.3390394151210785
0.9885465653759387 0.048824607060775446 0.1428000204089479 5.300745964050293 0.032735995510687205 -0.9930646970007229 0.11291971558938198 -1.1440354585647583 0.14732291974217498 -0.10695169618207802 -0.9832890175337143 -0.3346930146217346
0.9899293308336797 0.043032587845054676 0.1348633246607131 5.341320037841797 0.029070800880146175 -0.9941695049494544 0.10383585105705948 -1.1474976539611816 0.13854533009585762 -0.09886956969621441 -0.9854085445624648 -0.331392765045166
0.9911509138817742 0.03579565361313034 0.1278222871557688 5.369176387786865 0.023840245484415514 -0.9952994011640861 0.0938655673697974 -1.1549499034881592 0.13058142519732976 -0.089987628176433 -0.9873452882191791 -0.3270833492279053
0.9923276947713372 0.02930575891285571 0.12011210881649358 5.407456398010254 0.019373366044930514 -0.9963577560502225 0.08304152362917194 -1.1550884246826172 0.12210822608609441 -0.08007742786270527 -0.9892811464235031 -0.32343363761901855
0.9933494712218254 0.02155101834105099 0.11310341122965184 5.449729919433594 0.013367940398378375 -0.9972703575302815 0.07261633535871931 -1.1628791093826294 0.11435963533006502 -0.07062143867047929 -0.9909260750466133 -0.3116934895515442
0.9943209378847585 0.014177463374224705 0.10547450884572558 5.5052900314331055 0.007628244145234525 -0.9980321144743135 0.06223912249696283 -1.1690293550491333 0.10614933996608374 -0.061081077349730555 -0.9924723772551866 -0.30091041326522827
0.9951128146540711 0.006561232508780584 0.09852632307773236 5.564742565155029 0.0014343723700932336 -0.9986452025110701 0.05201636355539767 -1.1789186000823975 0.09873413131818139 -0.051620826510131654 -0.9937740495622003 -0.2903400659561157
0.9958147032598439 -4.147459682067199e-05 0.09139515879611787 5.635530471801758 -0.0038846113897860394 -0.9991154236149442 0.04187218753637531 -1.182936191558838 0.09131257616484231 -0.042051974681206805 -0.9949339902021397 -0.2814560532569885
0.9963660200683709 -0.00612482990456342 0.08495434368974272 5.712837219238281 -0.008832780094111852 -0.9994635810418352 0.031536204065169604 -1.1843655109405518 0.08471561868347433 -0.032171985168328116 -0.9958856497215959 -0.27066755294799805
0.996826780392271 -0.012245262706808938 0.07865382021249744 5.8017897605896 -0.014081591380024447 -0.9996400732984285 0.02283489960823225 -1.1907172203063965 0.07834589125783596 -0.02387001041376519 -0.9966404286029449 -0.26165342330932617
0.997158292298501 -0.017916319476454435 0.0731733940497133 5.895275592803955 -0.019075421997177124 -0.9997029186615403 0.015172432080163363 -1.194819688796997 0.07287982145948636 -0.016525129833534706 -0.9972038165330184 -0.24864114820957184
0.9974205979799013 -0.02281131559213963 0.06805728914945017 6.001785755157471 -0.023427471633134005 -0.9996913406821517 0.008269034889299566 -1.2002582550048828 0.06784765506850449 -0.009842115934978583 -0.9976471462674705 -0.23573151230812073
0.9975025575409776 -0.028124770947223925 0.06478923489573293 6.110385894775391 -0.028406930987257877 -0.9995905301122628 0.003437787336379195 -1.2099473476409912 0.06466601867359267 -0.005269664984720558 -0.9978930487080543 -0.21622234582901
0.9975431175030649 -0.031057515931780265 0.06279458118670699 6.226171970367432 -0.031096925709845583 -0.9995163124263624 -0.0003498642634484853 -1.2078479528427124 0.0627750741430312 -0.001603713738080578 -0.9980264115586237 -0.19682401418685913
0.9974020299733437 -0.03504865375868049 0.06293474775319 6.3441338539123535 -0.035056222136386136 -0.9993848570205877 -0.0009843004948222995 -1.2182694673538208 0.06293053229218606 -0.0012245111856937292 -0.9980171585086994 -0.17636990547180176
0.9972332577380011 -0.03567968362431735 0.06521341762031961 6.468624114990234 -0.03571424375277428 -0.9993618404573391 -0.0006361060349073849 -1.2153441905975342 0.06519449711763269 -0.0016947017993860652 -0.9978711367362975 -0.16095004975795746
0.9969471423030751 -0.03682436600996994 0.06885028338137637 6.603864669799805 -0.037023814907256716 -0.9993130662130467 0.0016225984075360306 -1.2183085680007935 0.06874323663783409 -0.0041667449937228184 -0.9976256841384508 -0.14247535169124603
0.9965900499364256 -0.036408577994548365 0.07404517415826384 6.749724864959717 -0.03695290391907113 -0.9992990307056292 0.005994174066386665 -1.2144246101379395 0.0737750314107736 -0.008709918438489126 -0.9972368735968072 -0.11764609813690186
0.996200994665593 -0.034995847191256924 0.07974251630497456 6.917087554931641 -0.03615261345007041 -0.9992603036823164 0.013108547801121981 -1.2172417640686035 0.07922478632355359 -0.015941648725608874 -0.9967292997940296 -0.09835396707057953
0.9955412245825092 -0.03223115569513616 0.08865000146257115 7.082328796386719 -0.03445358894674646 -0.9991263256293518 0.023654505766960324 -1.2173011302947998 0.087810138170069 -0.02660334634865361 -0.9957819247192664 -0.07553692162036896
0.9945423403334616 -0.027211117381316485 0.10072282946234731 7.252764701843262 -0.031006991528551346 -0.9988592647388718 0.036314401023133436 -1.2108604907989502 0.09961977595030633 -0.039239321301225705 -0.994251565703283 -0.0497344508767128
0.9932101803859492 -0.02086725266644664 0.11444691059117867 7.427793502807617 -0.027024543149237242 -0.9982543799509298 0.05251539751691615 -1.2066330909729004 0.11315127770063219 -0.05525170291438431 -0.9920403407522171 -0.024559322744607925
0.9915291672550901 -0.014219319921736976 0.12910352986417817 7.6208319664001465 -0.02348228136113235 -0.9972344837626019 0.07051217523813424 -1.2116649150848389 0.12774385677794475 -0.07294652380819822 -0.9891209793143585 -0.005221081897616386
0.9892939109669868 -0.0056355015786404075 0.14582797689607144 7.812253475189209 -0.01907724890316306 -0.9956734466829807 0.09094199329638945 -1.2098733186721802 0.14468454063213101 -0.09275035683160966 -0.9851211879812952 0.016699494794011116
0.9866692814545179 0.0046806088694622255 0.16267089762657755 8.018952369689941 -0.013751406053787966 -0.9936132853096089 0.11199793787293462 -1.200170874595642 0.1621561835563763 -0.11274187845187338 -0.9803033413069517 0.04287748783826828
0.9834466885003859 0.016109587884060823 0.18048017081062012 8.223142623901367 -0.008451702058930382 -0.9908776654428553 0.1344991481713695 -1.1923373937606812 0.18100049615935304 -0.13379810650649226 -0.9743392053516811 0.0632084384560585
0.9798063505020862 0.028479245593168754 0.19791020207717316 8.444188117980957 -0.0032053158185983872 -0.9874401130362076 0.15796122662712253 -1.1823673248291016 0.19992308887741453 -0.15540577768373381 -0.9674088085169721 0.08250527083873749
0.9760193630796965 0.04107207000385284 0.21377391786441802 8.671995162963867 0.0016074472706075066 -0.9833721314785668 0.18159478831886364 -1.1728523969650269 0.217677787123024 -0.17689639933277132 -0.95985626262286 0.09880134463310242
0.9719235053157855 0.05549946528369211 0.2286580616726653 8.915982246398926 0.00777920609196291 -0.9788326185556613 0.20451451978782867 -1.155342936515808 0.23516841575189243 -0.1969936907738206 -0.9517821715224832 0.10531598329544067
0.9671858451969596 0.06938072210732629 0.24441328984019933 9.149564743041992 0.012524602067316728 -0.9738423909021378 0.22687911324109078 -1.1402281522750854 0.2537610592539736 -0.21637308770240882 -0.9427555418688492 0.09874210506677628
0.9625115628827559 0.08428579417107945 0.2578127153922875 9.40330696105957 0.018137814046702554 -0.96836716034217 0.2488695691972986 -1.1228795051574707 0.27063353638934223 -0.23486367891138935 -0.9335933490067321 0.09482508897781372
0.9579426090736768 0.09822040151842706 0.26962698389937934 9.666707038879395 0.02334169069147731 -0.9631552378461524 0.2679312473101731 -1.1034523248672485 0.2860089564974856 -0.2503692084404165 -0.9249400717171566 0.08458449691534042
0.953268839756558 0.11241602695546919 0.2804303051254138 9.921833038330078 0.02855848500071982 -0.9575701495244545 0.28678183637423244 -1.0758172273635864 0.3007705638583156 -0.2653715237610483 -0.916032216842339 0.066780224442482
0.9489278800691483 0.12607536424979165 0.2892073321282763 10.176899909973145 0.03419735823089064 -0.9523858641498788 0.30297146145720893 -1.0497697591781616 0.3136342122879787 -0.27760793990225 -0.9080569434709083 0.05745594948530197
0.945393322483549 0.1394157077215263 0.29460944697008895 10.437929153442383 0.040690628066595874 -0.9473129597243112 0.31771438293837306 -1.020626425743103 0.3233817227226389 -0.28837721265535377 -0.9012562591350292 0.039656031876802444
0.9423528208791948 0.15158571423730868 0.29831683194246517 10.69762134552002 0.047461751655236965 -0.943042994999551 0.32926781153354995 -0.9891926646232605 0.33123789504046885 -0.2961278116311295 -0.8958737500718043 0.021585211157798767
0.9403090707994773 0.16258342337149356 0.2989740487350519 10.957841873168945 0.05482476019648181 -0.939397385926137 0.33841808016791686 -0.9586406946182251 0.33587660984596973 -0.3018264099775665 -0.892237480269929 0.010102329775691032
0.9394549927721851 0.17236515388423107 0.29616645705055644 11.221796035766602 0.06333181625209924 -0.9367308115542605 0.34427382667740897 -0.9271755218505859 0.33676905678168245 -0.3046730057149167 -0.8909326360522518 0.00567851634696126
0.9398411056287981 0.17975225403483416 0.29049582327433815 11.484814643859863 0.07209049187985098 -0.9355788630917632 0.34568070804782464 -0.9001445174217224 0.33391863851986486 -0.30394295205732386 -0.8922539015009794 0.012803878635168076
0.9416471936213372 0.18500225172562026 0.2812022930232088 11.751049041748047 0.08145138735597271 -0.9358249006540557 0.34292481218718285 -0.8794119358062744 0.3265979703593512 -0.30000987012476366 -0.8962855814888887 0.03237634152173996
0.9446986019621681 0.18799786997082635 0.26870309327798414 12.015040397644043 0.09124257040732553 -0.9376938428348758 0.33526862432238913 -0.8608617782592773 0.31499102335810936 -0.29221063977205775 -0.9029914712818807 0.05919507145881653
0.948660190645022 0.19024700547242548 0.2526854162671943 12.275768280029297 0.10247009436150548 -0.9406576003870657 0.3235168598320517 -0.842086911201477 0.29923857112159613 -0.2810148674764773 -0.911859047117636 0.09771770238876343
0.9534754704328637 0.19095813044959103 0.2332799170482234 12.53830623626709 0.1137369080347173 -0.9444789304730196 0.3082587640980272 -0.8308930397033691 0.2791924838414016 -0.26738463364175946 -0.9222564798681171 0.1484999656677246
0.9588792512893162 0.1897287707989866 0.21107717777615465 12.801179885864258 0.12455358384725464 -0.9495809602863049 0.2877193156750938 -0.820585310459137 0.2550235012653651 -0.24959766303562414 -0.9341648785998699 0.20548273622989655
0.9646401234944157 0.18671376150690822 0.18603065179862058 13.062358856201172 0.134076333080417 -0.9552819176436096 0.26355264128985073 -0.8147124648094177 0.22692062280098582 -0.22929114480740215 -0.9465371634862116 0.2724571228027344
0.9701814178398751 0.18233754274940817 0.1596904411112875 13.320014953613281 0.14208478103945404 -0.9616115932203435 0.23476596597719085 -0.8136131763458252 0.1963668288565567 -0.2050759963729078 -0.9588450887585958 0.34698057174682617
0.9750539675704285 0.17789383514742535 0.1327536957741902 13.572944641113281 0.1487923694013944 -0.967637957224818 0.20380778823612222 -0.8133996725082397 0.16471366407522045 -0.1789708556003511 -0.96996847459729 0.4280942678451538
0.979223429224141 0.1748611540628224 0.10268910584055144 13.829249382019043 0.155991594364111 -0.9731037994369401 0.16951583409562196 -0.8110113143920898 0.12956889343610506 -0.1499752390270129 -0.9801629096902892 0.514224112033844
0.9824175947418909 0.17249450960483434 0.07142348141714507 14.080008506774902 0.161834660716183 -0.9775561316778201 0.134883475674281 -0.8115587830543518 0.0930871211953377 -0.12095310486004124 -0.9882839340454141 0.6121485829353333
0.9843992336187138 0.17114967145259966 0.04081591371703192 14.319263458251953 0.16654313308568805 -0.9811883073111326 0.09763652194705179 -0.825645923614502 0.05675855594438425 -0.0893157072276849 -0.9943848202630242 0.7321600914001465
0.9855197994075864 0.16944001341415146 0.006388022373371876 14.51999282836914 0.16875124118081172 -0.98379669502132 0.06055643207012357 -0.8809503316879272 0.01654519796092039 -0.058601576082390014 -0.9981443341045892 0.9083566069602966
0.9848032116207059 0.17104360274097302 -0.03011179740452341 14.622299194335938 0.17168147975058684 -0.9849487661178569 0.02003491037065328 -0.9385944604873657 -0.0262317344487872 -0.024900082013910797 -0.9993457269751589 1.1507792472839355
0.9828982174091753 0.1725519424142994 -0.0643189037757818 14.679065704345703 0.1717732301126662 -0.9849812766660332 -0.017488339944442727 -0.9786109924316406 -0.06637056298184447 0.006140992297966626 -0.9977761455271766 1.4122357368469238
0.9802177712292871 0.17329091700733604 -0.09562101782058924 14.728008270263672 0.16853998120601607 -0.9841160165589461 -0.055766842184472434 -1.010554552078247 -0.1037660623776609 0.038547685208176724 -0.9938544562780441 1.6753971576690674
0.9764550008667945 0.17651958650843114 -0.12400188249023032 14.770614624023438 0.16555630015023381 -0.9817261597212303 -0.09383420911145007 -1.0311394929885864 -0.1382994676880359 0.07109558986250936 -0.9878353477879336 1.940694808959961
0.9737214570592578 0.1709851132624113 -0.15043475364767558 14.8117094039917 0.1518434790243717 -0.9797224443897778 -0.13071912574942685 -1.0560933351516724 -0.16973532908670383 0.10444148123020687 -0.9799397405240127 2.192826509475708
0.9684781428455761 0.1755135463371664 -0.17676278421244376 14.863862037658691 0.14659811303434658 -0.9753033839229254 -0.16520382127317687 -1.0512776374816895 -0.20139285013414096 0.13408319939739718 -0.9702899646776756 2.454331159591675
0.9627596511511735 0.18083164696718315 -0.20098201305193183 14.914196014404297 0.14090402230892005 -0.9700564395944126 -0.1978296249265489 -1.0301928520202637 -0.2307377528980427 0.16214320663089063 -0.9594111057992888 2.7186248302459717
0.9571587662374172 0.18648253187663563 -0.22152056680982285 14.947708129882812 0.13505675251500485 -0.9642148290115118 -0.22814345731228408 -0.9955310821533203 -0.2561381849997504 0.18845166175754685 -0.948092401280515 2.98451566696167
0.9517988477276035 0.1924970248317891 -0.23879666851804207 14.979079246520996 0.12948277237541023 -0.9579361576817341 -0.25611038531057906 -0.945243239402771 -0.2780524503081816 0.2128455149559538 -0.9366875795273207 3.2563223838806152
0.9464669264933355 0.19884084870470037 -0.25428856431356345 15.038517951965332 0.12424814071126676 -0.9514692156941452 -0.2815470318013691 -0.8745557069778442 -0.29793079160109 0.2348800725322656 -0.9252397499800716 3.5170185565948486
0.9416536168208777 0.2052403956747057 -0.26676740039114666 15.083582878112793 0.11999434714812468 -0.9452015557089705 -0.30363691432010953 -0.7876623868942261 -0.3144675222986556 0.253910218519524 -0.9146801508454813 3.7877094745635986
0.9377896933717138 0.21118147269372634 -0.27559549451450766 15.118545532226562 0.11660866997751218 -0.939219953357957 -0.3229060193002799 -0.6830340027809143 -0.3270365562010809 0.2706811127603587 -0.9054163827228616 4.058035373687744
0.9349596984863329 0.21639544055449064 -0.2811109665480405 15.15190601348877 0.11369149266365028 -0.9333896779087139 -0.340379132247232 -0.5704699158668518 -0.33604256680107775 0.2862808454659434 -0.8972840524700347 4.320810794830322
0.932472471312729 0.22222583340977264 -0.28479952459451885 15.208051681518555 0.11278331414665155 -0.9280765856768505 -0.35489966915805576 -0.44975659251213074 -0.3431836451435728 0.2988135373167215 -0.8904692333945281 4.566715240478516
0.9307327706272921 0.22675902739351672 -0.28690913749128205 15.269038200378418 0.1117721040737914 -0.9233948478924132 -0.3672178531017591 -0.33151373267173767 -0.3482003825835959 0.30971325186580884 -0.8847791787713724 4.82285213470459
0.9291329035773759 0.2324542779223664 -0.28753618235878786 15.34892749786377 0.11269145778327204 -0.9186924111393298 -0.37855632217370977 -0.2102663367986679 -0.35215434518482924 0.3193262632333829 -0.8797829589034152 5.094878673553467
0.9285582177957641 0.23600859789933615 -0.2864953365790505 15.437887191772461 0.11325967858370845 -0.9151751589204971 -0.38681607218671504 -0.12488694489002228 -0.35348533402542887 0.32673287286777913 -0.8765236724792425 5.3405632972717285
0.927861865841012 0.24173775059135505 -0.28396340936301495 15.54080581665039 0.11663223395212109 -0.9113603072515211 -0.39473955004502714 -0.04740557074546814 -0.3542164309025953 0.3331444886313514 -0.873810889021865 5.58784294128418
0.9282523674187269 0.24562498518049808 -0.279313281167597 15.630367279052734 0.11996336960217041 -0.9085157469411564 -0.4002598250057646 -0.014047835022211075 -0.3520743278559544 0.33803476776070296 -0.8727978938160572 5.8490753173828125
0.9287918571071925 0.25026946132368943 -0.2733329158738911 15.729622840881348 0.12467456897755227 -0.9055540241756908 -0.4054974243438234 0.007930677384138107 -0.3490013438679497 0.342545042334528 -0.872273441043806 6.091407775878906
0.9295255962626032 0.25371488699316697 -0.26760217116214935 15.845491409301758 0.12942346609074695 -0.9039818297509041 -0.40751247576640437 0.015790069475769997 -0.3452994820698534 0.344159276496002 -0.8731109093832461 6.316142559051514
0.93040706446273 0.2569512821469063 -0.26137852436821646 15.95077896118164 0.13481907465498857 -0.9030434345331819 -0.4078435637051141 0.009694866836071014 -0.3408320869680817 0.3442217220768843 -0.8748399250968182 6.52665901184082
0.9312884050203247 0.2597605940327192 -0.25539448009396876 16.06804656982422 0.13964975736693602 -0.9021038675289499 -0.40829714358132224 -0.0003151288256049156 -0.33645185679686135 0.3445766184422266 -0.8763943758838624 6.726572036743164
0.9323894376212645 0.2621895846097656 -0.24881028582930625 16.17223358154297 0.1443458164236013 -0.9011753669074098 -0.408714134035391 -0.015919547528028488 -0.3313822896494418 0.3451660177384995 -0.878092363197198 6.9190497398376465
0.9327864613747099 0.2658708748823927 -0.2433559026720295 16.298419952392578 0.14966955188361455 -0.8999414014002802 -0.4095173980243796 -0.014574081636965275 -0.3278848009819992 0.34556931567338445 -0.8792459299593167 7.09745979309082
0.933972508186792 0.26764453144144723 -0.23677364452311994 16.38594627380371 0.15424203481492624 -0.8996295891067685 -0.4085045863876416 -0.033145394176244736 -0.322342595149049 0.34501160443248163 -0.8815113409137181 7.277029514312744
0.9348462014449798 0.2690249390877729 -0.2317070602996643 16.492130279541016 0.15760741228730502 -0.8992081424589021 -0.40814779201621365 -0.04367116093635559 -0.31815481017264485 0.3450366628119844 -0.8830216407764747 7.4404168128967285
0.9355238443904748 0.2699197378688423 -0.2279001353349372 16.591567993164062 0.15991887005826716 -0.8988271605334022 -0.40808784653153946 -0.05489956960082054 -0.31499379609153305 0.3453303789073265 -0.8840395001511916 7.588509559631348
0.9364592153822716 0.27019165415963686 -0.2236975814533979 16.665578842163086 0.16200575679451176 -0.898774964263143 -0.4073790598192596 -0.07043682783842087 -0.31112420781909256 0.3452535787450516 -0.8854387012507848 7.735665798187256
0.936856605527417 0.2700521855621188 -0.2221970246262736 16.752174377441406 0.16357056758529276 -0.8999616718513264 -0.4041208465526008 -0.08245253562927246 -0.309102523605795 0.34225839109025286 -0.8873076262654573 7.875165939331055
0.9369273764972698 0.26996297888807297 -0.22200693953077505 16.82709503173828 0.16501391920527492 -0.9015728531054062 -0.3999209884613369 -0.08206447213888168 -0.3081192912468454 0.3380626873425336 -0.8892559371678584 7.998709201812744
0.9367777424302086 0.27032781054783606 -0.22219436566163234 16.891357421875 0.16654983222763362 -0.9028883468878963 -0.39630012167420414 -0.07824212312698364 -0.3077476477120646 0.33423869898390757 -0.8908287587573922 8.132034301757812
0.9365853828083397 0.26989519211742236 -0.2235271929355695 16.956308364868164 0.16701002405124674 -0.9045175287369471 -0.3923718798206721 -0.07398141175508499 -0.30808354804526256 0.33015848539679493 -0.8922330984357936 8.256452560424805
0.9366930962493308 0.2688760482735364 -0.22430272870308315 16.996374130249023 0.16733208718153617 -0.9064361454463824 -0.38778020427527726 -0.0716656893491745 -0.30758090974296953 0.3256979964524067 -0.8940440699812148 8.362397193908691
0.9366551765240634 0.26853246822954585 -0.22487194977858818 17.02785301208496 0.16836572528511087 -0.9081819471455645 -0.3832212591025055 -0.06097155064344406 -0.3071319957931679 0.32108544717168197 -0.8958649857956646 8.475935935974121
0.936751731761279 0.267881709131481 -0.2252456058506838 17.052648544311523 0.16931443157438097 -0.9100986534632851 -0.37822356381505307 -0.051351070404052734 -0.3063148972918054 0.3161642466774379 -0.8978927290161107 8.572011947631836
0.9367305522413163 0.2674124291504378 -0.22589038322500696 17.080392837524414 0.17037208160016268 -0.9120001141038809 -0.37313421939797425 -0.03930741548538208 -0.30579278328454046 0.311040808593294 -0.899857982728788 8.656828880310059
0.9371978851200249 0.2664411852955219 -0.22509824278494542 17.081222534179688 0.17176865566427993 -0.9142308406001443 -0.3669843307647343 -0.034013859927654266 -0.3035714957927357 0.30527211610933486 -0.9025814545337667 8.739529609680176
0.9376102762746994 0.2659263865141753 -0.223986889749368 17.086374282836914 0.17357744492340196 -0.916206031734434 -0.3611611524337921 -0.021199237555265427 -0.30126041963382016 0.2997493358941016 -0.9052030132479121 8.82007122039795
0.9380172015594863 0.2654196537053152 -0.22288144159050255 17.09434700012207 0.17560043945168027 -0.9183733094074085 -0.35461944423911823 -0.00873167160898447 -0.29881133720608194 0.2935010596148417 -0.9080577695070278 8.893800735473633
0.9385244819529885 0.26467081586976854 -0.2216329307700143 17.112274169921875 0.17776776101241676 -0.9208873491760268 -0.34693675687678743 -0.0033941268920898438 -0.2959229966047031 0.28620945014863136 -0.9113252606649898 8.94504451751709
0.9392077743242705 0.26514325782413517 -0.21814630292364426 17.113019943237305 0.1821626228653374 -0.9233513776577126 -0.33799262152956117 0.010561829432845116 -0.2910421541283514 0.27770719509585723 -0.9155179836094541 8.987896919250488
0.9406463895786046 0.26445130252718996 -0.21272018795687575 17.105390548706055 0.1862074540469355 -0.9261528176756852 -0.32797521608918445 0.008643543347716331 -0.2837448745441833 0.26889861826171857 -0.9204251079076691 9.0165433883667
0.942108416003138 0.26456837437220315 -0.20599831984292477 17.09746742248535 0.19145023447274534 -0.9287981717999966 -0.3173023223698728 0.009952343069016933 -0.27527902247790154 0.25949476168707847 -0.9256802517287367 9.041668891906738
0.9437781694967371 0.26514058286375625 -0.19744173343053875 17.096099853515625 0.19760152560017136 -0.9312804725295138 -0.3060560709505537 0.01057856809347868 -0.26502151584705935 0.24983425066206025 -0.9313143633243577 9.057987213134766
0.9458175866855876 0.2661613767951302 -0.1859763808088854 17.07667350769043 0.2050110828351286 -0.9336796864625176 -0.2936199908078856 0.01081790216267109 -0.2517926699310742 0.23958373189717097 -0.9376566998529929 9.066838264465332
0.9477831899124398 0.2680787839570413 -0.17274487115834689 17.065980911254883 0.21371175059930256 -0.9359375308285836 -0.2799075312353631 0.011103827506303787 -0.23671567876923869 0.22837404401246705 -0.944357444745479 9.075580596923828
0.949751167548442 0.2706198146711125 -0.1572820258254083 17.055696487426758 0.22350560166914163 -0.9381280358252182 -0.26450148283371444 0.011607911437749863 -0.21913002022289574 0.21605717832576507 -0.9514732418365859 9.082423210144043
0.9515733954399023 0.27386840394609413 -0.13965733210610382 17.055620193481445 0.2341153875709837 -0.9400011149203057 -0.2481690739215311 0.013358978554606438 -0.19924371607020297 0.20345515788153734 -0.9585968601752956 9.083494186401367
0.9530480515009754 0.2784236805250573 -0.11907840128703087 17.052610397338867 0.24625778609584859 -0.9414433808994098 -0.23030732369566598 0.013252540491521358 -0.17622858541498201 0.1901699626217816 -0.9658047789274313 9.08842658996582
0.9541452419680002 0.28350693593917914 -0.09607639930911585 17.045927047729492 0.25882665748059813 -0.9425931426998341 -0.2110140486144742 0.011369748041033745 -0.15038490152687423 0.17647091717795516 -0.9727499148204145 9.089237213134766
0.9544592374028671 0.2897631700442612 -0.07102724422527965 17.049518585205078 0.2721776323238887 -0.9432141142154566 -0.19043757824366828 0.011545133776962757 -0.12217569561454944 0.1624328785395733 -0.9791264777190172 9.098525047302246
0.9538828427697696 0.29694887689926197 -0.043919093544037204 17.051767349243164 0.2859411774560966 -0.9433862703740912 -0.16810707273842843 0.012973582372069359 -0.09135187630521896 0.1477961751126501 -0.9847898889192492 9.108036041259766
0.9522629180656468 0.30490179048846505 -0.015173431847396425 17.046619415283203 0.2996110099758115 -0.9429605545171744 -0.14511593753250307 0.013350678607821465 -0.058554056890821916 0.1336423988919359 -0.989298302657007 9.110084533691406
0.9497206430768806 0.31269225767260983 0.01594528473381854 17.02920150756836 0.3122588971933565 -0.9422174395166388 -0.1213288003497034 0.00893479585647583 -0.02291465114779583 0.12020752331828301 -0.992484292117744 9.117233276367188
0.9458634611054842 0.32111041616063907 0.04722725461738178 17.020944595336914 0.32429138108338773 -0.9409796451325959 -0.09691443443142246 0.008409389294683933 0.013319650918203623 0.10698321400703333 -0.9941716043119228 9.1255464553833
0.9406653214332955 0.3302209410714413 0.07812095193151777 17.02547264099121 0.33573502727277116 -0.9391335657920455 -0.07287068728143922 0.013550136238336563 0.04930258121991571 0.09477486840196314 -0.994277114191232 9.136601448059082
0.9339557392380503 0.3401789834552128 0.10956704048063538 17.022531509399414 0.3468323900539222 -0.9366858734115394 -0.04823761769351836 0.024011706933379173 0.08622047525843916 0.08305319841306599 -0.992808237213798 9.148991584777832
0.9263690981292722 0.3493007765562657 0.1408164107210125 17.017650604248047 0.35596051743654045 -0.9341815497564067 -0.02443239900273272 0.02499355934560299 0.12301383685370307 0.07275850185310405 -0.9897342049008019 9.149044036865234
0.9179216313386563 0.35750669799028145 0.17207219302567656 17.00571060180664 0.3631911328638052 -0.9317131603938812 -0.0016696580343454302 0.019147243350744247 0.1597250128492273 0.06402770994601888 -0.9850829267779352 9.148541450500488
0.9084664712965066 0.36583869477883046 0.20211561031398598 16.99974822998047 0.369512210133342 -0.9289964291332907 0.020648516168659866 0.016990315169095993 0.1953187064580508 0.05592570124831896 -0.9791439724817989 9.151322364807129
0.898493796628565 0.37306269019176846 0.23137226844820385 16.997419357299805 0.37387265823539967 -0.9265261550494518 0.04205376835998873 0.019259879365563393 0.23006115022746276 0.04871871505037997 -0.9719559423964942 9.167906761169434
0.8878903949225921 0.3799133907818851 0.25945416186450726 16.984560012817383 0.37745430979032984 -0.9239979252478686 0.061286851431113704 0.018488779664039612 0.26301880279726947 0.043516084868062355 -0.9638088294536663 9.17202377319336
0.8774841420286342 0.3855027644722606 0.28532297326453887 16.990259170532227 0.3793285320483418 -0.9218851325138632 0.07897890366387386 0.020859016105532646 0.2934815927146405 0.038928409088249266 -0.9551717823007212 9.189209938049316
0.8671129948356202 0.39014668617091236 0.30967824827885027 16.986454010009766 0.3803997269548394 -0.920036029593507 0.09396675998723858 0.020728230476379395 0.3215759660171843 0.03632172242159324 -0.9461868898692496 9.200393676757812
0.8571737476839758 0.39376340158142614 0.3319692001623528 16.99346160888672 0.3805820450870517 -0.9185543826120488 0.10684172004210377 0.02681788057088852 0.34700212281593484 0.0347595995262088 -0.9372199832494035 9.221506118774414
0.8483295938438943 0.3951073140651005 0.35245866506714707 16.99270248413086 0.3792315365454599 -0.9179670700929395 0.11627510444783004 0.029117684811353683 0.3694865923115789 0.03502382899179177 -0.9285757855472706 9.23088264465332
0.8408598740588246 0.3952662434899286 0.36975568819848864 17.005538940429688 0.37748518831912 -0.917846072562465 0.12273353120209962 0.04046497866511345 0.38789122804912207 0.03637559400228 -0.9209870853402479 9.241983413696289
0.8350036976327423 0.3924488716763731 0.3856847262461781 17.002887725830078 0.37398122627738395 -0.9189230404048122 0.1253733951252809 0.03880155831575394 0.4036172287349883 0.03955159836362245 -0.9140726468586459 9.253332138061523
0.8311257602329398 0.38782729449040315 0.3985222206169589 17.019365310668945 0.3696803021496216 -0.9207090718555593 0.1250251142988444 0.04495561495423317 0.41541117567993086 0.043414221761178304 -0.9085971387083986 9.27719497680664
0.8287215249777328 0.3807568277936338 0.4101766352769377 17.010177612304688 0.36455461588799826 -0.9233432761305341 0.12057000646631047 0.04412151873111725 0.42464169139797714 0.04961282609427967 -0.904001106975873 9.282870292663574
0.8278628130356089 0.3723316892146375 0.41953816989559195 17.007505416870117 0.3587282877940063 -0.9264166222990571 0.11430773142874667 0.049940820783376694 0.43122752501336065 0.05586908925855547 -0.900511780342862 9.295656204223633
0.8283998047597917 0.36203709928864725 0.4274142045049522 16.9989013671875 0.35222970397031306 -0.9299975397667549 0.10506574926572773 0.04904848709702492 0.43553185774972264 0.06351153254681607 -0.8979300006785774 9.31261157989502
0.8301893439045968 0.35073130249056284 0.4333280590044086 17.00214195251465 0.3460904876135936 -0.9336195295589796 0.09260641667538078 0.053334638476371765 0.43704350773194184 0.07308985893639774 -0.8964657522013976 9.339914321899414
0.8332691741547057 0.3379237067921306 0.43757291025770917 17.00198745727539 0.33916972410257684 -0.937477299531846 0.07810384827048875 0.052312836050987244 0.4366078121789817 0.08332995410021424 -0.8957844255700919 9.3609619140625
0.8375424519284627 0.3250400182908939 0.4391715242671299 17.020851135253906 0.3328433745104541 -0.9409638737016675 0.061662601573774053 0.05706546828150749 0.4332873518372681 0.0945302856115847 -0.8962846064950796 9.375290870666504
0.8418700838530115 0.31235444857743455 0.4401016477669795 17.04315757751465 0.3271480500598897 -0.9439414181445664 0.044144676386137505 0.06979019194841385 0.42921895957114437 0.10681431348425008 -0.8968621896253364 9.396479606628418
0.846791290946238 0.29949928846871504 0.439596048417564 17.059541702270508 0.3214031884302349 -0.9465908912047657 0.025800681290349403 0.08231755346059799 0.423844900930143 0.11943977936558958 -0.8978249490076652 9.413113594055176
0.851797828375945 0.28655405043913473 0.4385512920411368 17.07573699951172 0.3156269947338294 -0.9488578787026013 0.006951706214396364 0.0919986143708229 0.4181148882416362 0.13249717808665154 -0.8986792742851916 9.435540199279785
0.8561398082842662 0.27304797433944733 0.4387133829507648 17.06647491455078 0.30928953942388077 -0.9508953199632997 -0.01175037339225457 0.0916505977511406 0.41396208700066195 0.14574942257524806 -0.8985502191558568 9.46029281616211
0.8605281708324518 0.26026902383847783 0.43789416807479925 17.05945587158203 0.3033915062862257 -0.9523890893810788 -0.03014326361319164 0.09411105513572693 0.40920027018213184 0.15879249874614723 -0.8985210521878856 9.476743698120117
0.8641507120799774 0.2476929338615877 0.4380545141037901 17.049535751342773 0.2975301570703825 -0.9535158881746233 -0.047783434705272944 0.08860577642917633 0.4058563199524457 0.17162651751287944 -0.8976775512627346 9.499323844909668
0.8674245156794336 0.23902389935235288 0.43639693529709417 17.058792114257812 0.29517720223941946 -0.9532558608266455 -0.0646040484626148 0.10837726294994354 0.4005560246412589 0.18485356187546753 -0.8974319092753187 9.514862060546875
0.8699807739371817 0.23045332377358077 0.4359182475434718 17.058135986328125 0.29272371918802914 -0.9528032776891644 -0.0804906096977342 0.1162772998213768 0.3967950065265316 0.1976288936023634 -0.8963796869681484 9.531779289245605
0.8715531194379961 0.223141213827641 0.436581216601705 17.058469772338867 0.29124867392753406 -0.9519304509322976 -0.09488217178840888 0.12226953357458115 0.39442283140476386 0.20984855319815574 -0.8946475366239431 9.544730186462402
0.8716173855842395 0.21653583741300494 0.4397673979084211 17.04314613342285 0.2900717427422427 -0.951044981975042 -0.10663876557129792 0.11720263212919235 0.3951474626133554 0.22051229756170232 -0.8917582684866376 9.565475463867188
0.870744559494807 0.21348867393217696 0.4429746022210244 17.05424690246582 0.29211352337945873 -0.9492340690835209 -0.11672348328412449 0.12485563009977341 0.39556744250384485 0.23103520985733214 -0.8889033300855304 9.592100143432617
0.8678397581941352 0.21270519247769104 0.4490107517538677 17.049264907836914 0.29619845329446703 -0.947063368432237 -0.12384446874911317 0.13217510282993317 0.39889927345573145 0.240473443994993 -0.8849021936743499 9.616275787353516
0.863203760712594 0.21475699813727492 0.45690119199089546 17.049226760864258 0.3029250453629543 -0.9443188777971521 -0.1284456068839238 0.14036357402801514 0.40387582792671156 0.2492815452194444 -0.8801948800291441 9.638970375061035
0.8552203046641192 0.22207480863941848 0.46827450267762444 17.02545928955078 0.3135184501518506 -0.941151547466449 -0.1262534994203709 0.1670122742652893 0.41267955111029236 0.2547872525643182 -0.8745164629817633 9.664274215698242
0.8461584400795535 0.2292943701688998 0.4810820991171715 17.014644622802734 0.32358345058391474 -0.9383120098647489 -0.1219193284585446 0.17907072603702545 0.4234496957022683 0.25883327443051607 -0.8681564900737847 9.692358016967773
0.8351434173111639 0.23786458668388802 0.4959394226349972 17.001325607299805 0.3351489783211084 -0.9350059602330688 -0.11592677283075868 0.1806582808494568 0.43613144217328387 0.26302907202501447 -0.860584146041229 9.722111701965332
0.822436037905026 0.24946186407793056 0.5112413734488307 17.006040573120117 0.349281925119557 -0.9308075499427879 -0.1077007045208169 0.19034910202026367 0.4490001117370226 0.2671443118246546 -0.8526621935560841 9.757635116577148
0.8082725639290117 0.26252076343264846 0.5270467827113274 17.00948715209961 0.3644135302397202 -0.9261121278977925 -0.09756590356701339 0.19517427682876587 0.4624913419490643 0.27092282171748217 -0.8442171422654193 9.777544021606445
0.7926037325700389 0.2766507946177884 0.5433632863502917 17.004728317260742 0.3801540040704672 -0.9209505624391189 -0.08563290683062494 0.1980384886264801 0.47672031245294555 0.2744346905557269 -0.8351187606049507 9.794060707092285
0.775392672716967 0.2921595489940634 0.5598294392298641 17.013708114624023 0.39598373804259124 -0.9155343956110277 -0.0706657601598302 0.20864593982696533 0.4918974306729555 0.2764770666524361 -0.8255890922926544 9.819985389709473
0.7565566105536692 0.30691016814439265 0.5774324581430492 17.00929069519043 0.4108781341933564 -0.9100516990586136 -0.05463573814196013 0.20325300097465515 0.5087251260448318 0.2785893998882786 -0.8146083061205298 9.85274887084961
0.7362790647283463 0.3230035814842424 0.5946106500821393 17.0061092376709 0.4260613289106578 -0.9039566295141906 -0.03652609976754907 0.2060886174440384 0.5257041780789233 0.2802340063334517 -0.8031836769037745 9.890573501586914
0.7144473318354249 0.3409620508783027 0.6109909081926704 17.003286361694336 0.4414390220888596 -0.897156853028548 -0.01552967614420711 0.22288933396339417 0.5428596501955859 0.2808103647032536 -0.7914852741932424 9.943283081054688
0.6920565531297754 0.35855694712599984 0.6264939288914277 16.99496841430664 0.45609755789828654 -0.8899128514589135 0.005489488818176624 0.23788955807685852 0.559493293033396 0.2819433142955312 -0.7794069685181791 9.989938735961914
0.6698972019662419 0.377015101944818 0.6396071854688148 16.99991226196289 0.4704664991266052 -0.8820001882039734 0.027146661078513018 0.2620828449726105 0.5743683591540854 0.28272828106451275 -0.7682224333413792 10.031774520874023
0.647360573215145 0.39317129080742946 0.6529476428714467 16.970415115356445 0.48238443117029456 -0.8746217302142673 0.048395140267515374 0.27061495184898376 0.5901097769153378 0.28364267154612144 -0.7558553340865625 10.074342727661133
0.62519073988881 0.4103787114646616 0.6638718640926775 16.969812393188477 0.4939745566683275 -0.8666124754290286 0.07051208970879347 0.29258763790130615 0.6042563000264141 0.28385230421360974 -0.7445147367722232 10.13326358795166
0.6037906483193101 0.425863676039997 0.673852344680827 16.958045959472656 0.5037526162134539 -0.8589893742165202 0.09149074620535058 0.3097330927848816 0.6177945893743714 0.28421362460799054 -0.7331796921130183 10.186132431030273
0.5844401463303044 0.4394070765575173 0.6821665019836348 16.964704513549805 0.5126078341004787 -0.851626156565755 0.10938966071734632 0.32342106103897095 0.6290174272436563 0.2857521837610627 -0.7229680253645767 10.232114791870117
0.5657953552391014 0.4528733244269376 0.6890438070343229 16.95157241821289 0.519935660108759 -0.8445399137346213 0.12813759579603473 0.34211409091949463 0.6399550963443673 0.2857587901213411 -0.7133017513866481 10.297682762145996
0.5492485436708358 0.4652630690544896 0.6941587094097885 16.94236946105957 0.5262486173681548 -0.8378456938915441 0.14517915120809305 0.36876747012138367 0.6491443830101062 0.2855606236885508 -0.7050295739932008 10.362382888793945
0.5362739374328507 0.4759216034084487 0.6970716544512466 16.950233459472656 0.5313208690023908 -0.8320543904965818 0.15932239459004463 0.3966323435306549 0.6558265000690436 0.28492826933193716 -0.699076164049881 10.425848960876465
0.5265865953277924 0.4851239153146698 0.6981127017973882 16.97245216369629 0.5357207370619432 -0.8269851099536099 0.170584054931357 0.42866843938827515 0.6600832140744773 0.2841661744556889 -0.6953702149160019 10.496559143066406
0.5223347516507552 0.486489289796441 0.7003531809960588 16.98569679260254 0.5350386067722102 -0.8264896003627059 0.17506750056920012 0.4740291237831116 0.6640030846925307 0.28327215077668527 -0.6919947919696757 10.56447982788086
0.5214093187735512 0.4866922258166885 0.7009015620083171 16.98771858215332 0.5338420557741829 -0.8268483383915374 0.17701549306755088 0.5113398432731628 0.665691356247695 0.28187320310513986 -0.6909432072090681 10.621199607849121
0.5220419192143538 0.48654593092669984 0.7005321489279882 17.001672744750977 0.5324410308754189 -0.8275440686895791 0.17798135581295668 0.5537412762641907 0.6663173292233328 0.28007833096362184 -0.6910697108840153 10.695219039916992
0.5245078292045982 0.48620081902368184 0.6989279653038512 16.996435165405273 0.5299121754356658 -0.8289508797774454 0.17897911956773002 0.590021550655365 0.6663967462616549 0.276494489089567 -0.6924349601767512 10.775074005126953
0.528359116417532 0.48570629801850407 0.6963663088947118 17.005178451538086 0.5280452049550481 -0.8302563278611029 0.17844520607340014 0.6306992173194885 0.6648344949101741 0.27342973889421235 -0.6951483814738958 10.862262725830078
0.5333687065861046 0.4855716421648353 0.692631217286668 17.005512237548828 0.525359293525437 -0.8319130961112604 0.17865669096071077 0.6725971698760986 0.6629596032497909 0.2685903588067195 -0.6988159869486086 10.941764831542969
0.5395365674223003 0.4853030858792829 0.6880270396214143 17.01313018798828 0.5230727027515089 -0.8335441278808493 0.17776145395328571 0.7124966382980347 0.6597690808535919 0.2639793584949396 -0.7035763343363723 11.027505874633789
0.5462647229275779 0.48481880513813347 0.6830414179749933 17.01923179626465 0.5204622237962615 -0.835397788004318 0.1767190125553652 0.750018298625946 0.6562879902039249 0.2589618929146249 -0.7086782146589294 11.114481925964355
0.552469467574412 0.4841478834821186 0.678511838008616 17.011837005615234 0.5175375829004853 -0.8373463586810042 0.1760849962069059 0.785801112651825 0.6534005951050005 0.25387379251007325 -0.7131730223395885 11.206448554992676
0.5589181773812328 0.4840177851264242 0.673303241247323 17.025297164916992 0.5152093362774137 -0.8389252047280982 0.17539623908312607 0.8262878656387329 0.6497459586680221 0.24885996976860097 -0.7182610282072552 11.309547424316406
0.5642215256387052 0.48292397137388543 0.6696555143343532 17.005849838256836 0.5116897954585234 -0.8410725791002657 0.1754151359183179 0.8546332716941833 0.6479410646266732 0.2436828975494633 -0.7216585218871535 11.410772323608398
0.5690246409452361 0.48231147607966224 0.666022971104603 16.996604919433594 0.5088883972809944 -0.842749498613521 0.1755160439943875 0.8826507925987244 0.6459439272180877 0.2390584084037128 -0.7249879449077464 11.519120216369629
0.5721627526441037 0.4822178060016335 0.6633971450509064 16.97167205810547 0.5056409157463233 -0.8442684554328997 0.177589525265893 0.8980457782745361 0.6457221142333147 0.23383062831014384 -0.7268880164469226 11.622461318969727
0.573498818843719 0.4822038058918028 0.6622526665618795 16.95452117919922 0.5024040232847609 -0.8455607226995304 0.18060249614867885 0.9067835211753845 0.6470620543442065 0.22914308589025484 -0.7271892078520877 11.726741790771484
0.5724900914574379 0.48231646029127084 0.663042930220324 16.931095123291016 0.4985608816524625 -0.8467750386852758 0.18549684942194866 0.9104530811309814 0.6509163866956906 0.22437215957343887 -0.72523443901912 11.825638771057129
0.5705254142021532 0.4817437732505153 0.6651493732116252 16.919830322265625 0.4945046776952894 -0.8481287282400245 0.19011255632239826 0.9149450659751892 0.6557178322166781 0.22045543147837193 -0.7221035432988439 11.914852142333984
0.5658435362329115 0.48075660755605315 0.6698463829824186 16.891952514648438 0.4899223728756022 -0.8494859368354133 0.1958308241181653 0.9077480435371399 0.6631720448415881 0.2173631233904579 -0.7162095444285641 11.995321273803711
0.5581732979833085 0.4812396702419169 0.6759075004790877 16.874448776245117 0.4856985688979168 -0.8499708054223201 0.20407481495826071 0.9007717967033386 0.6727105392283909 0.21437819318947507 -0.7081684267855097 12.073722839355469
0.5472914549642495 0.4822182947475094 0.6840596315628624 16.850603103637695 0.4809267764345276 -0.8501158631894242 0.21450513947687597 0.8894245028495789 0.684968246732218 0.21158576361490936 -0.6971728376838034 12.137109756469727
0.5317775152755636 0.48527035567286403 0.6940643746458105 16.833707809448242 0.47706021909726026 -0.8487969207582219 0.2279415158900088 0.8783975839614868 0.699732964495901 0.20989632968799896 -0.6828742996930585 12.199295043945312
0.5130938069515334 0.4853395983533188 0.7079408305347431 16.812294006347656 0.4701835298580414 -0.84895815867576 0.24124156579680783 0.8594812154769897 0.7180962285921121 0.20908256524182606 -0.663793859111157 12.252229690551758
0.4903205935403949 0.48580656700290487 0.7235866879697602 16.802793502807617 0.4628555000172581 -0.8486281777813033 0.25611521231539336 0.8435900807380676 0.7384785045307473 0.20933751534886716 -0.6409581133066294 12.306337356567383
0.46389753344486906 0.4865327191248039 0.7403276245587432 16.797758102416992 0.4548168907843818 -0.84794655460597 0.2722650113200237 0.8284885883331299 0.760224094804285 0.21041044116889637 -0.6146436137519987 12.351412773132324
0.4337012768342083 0.48695834057290077 0.7581390222240667 16.782268524169922 0.4462647817140921 -0.8470317852801034 0.2887644357030039 0.8115751147270203 0.7827840999113682 0.21309324079305592 -0.5846711243547619 12.387070655822754
0.40011875355886156 0.487603380995812 0.7759819108020213 16.773147583007812 0.43703354283027396 -0.8457565671182223 0.3061004926778446 0.8012866973876953 0.8055474321799568 0.21665357605600039 -0.5515020965421842 12.425004959106445
0.36363570448154936 0.48861524641034176 0.7931104685991536 16.756526947021484 0.42675879400761046 -0.8441771123270011 0.3244101335661642 0.7908793091773987 0.828037442488791 0.22049975963389992 -0.5154937922400377 12.458581924438477
0.3249009566470312 0.49052920742621375 0.8085916553067155 16.760583877563477 0.416724917172865 -0.8417552658863826 0.34320316979861065 0.7911706566810608 0.8489874626736914 0.2254532523924988 -0.47790283448472193 12.48670768737793
0.28453245506997565 0.4922206999107889 0.8226542801147915 16.7613468170166 0.40586657047875474 -0.8392746965111022 0.36178765977298283 0.7907161712646484 0.8685122963894448 0.2309475403106313 -0.43857681726785674 12.512316703796387
0.24373714263787497 0.49331218105378155 0.835006166038722 16.759925842285156 0.3954778846700637 -0.8366930576506013 0.3788693310577932 0.7819863557815552 0.885544718258551 0.23788194404630403 -0.3990272329818294 12.531112670898438
0.20326690256314708 0.4938944685086925 0.8454293703786854 16.744136810302734 0.3849591056841937 -0.8342313658737353 0.3947968023468123 0.7681694030761719 0.9002716552647928 0.24520661118525816 -0.35970079866165416 12.54842472076416
0.16437774030575003 0.4940748044858458 0.8537388629225267 16.74151611328125 0.37427609024376546 -0.8320277178626612 0.4094475362975001 0.7441878318786621 0.9126321092114917 0.25222998291346166 -0.3216872222449296 12.569092750549316
0.12560440937649225 0.49530931002647605 0.8595884013562998 16.72575569152832 0.3633041656232826 -0.829226444119308 0.4247276628782483 0.7284023761749268 0.9231649991122677 0.25894437969252154 -0.2841024333575872 12.60582447052002
0.08923694637608509 0.49626718367085687 0.8635714503229409 16.71360969543457 0.35255847489679926 -0.826634474549012 0.43860912811468233 0.7054137587547302 0.931525248815036 0.26531929424464173 -0.24872953769428058 12.651632308959961
0.05537274336014522 0.4967936778805214 0.8661003988630394 16.688377380371094 0.34119185719309697 -0.824629335657311 0.45119239284201906 0.6745284199714661 0.9383613247986602 0.2705226430288715 -0.21516394616844367 12.706727027893066
0.02611376201678365 0.4974700497091327 0.8670880123007834 16.658540725708008 0.3299859826405714 -0.8230536002590068 0.4622683445374812 0.6380046010017395 0.943624566601605 0.27405532423778955 -0.18565116903174275 12.761124610900879
0.0013052825289814936 0.4979052775757371 0.8672304369657164 16.62898063659668 0.31728631770556903 -0.82262728823073 0.47181960244885546 0.6046338081359863 0.9483288927552298 0.2745444940631363 -0.15905229311536584 12.814522743225098
-0.017416561371671 0.49841722257546783 0.8667623293787884 16.614376068115234 0.30735600007213515 -0.82224954485217 0.47899684258881803 0.5655506253242493 0.9514352067322526 0.2747470804768557 -0.13887076423711256 12.874714851379395
-0.030010115088851076 0.4989667849630861 0.866101345395535 16.584243774414062 0.3007928407129993 -0.8218187613238809 0.4838776606869622 0.5253002047538757 0.9532172155223376 0.2750383083130132 -0.12542276106097214 12.936590194702148
-0.03613018596155107 0.49909125007386795 0.8657958961337758 16.55221176147461 0.29728418761154835 -0.8217723896226226 0.48611958554461343 0.47288161516189575 0.9541051941261643 0.274951020644821 -0.11868114756710837 12.995356559753418
-0.03479648385170215 0.49989748995257466 0.8653852923702099 16.52889060974121 0.2987263098652556 -0.8211195919161146 0.4863385729775099 0.42139580845832825 0.9537042500198085 0.2754362273024899 -0.12076045786401096 13.05379581451416
-0.02675799426634272 0.4836888778059103 0.8748308860743895 16.508316040039062 0.29867471342801677 -0.8313005707915941 0.4687566282840827 0.36589956283569336 0.9539797824385664 0.2738328513681819 -0.12222170106015033 13.119502067565918
-0.012050849793136706 0.4636391978943471 0.8859421376112265 16.469881057739258 0.2992657675925064 -0.8437222632458612 0.4456150164105216 0.29007163643836975 0.9540936942284709 0.270502193483099 -0.12858377018232459 13.189284324645996
0.009393379747453426 0.44165431990893667 0.897136124633656 16.41425323486328 0.3016101776916792 -0.856643028929157 0.41856184931246776 0.20683538913726807 0.9533850560658657 0.26665367556599306 -0.1412542111847724 13.25149917602539
0.03704132495235504 0.41712218974704146 0.9080952698183199 16.37688446044922 0.3049401921948783 -0.8700950528488489 0.38722871560888894 0.11925265938043594 0.9516508915720748 0.2625712814239064 -0.15942679430222198 13.304567337036133
0.06904112122867072 0.38893790499916214 0.9186732986401374 16.313594818115234 0.3085247505418588 -0.8840509009562663 0.35109326798088575 0.01750342547893524 0.9487074374550735 0.2591935774151764 -0.18103283554137684 13.36441707611084
0.10539411362556918 0.3597799020174222 0.9270655332377615 16.257549285888672 0.3113954231283283 -0.8973121621930427 0.312831862244204 -0.08768551796674728 0.9444177948703691 0.2557133271551979 -0.2066052348015622 13.427119255065918
0.14528824129806195 0.32945914575070845 0.9329244332858527 16.199005126953125 0.31311158753002644 -0.9097762136708593 0.27252224641878614 -0.1929813027381897 0.9385374050590326 0.2525151724549011 -0.23533726221133955 13.489930152893066
0.18839255033607905 0.29755630276872563 0.9359318851607071 16.152742385864258 0.31332896339253075 -0.9214041831240629 0.22986798824725768 -0.29826444387435913 0.9307702228140041 0.24994915083689667 -0.2668186918465125 13.548474311828613
0.23294046641126254 0.2641950796659581 0.9359165021455715 16.076112747192383 0.31187647716922795 -0.9318533127132315 0.18542509693644138 -0.4140786826610565 0.921125291204522 0.24869733304897879 -0.2994625760219628 13.609842300415039
0.2788592984832657 0.2313551809654742 0.9320473549610306 16.014575958251953 0.3090967201530273 -0.9405231237007152 0.1409803935832578 -0.52251797914505 0.9092286341949762 0.248779086791237 -0.33378474610930936 13.674064636230469
0.3253256003784575 0.20068221296082953 0.9240616338424298 15.95736312866211 0.30529891367295825 -0.9471777299815103 0.09821874127265723 -0.6117548942565918 0.894961355058702 0.2501619420060091 -0.3694092252817657 13.734062194824219
0.37319977507207974 0.16959675931054358 0.9121177923478473 15.888505935668945 0.29977549927152847 -0.9524551233825127 0.05444160154613657 -0.7143287062644958 0.8779843836439546 0.25311297314393827 -0.4062969910097552 13.770811080932617
0.4190200818242655 0.13782826761053235 0.8974550349045156 15.821696281433105 0.2916323494858924 -0.956470313354703 0.010729044901313406 -0.8289653658866882 0.8598678641287416 0.2572312351147029 -0.44097545047319847 13.816922187805176
0.4621104998441024 0.1070225759476924 0.880340873850212 15.74042797088623 0.2815606541018454 -0.9590357973293645 -0.03120797177920552 -0.9494146108627319 0.8409384543446538 0.2622908837118651 -0.4733138581597564 13.87417221069336
0.5026135812768895 0.07766883036467015 0.8610151802992811 15.664058685302734 0.2701598358768037 -0.9601874339141907 -0.0710897660166363 -1.0747178792953491 0.8212144975553208 0.26834240168684803 -0.5035862433207408 13.939238548278809
0.5408866096931625 0.0511302594253404 0.8395399764309819 15.59340763092041 0.2573909560345076 -0.9603268598473599 -0.1073415949543853 -1.1880296468734741 0.800744385685144 0.27414962853669256 -0.5325884057759002 14.011417388916016
0.5759435733567517 0.026856983909139917 0.8170481642622789 15.523072242736816 0.2452215288240825 -0.959109846201939 -0.14133189562045972 -1.3040060997009277 0.779843190718644 0.2817569969562372 -0.5589790627169924 14.087323188781738
0.6068166743798123 0.005570169796793201 0.7948223052375041 15.450544357299805 0.23317328343030638 -0.9572266622801261 -0.17131064448649946 -1.421580195426941 0.7598708729705035 0.2892854822290339 -0.5821599146132964 14.170921325683594
0.634139359467426 -0.012319375810323357 0.7731206282035727 15.395017623901367 0.22235274100774377 -0.9547333098699261 -0.19759444726803194 -1.519287109375 0.7405582565474416 0.297207907035563 -0.6026947226042004 14.268038749694824
0.6536509282892526 -0.024713438172657948 0.7563925633692365 15.304426193237305 0.21342495957628088 -0.9528798648203387 -0.21556843426122443 -1.6149965524673462 0.7260786807064792 0.3023395594255889 -0.6175763436449617 14.390824317932129
0.670015938740714 -0.03388425571048706 0.7415729896971343 15.239738464355469 0.2062969717820576 -0.9511103641506514 -0.22984915627160377 -1.6910781860351562 0.7131060238610755 0.30698686033796546 -0.6302688841382585 14.529571533203125
0.6813047116035568 -0.04057447223111883 0.7308745461089479 15.164650917053223 0.20028290276569083 -0.9500290718072703 -0.2394400166654804 -1.7786009311676025 0.7040672189546557 0.3095132871528828 -0.6391329097060127 14.675037384033203
0.6888790369895744 -0.04095607905464313 0.7237183651012229 15.091425895690918 0.19912031574626207 -0.949303497513348 -0.24325700291262844 -1.8398945331573486 0.696991228247118 0.3116816792777456 -0.6458000917847403 14.825175285339355
0.6941186709605496 -0.03783017159172415 0.7188658767400918 15.034322738647461 0.20027576773267808 -0.9490431229996359 -0.24332440803623545 -1.8760833740234375 0.6914397207877535 0.31286743007932083 -0.6511720845617652 14.981005668640137
0.696289662347187 -0.03195518744542468 0.7170492117726427 14.976975440979004 0.20374644514712642 -0.9491142411487847 -0.24014483825074262 -1.9130229949951172 0.6882354918182797 0.3133065962342544 -0.6543476786523788 15.13614559173584
0.694800274967429 -0.023235538730392663 0.7188273002920058 14.908864974975586 0.20915150806732521 -0.9497534346409223 -0.23286060220856375 -1.9497311115264893 0.6881193389073939 0.31213542433962826 -0.6550291995735545 15.304211616516113
0.6924288487153933 -0.011905009443474945 0.7213879401659177 14.866520881652832 0.21633195803310973 -0.9504330901910656 -0.22333254353860402 -1.9684898853302002 0.6882897452383231 0.31070116160068084 -0.6555318564187036 15.470053672790527
0.6873925333204803 -0.0001092712135533358 0.7262860959670467 14.811867713928223 0.2241919361347185 -0.9511331442755248 -0.21232926701875096 -1.9994468688964844 0.6908179795774128 0.30878103879667806 -0.6537773238436967 15.637134552001953
0.6800108949791583 0.013413497418596085 0.7330793004830006 14.763696670532227 0.23308703794663765 -0.9519194422412725 -0.19879589589407423 -2.0282907485961914 0.6951658905979975 0.30605465781468877 -0.6504421042483544 15.81883430480957
0.6704715762028376 0.027977990278810483 0.7414075111327385 14.712878227233887 0.24234072782939825 -0.9527372235838828 -0.18320140401425047 -2.061652183532715 0.7012409266002666 0.3025045699780978 -0.6455634345307716 16.004213333129883
0.6594823255121258 0.04427614451605254 0.7504150087544306 14.665520668029785 0.25231009132691473 -0.9533911657707632 -0.16548384466427196 -2.077648639678955 0.7081120533868368 0.2984709501057994 -0.6399159411916684 16.194612503051758
0.6467112533127608 0.06161780473034649 0.7602419358196779 14.620195388793945 0.26287883110738874 -0.9536682832414836 -0.14632677709447006 -2.09126877784729 0.7160022870035063 0.2944826848550771 -0.6329460271826455 16.3925838470459
0.6327281930435855 0.07916330130633473 0.7703169512960767 14.57140064239502 0.2732745530785191 -0.9535864862880354 -0.12646672213896554 -2.105797052383423 0.7245523116846259 0.2905270811733755 -0.6249943701645193 16.592571258544922
0.6180577178434976 0.09799622449788477 0.780000895767593 14.524102210998535 0.28425960950218365 -0.9529228298989172 -0.10552039927476337 -2.116703748703003 0.732940060182109 0.28694044720394435 -0.6168176780367494 16.7943115234375
0.6029649095529003 0.11656209512273716 0.7892063075194351 14.485381126403809 0.29454830325809334 -0.9518979963947319 -0.08444821790584785 -2.122076988220215 0.7414004416613478 0.2833786908719378 -0.6082942566423472 16.997314453125
0.5857645296857945 0.13539980123372264 0.7990912398392619 14.428237915039062 0.3042329515814925 -0.9505814170648901 -0.0619457884195484 -2.1218833923339844 0.7512138356912722 0.2793955320988054 -0.5980099578679541 17.202457427978516
0.5688334149561817 0.1546213558501347 0.807787584915957 14.372431755065918 0.31372462258926553 -0.9486992389417713 -0.03932702903255038 -2.116593599319458 0.7602666684858093 0.27579338343471943 -0.5881603543619024 17.398902893066406
0.5533181726902792 0.17426535843147875 0.8145370369856969 14.324381828308105 0.3230332380905204 -0.9462349867334727 -0.016996381092981017 -2.1035499572753906 0.7677815619428768 0.2725269431308635 -0.5798625168161016 17.58160400390625
0.5387823825680432 0.1921576748822004 0.82023714389082 14.275883674621582 0.33093938271908485 -0.9436448115536779 0.0036870846661187784 -2.093602180480957 0.7747210266927149 0.26946223782135154 -0.5720117421771126 17.755414962768555
0.5248528776446127 0.2081389210902883 0.8253530434641531 14.237963676452637 0.3377477187971898 -0.940967313889301 0.022516497046568926 -2.0891690254211426 0.781316795720829 0.26694325936296737 -0.5641678482554743 17.943283081054688
0.5149665755661721 0.22422419695709836 0.8273650557937495 14.210177421569824 0.34520494736106433 -0.9377055668675964 0.03926594176846422 -2.0689830780029297 0.7846291929103166 0.2653898629647787 -0.5602903267667942 18.09319496154785
0.5053503802469399 0.2360998366801396 0.8299866627265073 14.180200576782227 0.35007100591143714 -0.9352287585508163 0.05289102002848599 -2.069685697555542 0.7887149573860179 0.26382576883070114 -0.5552699160736709 18.26636505126953
0.4988843045859723 0.24700024592436204 0.830725784570983 14.14698600769043 0.35461852448362513 -0.9327916665472915 0.06438485002687355 -2.063006639480591 0.7907971628242145 0.2624701608435349 -0.5529459846458256 18.407289505004883
0.4921634294898103 0.2575485443631353 0.8315310613376137 14.120765686035156 0.35876273701749767 -0.9303450995889321 0.07581091081482555 -2.0490708351135254 0.7931358377986346 0.2610110016211764 -0.550280655513319 18.568599700927734
0.48585484460243256 0.26748015373025724 0.8321054244125464 14.100090026855469 0.3632486989789595 -0.9277039891811772 0.0861144073162175 -2.0303118228912354 0.7949814165541477 0.260422110846541 -0.5478912953458855 18.737119674682617
0.4797642670370559 0.2747606010456904 0.8332663800894691 14.055821418762207 0.36550652237561193 -0.9259604368071463 0.094880195872506 -2.025045871734619 0.7976410409296171 0.2590441691699115 -0.5446695220441358 18.89532470703125
0.47676702584421493 0.28179602082804467 0.8326368990821521 14.035263061523438 0.36883587170372045 -0.9239360535658052 0.10150009194972197 -2.0093932151794434 0.7979055726163456 0.258714459523865 -0.5444387253135619 19.040863037109375
0.4753014060547565 0.2867938353775947 0.8317679179866104 14.011608123779297 0.37081550847853445 -0.922612151104254 0.1062199477809473 -2.0046122074127197 0.797862414250839 0.2579459529129898 -0.5448664545571074 19.17984962463379
0.4748982062760529 0.2905884310564081 0.8306804785306822 13.982893943786621 0.3720369715449282 -0.9217081149121558 0.10973897534038955 -1.9999791383743286 0.7975338146307441 0.25692900700632365 -0.545827170338083 19.30977439880371
0.47518778887541213 0.293698099598061 0.8294202744062773 13.954954147338867 0.37285994236790526 -0.9210396158114105 0.11252328418319474 -1.995706558227539 0.7969768056104891 0.2557879051058848 -0.5471750349937794 19.43783950805664
0.47615370633745663 0.2968576873724818 0.8277397908696701 13.932474136352539 0.3733891070209238 -0.9204783203604597 0.11532665131921505 -1.9815181493759155 0.7961521353982669 0.2541558088933806 -0.5491325906432173 19.5578670501709
0.4779179729365806 0.29974298330213417 0.8256806616999857 13.913529396057129 0.37402504940124176 -0.9199486139126498 0.1174725933168802 -1.9612873792648315 0.7947953658424214 0.2526829866083805 -0.5517713609042068 19.670961380004883
0.48073338651687686 0.30148289342443085 0.8234096647844549 13.896466255187988 0.3737876714191137 -0.9199025844436948 0.11858335392831328 -1.9406299591064453 0.7932075313454177 0.2507734039052869 -0.5549184733910595 19.77849769592285
0.4850020657413389 0.30105409396554383 0.8210599422290794 13.886780738830566 0.3719729565080221 -0.9207289787067671 0.11787394706327034 -1.9341245889663696 0.7914601164008928 0.24824298635848516 -0.5585394380619025 19.879762649536133
0.48814611146527986 0.30083557348672646 0.8192748815789723 13.868389129638672 0.37021720797188656 -0.9214498317167743 0.11776852954261319 -1.919592022895813 0.7903496648843646 0.24582140947045455 -0.5611766583377569 19.97969627380371
0.4928517197801547 0.29958768032624344 0.8169115032281553 13.86072063446045 0.36786868215008633 -0.9225643073256494 0.1163947229985249 -1.909345269203186 0.7885238201873819 0.24315081872262978 -0.5648963306232501 20.07227897644043
0.4973165030633894 0.29803384837199404 0.8147712077665613 13.845160484313965 0.36479229392789564 -0.9239223728817649 0.11529974492318973 -1.896779179573059 0.7871485743311905 0.23988179195826448 -0.5682022947993666 20.15411949157715
0.502285918631376 0.29355289657119776 0.8133483588594095 13.82513427734375 0.35970837598656735 -0.926296789872092 0.11217905917667526 -1.9024778604507446 0.7863324616151499 0.23622225548689813 -0.5708592697179766 20.22768211364746
0.5059005211807904 0.2911972899731432 0.8119536938651749 13.812597274780273 0.35514696639543264 -0.9281272413428635 0.11158161200398374 -1.8891419172286987 0.7860886050116275 0.23191369556277447 -0.5729578892739767 20.30855941772461
0.5098196417600922 0.288092466110913 0.8106088229508386 13.79867172241211 0.3497874520139237 -0.9302741877133494 0.11062854101847078 -1.8790031671524048 0.7859597135281289 0.22714019160950114 -0.5750431827840243 20.379560470581055
0.5144413356927179 0.2843403371233841 0.8090121660489739 13.794573783874512 0.343863026336427 -0.9326558942311521 0.10913845369366224 -1.8715742826461792 0.7855624298866678 0.22204403986698276 -0.5775708728027268 20.441936492919922
0.5200683424215237 0.2795716072449233 0.80707412028476 13.797126770019531 0.3370751299825709 -0.9353986327029392 0.10681645324904242 -1.8713778257369995 0.784798876119329 0.21649275821597885 -0.5807078522646959 20.494136810302734
0.5238648188623083 0.273813500291694 0.806592721648523 13.783171653747559 0.32855468997706944 -0.9386036462129226 0.10523787820874554 -1.874871850013733 0.7858864213437161 0.209879399593713 -0.5816641388067085 20.549924850463867
0.5273023392084383 0.2682642871097126 0.8062174119471913 13.77348804473877 0.3197259695451494 -0.9417575950515683 0.10424939597475291 -1.8706202507019043 0.7872277608568715 0.20279769334044284 -0.5823620421284962 20.605228424072266
0.5315076587605903 0.2617387395761819 0.8056006708561676 13.76460075378418 0.31020558700168666 -0.9451372782208594 0.1024110302174759 -1.8691296577453613 0.7882081593537171 0.1954695820897394 -0.5835405213058367 20.642940521240234
0.5358979824930089 0.2575468547997728 0.8040416468956488 13.764272689819336 0.30143277192931506 -0.9479369083630272 0.10273218468500936 -1.8441964387893677 0.7886391040057119 0.18731053186057137 -0.5856305390663791 20.676456451416016
0.5401907829069839 0.24876534908553857 0.8039339022312034 13.755524635314941 0.28961270263927213 -0.9519105628860174 0.09995380300920072 -1.846365213394165 0.7901382160940683 0.1788353470664446 -0.5862589172944901 20.705137252807617
0.5454939530933534 0.23886336217072227 0.8033558622124352 13.756196975708008 0.277263865702651 -0.9559879262548081 0.09597829770658606 -1.845324158668518 0.7909242036467269 0.17038597086476964 -0.5877138121724392 20.726659774780273
0.5499929029349533 0.22948515287394972 0.8030220241883796 13.754293441772461 0.26509983575250984 -0.9597538137997998 0.09270757240231917 -1.8325656652450562 0.7919784617053516 0.16189249984838358 -0.5886942624891682 20.74374771118164
0.5548699231643806 0.2173406457223544 0.8030457098350906 13.756230354309082 0.2512216348240195 -0.9639833454304096 0.08731437412673038 -1.8290507793426514 0.7930996523539154 0.1532943360003418 -0.5894860371427917 20.75838851928711
0.5595064080340376 0.2052189250103611 0.8030179152338014 13.75427532196045 0.23720425168952247 -0.9679839896286685 0.08210443838782007 -1.8163458108901978 0.794157869915839 0.14454130427029308 -0.5902720466112045 20.77202606201172
0.5646660335989012 0.19040050036406417 0.803056610682459 13.761659622192383 0.22178368085923147 -0.9722406012941046 0.0745668297556514 -1.81263267993927 0.7949618037391577 0.1359994950593264 -0.5912189678447343 20.786928176879883
0.571084888717483 0.17300179667229276 0.8024540038075073 13.761391639709473 0.20508316348794342 -0.9766105802070354 0.06459621259373782 -1.8146274089813232 0.7948603310848502 0.12767988477374415 -0.5932073002685029 20.786426544189453
0.5755968552197978 0.15603220746972724 0.802709293887397 13.758378028869629 0.18882365925711742 -0.9804592411619938 0.05518425613161276 -1.8032443523406982 0.7956342664603073 0.11980662190451499 -0.5938118282604324 20.801233291625977
0.5807410489983456 0.13746938065660783 0.80239765913803 13.753911018371582 0.17106525789047536 -0.9842400253744634 0.04481350235968057 -1.789276123046875 0.7959123768048633 0.11123732212151011 -0.5951048198561906 20.809431076049805
0.5873712928869514 0.11540876995811024 0.801046677859079 13.76014232635498 0.15172424529923362 -0.9879340511705175 0.03108156891450762 -1.781275749206543 0.7949683752707959 0.10328178132935784 -0.5977944094458776 20.810222625732422
0.593429333700188 0.09150788417642552 0.7996673890047694 13.754399299621582 0.13169711834375408 -0.9911658296225677 0.015689716650042124 -1.7724697589874268 0.7940387238189976 0.0960031526678227 -0.6002382025110836 20.809711456298828
0.6016589994713679 0.06549233373580615 0.7960635669197222 13.753785133361816 0.1102604170946489 -0.9939014989464909 -0.0015655075960363043 -1.7631981372833252 0.7911062436722562 0.08871620265631852 -0.6052109934634502 20.80263900756836
0.6086484113664287 0.03667739485537523 0.792591874830764 13.750219345092773 0.0877660586224204 -0.9959131221661249 -0.021311312751848686 -1.7566471099853516 0.7885710052335227 0.08253376160059675 -0.6093799700523864 20.813344955444336
0.6153388304498177 0.0054166578069340075 0.7882441141923312 13.751212120056152 0.06345806196220019 -0.9970711777106185 -0.0426865429703764 -1.7465358972549438 0.7857042688649795 0.07628713126709387 -0.6138803429744148 20.83928680419922
0.6210959725825618 -0.030864435043071896 0.7831265411740266 13.742742538452148 0.0371331000767337 -0.9969431962484656 -0.06874151825923737 -1.755161166191101 0.7828543451501139 0.07177499636618438 -0.618051311928242 20.87200164794922
0.627724616491026 -0.06866621072482525 0.7754010300198785 13.743846893310547 0.009770538809093343 -0.995328385654279 -0.09605176355604828 -1.7589672803878784 0.7783741660811815 0.06787014229792726 -0.6241212232907039 20.90706443786621
0.6339064640997829 -0.10744246490693171 0.7659103808587748 13.749964714050293 -0.01800866501044343 -0.9920855558641466 -0.12426559391186677 -1.759708046913147 0.7732000276494126 0.06497973976902414 -0.630824342160714 20.948671340942383
0.6391430294764263 -0.14592857560123274 0.755116572917514 13.74852180480957 -0.046175476172186695 -0.9873438103354003 -0.15172351694000735 -1.7474260330200195 0.7677004710640523 0.06210516093987823 -0.6377922355380817 20.990097045898438
0.6418581333701381 -0.1856015240428189 0.74402299084073 13.737650871276855 -0.07503104967449278 -0.9808115485756188 -0.1799417899361922 -1.7394460439682007 0.7631438122735098 0.05967227541899035 -0.6434677469267396 21.050024032592773
0.6450549251547825 -0.2235854706643873 0.7306939720849914 13.7239351272583 -0.10306921766419827 -0.9729548786048287 -0.20672576174524826 -1.7210980653762817 0.7571531416454982 0.058037414715400915 -0.6506541159398781 21.098697662353516
0.6466010226111316 -0.26167166654465457 0.7165438273308773 13.712104797363281 -0.13081391787224422 -0.9634464264780016 -0.23379200627412916 -1.7059390544891357 0.7515283337633736 0.05743624495483511 -0.657195740488582 21.160472869873047
0.648159869853648 -0.2971015854612849 0.7011557822821493 13.701211929321289 -0.15721073211650427 -0.9531222994058687 -0.25853949037364166 -1.6797878742218018 0.7450997039448444 0.057345708572311166 -0.6644831833008603 21.217960357666016
0.6467583257197238 -0.33252421884017297 0.68639005820084 13.686027526855469 -0.1825915743107644 -0.9412893967682641 -0.28396230123443184 -1.6671593189239502 0.7405160262296397 0.05832594119575239 -0.6695028748860554 21.296602249145508
0.6423906414834403 -0.3683609197756543 0.6720450107816648 13.671627044677734 -0.2082259083289014 -0.9278156345499148 -0.3095159436690502 -1.6638782024383545 0.7375474458196557 0.05889296279499509 -0.6727223677700401 21.396224975585938
0.6378797633523647 -0.4007458437611098 0.6576565792370113 13.66001033782959 -0.23205663389182518 -0.9142754488714246 -0.33203933841903466 -1.6534855365753174 0.7343426490217808 0.05918760257985636 -0.6761935385143238 21.496723175048828
0.6327714610931591 -0.43034217554139875 0.6437436523775008 13.64849853515625 -0.2539752062070191 -0.9007001477105613 -0.3524710463942752 -1.6431111097335815 0.7315031597048168 0.05953869216290483 -0.67923359124634 21.59942054748535
0.6274230653665138 -0.454006158829567 0.6326284097247844 13.62477970123291 -0.2724193033538172 -0.8890780093480619 -0.36786956445717117 -1.6133209466934204 0.7294710550846474 0.05846965912770363 -0.6815080914818121 21.703285217285156
0.6206414014237367 -0.4772581687944869 0.6221164610888487 13.61101245880127 -0.29012029858364097 -0.876887320148495 -0.3832738448062033 -1.5992012023925781 0.7284466097034971 0.057387002724690994 -0.6826948576998051 21.82158660888672
0.6131845108082913 -0.4978244804473367 0.61333151098907 13.600786209106445 -0.30564814078250163 -0.8654735674934638 -0.39690643482606397 -1.5900232791900635 0.728411950575357 0.0559132420583513 -0.6828541129857296 21.948909759521484
0.6049149396317819 -0.5132688240120165 0.6087963781984903 13.577703475952148 -0.31784324533381436 -0.8566307342314641 -0.40639815029811777 -1.5758676528930664 0.7301051891378024 0.05233449595997344 -0.6813277576370049 22.083158493041992
0.5971066178106545 -0.5249807407233941 0.6065137334275607 13.55661392211914 -0.3270972585881896 -0.8497310113973748 -0.4134786472040437 -1.5640429258346558 0.7324418546142845 0.04850185706868826 -0.6790997713665323 22.221139907836914
0.5886900885162147 -0.5330336158993081 0.6077163351466537 13.537235260009766 -0.33306609871690285 -0.8449521516617302 -0.41847680376302154 -1.555261492729187 0.7365534288619349 0.04394343777540602 -0.6749503838862567 22.3726806640625
0.5800372424147767 -0.535087830280749 0.6141968831712694 13.512022972106934 -0.3350481635120725 -0.8439783851687136 -0.41885941972838336 -1.5367623567581177 0.7424954717296592 0.03716852503733223 -0.6688190900441614 22.531192779541016
0.571827970705454 -0.5315554965885251 0.6248692070868983 13.491519927978516 -0.33338003152094897 -0.8465266305369162 -0.4150306234182082 -1.512457013130188 0.7495802335320573 0.029007203214752836 -0.6612775934958665 22.69810676574707
0.5631331848740055 -0.5248946530934994 0.6382527863217786 13.476908683776855 -0.32991108591142715 -0.8509414873014083 -0.40872638840917797 -1.5015932321548462 0.7576540711211166 0.019600723025498146 -0.6523619548766435 22.86834144592285
0.5530335514730453 -0.514420459294757 0.6553819359763297 13.467111587524414 -0.32316313558292953 -0.8574841817925714 -0.40035792208439397 -1.4985628128051758 0.7679319492932429 0.009616082076179644 -0.6404592510224085 23.056760787963867
0.5431783504821311 -0.49757741039132264 0.6762943148036781 13.450292587280273 -0.3123026061438958 -0.8674192064029235 -0.3873641730452796 -1.4880529642105103 0.7793743399440617 -0.0008006444828791703 -0.6265580557340001 23.249345779418945
0.534963918206914 -0.47499948130332187 0.6987053019537505 13.434651374816895 -0.29874959174415433 -0.879916149371396 -0.36945399105723076 -1.4656440019607544 0.7902925329581493 -0.011093369055000663 -0.6126292920793147 23.43609046936035
0.5256001364182061 -0.450096144341276 0.7219127076359579 13.414579391479492 -0.28404388704468775 -0.8927283283585044 -0.34979308452108493 -1.4543192386627197 0.801912443368793 -0.02120359864144547 -0.5970651895521499 23.62854766845703
0.516959832550883 -0.4193232369064275 0.7462710998821266 13.397041320800781 -0.266205371008407 -0.9073266500531251 -0.32541212415896514 -1.4290043115615845 0.8135645223184448 -0.030436377801727726 -0.5806775309335389 23.82598876953125
0.5055516737058215 -0.3864357856724678 0.7714174542781262 13.374164581298828 -0.24700511477406267 -0.9214909275963429 -0.29973812509102604 -1.4065890312194824 0.826683723372303 -0.039010946019470666 -0.5613128963438941 24.040109634399414
0.49339967211147184 -0.3515052069619633 0.7956135073255856 13.355863571166992 -0.22723208081248658 -0.9350306807625975 -0.2721823056009723 -1.3875129222869873 0.8395965370402142 -0.04649425245404919 -0.5412170908968227 24.261554718017578
0.48032139972392773 -0.31598036589325457 0.818197874194997 13.33798885345459 -0.20685548634672293 -0.9473480231621825 -0.24442285240739253 -1.3707484006881714 0.8523509610104912 -0.05184719260162714 -0.52039380077382 24.48876190185547
0.46834847580481287 -0.2787378367762503 0.8384240714343818 13.31721019744873 -0.18707124467554564 -0.958703054043575 -0.21422605719908272 -1.3470124006271362 0.8635126256325678 -0.05651258724230336 -0.5011509481746297 24.713153839111328
0.45410529710868264 -0.242066998771928 0.8574333485719966 13.28927993774414 -0.16585238640655237 -0.9685287255281138 -0.18559389470060633 -1.3291804790496826 0.8753749853983076 -0.05792819635065044 -0.47996141408083404 24.952743530273438
0.43831513283717405 -0.20634672962258813 0.8748147641072328 13.262027740478516 -0.1443091339542901 -0.9768205128801956 -0.15810300273503564 -1.3127654790878296 0.88716104410828 -0.05694482233297811 -0.4579329307072951 25.20743751525879
0.4199860047635271 -0.17144787122883082 0.8911887472661851 13.237532615661621 -0.12410328693851824 -0.9836180072038749 -0.13074398676548496 -1.286324143409729 0.8990050778353958 -0.05568880816986251 -0.43438304141712747 25.479839324951172
0.4054712910201686 -0.1405902014985982 0.9032316576609908 13.21030330657959 -0.10559209807385375 -0.9886910807767935 -0.106490636286847 -1.2712996006011963 0.9079886238179414 -0.05219523000236177 -0.4157310632875551 25.740331649780273
0.39554479757073 -0.10651944774546587 0.912248825905921 13.180929183959961 -0.08519811828069504 -0.9932245537056312 -0.07903332561444304 -1.2281349897384644 0.9144865191768324 -0.04646066258945136 -0.40194006154598494 25.99321746826172
0.38078839201121306 -0.08193849574968207 0.9210245835067566 13.151769638061523 -0.06853381523301413 -0.9958272991598222 -0.06025866259436741 -1.2059632539749146 0.9221189276222034 -0.04017552939706044 -0.3848150336961177 26.28017807006836
0.37109816595979034 -0.06442903548798792 0.9263557905078196 13.126500129699707 -0.052025816325263714 -0.9974657071303672 -0.04853326214676217 -1.1913543939590454 0.9271350849023942 -0.030183811638095144 -0.3735096676901765 26.561561584472656
0.36454280611791984 -0.04868182197503689 0.9299132339723224 13.096240997314453 -0.03448697643041614 -0.9986532134219245 -0.03876090528808518 -1.1638615131378174 0.9305477908008595 -0.017939886600946045 -0.3657307336065491 26.8438720703125
0.35517441987779697 -0.037281693899332696 0.9340563188397512 13.067058563232422 -0.019712329995737483 -0.9992809152669533 -0.03238944935283091 -1.1253529787063599 0.9345921867374077 -0.006908522507519959 -0.3556539284278377 27.141990661621094
0.34502626659343016 -0.039807554644790404 0.9377484918429894 13.054641723632812 -0.007663178096643332 -0.9991863818992656 -0.0395960847624344 -1.1155976057052612 0.93856174600399 0.006475555594448238 -0.3450505993585359 27.44745635986328
0.3377868322870946 -0.051288040922449624 0.9398242350523779 13.037321090698242 0.005371598683719957 -0.9983929621579726 -0.05641488315161418 -1.1212522983551025 0.9412073107775093 0.02410456329756581 -0.3369684972919611 27.746173858642578
