0.000000000000000000e+00 0.000000000000000000e+00 0.000000000000000000e+00 0.000000000000000000e+00 0.000000000000000000e+00 0.000000000000000000e+00 1.000000000000000000e+00
1.244930550456047058e-01 -6.192512437701225281e-02 -4.717938974499702454e-02 -9.151246049441397190e-04 -1.007216167636215687e-03 1.561895594932138920e-03 9.999978542327880859e-01
2.531877160072326660e-01 -1.194586604833602905e-01 -9.638180583715438843e-02 -1.334158470854163170e-03 -2.119130222126841545e-03 3.695176914334297180e-03 9.999900460243225098e-01
3.745260834693908691e-01 -1.712934821844100952e-01 -1.449557691812515259e-01 -1.226726453751325607e-03 -2.751530846580862999e-03 5.526712164282798767e-03 9.999801516532897949e-01
5.015783905982971191e-01 -2.204461842775344849e-01 -1.908544152975082397e-01 -9.171419078484177589e-04 -4.086426459252834320e-03 7.728835102170705795e-03 9.999613165855407715e-01
6.244738101959228516e-01 -2.704326212406158447e-01 -2.334978729486465454e-01 -9.102605399675667286e-04 -5.168948788195848465e-03 9.988985955715179443e-03 9.999363422393798828e-01
7.464144825935363770e-01 -3.153163492679595947e-01 -2.748439610004425049e-01 -3.963807830587029457e-04 -6.155493203550577164e-03 1.206663995981216431e-02 9.999081492424011230e-01
8.735917806625366211e-01 -3.607483804225921631e-01 -3.162072300910949707e-01 -3.389098274055868387e-04 -7.575849071145057678e-03 1.484282687306404114e-02 9.998610615730285645e-01
9.984272122383117676e-01 -4.070349633693695068e-01 -3.482240140438079834e-01 -5.190767697058618069e-04 -8.978581987321376801e-03 1.717391237616539001e-02 9.998120665550231934e-01
1.126286506652832031e+00 -4.504251778125762939e-01 -3.789795935153961182e-01 -5.340637871995568275e-04 -1.058073621243238449e-02 1.963354274630546570e-02 9.997510910034179688e-01
1.246076583862304688e+00 -4.866356253623962402e-01 -4.095890820026397705e-01 -3.831559297395870090e-05 -1.124345790594816208e-02 2.195969223976135254e-02 9.996955990791320801e-01
1.374360799789428711e+00 -5.227169394493103027e-01 -4.337008893489837646e-01 3.480504965409636497e-04 -1.245603431016206741e-02 2.416635863482952118e-02 9.996302723884582520e-01
1.494486808776855469e+00 -5.520190596580505371e-01 -4.592087864875793457e-01 1.306956517510116100e-03 -1.302746310830116272e-02 2.598300017416477203e-02 9.995766282081604004e-01
1.618191838264465332e+00 -5.849846005439758301e-01 -4.774799942970275879e-01 1.664486364461481571e-03 -1.356377452611923218e-02 2.776589617133140564e-02 9.995210170745849609e-01
1.747902274131774902e+00 -6.177620291709899902e-01 -4.899313747882843018e-01 1.789454254321753979e-03 -1.444318052381277084e-02 2.947192080318927765e-02 9.994596838951110840e-01
1.871808290481567383e+00 -6.494087576866149902e-01 -5.020202398300170898e-01 2.069839276373386383e-03 -1.478290744125843048e-02 3.095769695937633514e-02 9.994091987609863281e-01
1.996912956237792969e+00 -6.806052327156066895e-01 -5.114763975143432617e-01 2.098407829180359840e-03 -1.460283435881137848e-02 3.211355581879615784e-02 9.993753433227539062e-01
2.118347644805908203e+00 -7.099654078483581543e-01 -5.135167837142944336e-01 2.288599964231252670e-03 -1.426287274807691574e-02 3.251631185412406921e-02 9.993668198585510254e-01
2.234292507171630859e+00 -7.321389913558959961e-01 -5.197036266326904297e-01 3.149616764858365059e-03 -1.309606526046991348e-02 3.254642337560653687e-02 9.993794560432434082e-01
2.358439445495605469e+00 -7.528877258300781250e-01 -5.228407979011535645e-01 4.002361092716455460e-03 -1.200224459171295166e-02 3.250886127352714539e-02 9.993913769721984863e-01
2.478327274322509766e+00 -7.789278626441955566e-01 -5.257105231285095215e-01 4.402402322739362717e-03 -1.029815617948770523e-02 3.171456977725028992e-02 9.994342327117919922e-01
2.604673624038696289e+00 -8.036368489265441895e-01 -5.263965129852294922e-01 4.729699343442916870e-03 -8.564182557165622711e-03 3.066749684512615204e-02 9.994817376136779785e-01
2.726264953613281250e+00 -8.270728588104248047e-01 -5.211042761802673340e-01 5.071595311164855957e-03 -5.992135964334011078e-03 2.910578809678554535e-02 9.995455145835876465e-01
2.843857288360595703e+00 -8.506662249565124512e-01 -5.195295810699462891e-01 5.722678266465663910e-03 -2.819490619003772736e-03 2.670076675713062286e-02 9.996231198310852051e-01
2.962336301803588867e+00 -8.737471103668212891e-01 -5.153989195823669434e-01 6.182476878166198730e-03 5.065409932285547256e-04 2.386453188955783844e-02 9.996959567070007324e-01
3.069863319396972656e+00 -8.888297677040100098e-01 -5.108158588409423828e-01 7.195602636784315109e-03 4.557170439511537552e-03 2.097060903906822205e-02 9.997438192367553711e-01
3.163361310958862305e+00 -8.976757526397705078e-01 -5.052469372749328613e-01 8.587218821048736572e-03 8.904521353542804718e-03 1.755376346409320831e-02 9.997693896293640137e-01
3.258271455764770508e+00 -9.082742929458618164e-01 -5.037373304367065430e-01 9.697085246443748474e-03 1.281321607530117035e-02 1.419928018003702164e-02 9.997701048851013184e-01
3.332659959793090820e+00 -9.184767007827758789e-01 -4.985364079475402832e-01 1.068463549017906189e-02 1.781621016561985016e-02 1.019403059035539627e-02 9.997321963310241699e-01
3.404553413391113281e+00 -9.250007867813110352e-01 -4.942975938320159912e-01 1.178627740591764450e-02 2.253768779337406158e-02 6.160661578178405762e-03 9.996575713157653809e-01
3.461253881454467773e+00 -9.327203035354614258e-01 -4.932212531566619873e-01 1.279751677066087723e-02 2.773081138730049133e-02 1.738450722768902779e-03 9.995319843292236328e-01
3.507052659988403320e+00 -9.412329792976379395e-01 -4.852579832077026367e-01 1.367833465337753296e-02 3.306325525045394897e-02 -2.927817171439528465e-03 9.993553757667541504e-01
3.541680812835693359e+00 -9.459869265556335449e-01 -4.827314615249633789e-01 1.479204557836055756e-02 3.852812573313713074e-02 -7.682990282773971558e-03 9.991184473037719727e-01
3.577671051025390625e+00 -9.501077532768249512e-01 -4.823133051395416260e-01 1.563217304646968842e-02 4.336109757423400879e-02 -1.195379067212343216e-02 9.988656640052795410e-01
3.602111816406250000e+00 -9.565927982330322266e-01 -4.780593812465667725e-01 1.633714884519577026e-02 4.812262952327728271e-02 -1.651238650083541870e-02 9.985712766647338867e-01
3.608564138412475586e+00 -9.577972292900085449e-01 -4.758456051349639893e-01 1.734354533255100250e-02 5.347385630011558533e-02 -2.101049013435840607e-02 9.981975555419921875e-01
3.626829385757446289e+00 -9.560589194297790527e-01 -4.802764356136322021e-01 1.884848624467849731e-02 5.829031020402908325e-02 -2.564448118209838867e-02 9.977922439575195312e-01
3.653087377548217773e+00 -9.615644812583923340e-01 -4.807239770889282227e-01 1.976786367595195770e-02 6.296844780445098877e-02 -3.024049848318099976e-02 9.973614215850830078e-01
3.676871299743652344e+00 -9.650688171386718750e-01 -4.836798310279846191e-01 2.071959897875785828e-02 6.795551627874374390e-02 -3.464416041970252991e-02 9.968713521957397461e-01
3.714654445648193359e+00 -9.699984192848205566e-01 -4.833178818225860596e-01 2.191879600286483765e-02 7.196355611085891724e-02 -3.887062519788742065e-02 9.964085221290588379e-01
3.761104106903076172e+00 -9.672224521636962891e-01 -4.794165790081024170e-01 2.370246499776840210e-02 7.559663057327270508e-02 -4.290740564465522766e-02 9.959328770637512207e-01
3.806496858596801758e+00 -9.785811901092529297e-01 -4.788320660591125488e-01 2.436243928968906403e-02 7.952750474214553833e-02 -4.705316573381423950e-02 9.954234361648559570e-01
3.868673563003540039e+00 -9.781596064567565918e-01 -4.752387404441833496e-01 2.596868760883808136e-02 8.222856372594833374e-02 -5.055699497461318970e-02 9.949914813041687012e-01
3.930280923843383789e+00 -9.910402297973632812e-01 -4.672040045261383057e-01 2.658220380544662476e-02 8.517815172672271729e-02 -5.409966036677360535e-02 9.945407509803771973e-01
4.005591869354248047e+00 -9.998441338539123535e-01 -4.613175094127655029e-01 2.739622443914413452e-02 8.715523034334182739e-02 -5.726799368858337402e-02 9.941698908805847168e-01
4.081631183624267578e+00 -1.012410521507263184e+00 -4.527868032455444336e-01 2.800861373543739319e-02 8.933737128973007202e-02 -6.016887351870536804e-02 9.937877058982849121e-01
4.173474311828613281e+00 -1.013183951377868652e+00 -4.556423127651214600e-01 2.969959378242492676e-02 9.069935232400894165e-02 -6.223010271787643433e-02 9.934882521629333496e-01
4.260188579559326172e+00 -1.028747558593750000e+00 -4.459843635559082031e-01 2.995382808148860931e-02 9.253889322280883789e-02 -6.461089104413986206e-02 9.931589961051940918e-01
4.348464012145996094e+00 -1.040155649185180664e+00 -4.292790889739990234e-01 3.030553646385669708e-02 9.416845440864562988e-02 -6.698749214410781860e-02 9.928376078605651855e-01
4.457205772399902344e+00 -1.051608085632324219e+00 -4.244460761547088623e-01 3.065413795411586761e-02 9.467151761054992676e-02 -6.874242424964904785e-02 9.926590919494628906e-01
4.552025318145751953e+00 -1.068853855133056641e+00 -4.150846898555755615e-01 3.034837171435356140e-02 9.519634395837783813e-02 -7.004839181900024414e-02 9.925270080566406250e-01
4.644391536712646484e+00 -1.083332180976867676e+00 -4.080418944358825684e-01 3.010440245270729065e-02 9.524298459291458130e-02 -7.096632570028305054e-02 9.924647808074951172e-01
4.742342472076416016e+00 -1.089634656906127930e+00 -4.039742648601531982e-01 3.041344322264194489e-02 9.396764636039733887e-02 -7.115852087736129761e-02 9.925631284713745117e-01
4.821475028991699219e+00 -1.096456050872802734e+00 -3.943673074245452881e-01 3.027928434312343597e-02 9.305273741483688354e-02 -7.133666425943374634e-02 9.926406741142272949e-01
4.898934364318847656e+00 -1.108621597290039062e+00 -3.796176314353942871e-01 2.952238731086254120e-02 9.170679003000259399e-02 -7.116093486547470093e-02 9.928013086318969727e-01
4.978209972381591797e+00 -1.119940996170043945e+00 -3.759065568447113037e-01 2.873964048922061920e-02 8.944386243820190430e-02 -7.079891860485076904e-02 9.930565953254699707e-01
5.044500350952148438e+00 -1.127743363380432129e+00 -3.672199547290802002e-01 2.791984193027019501e-02 8.727625012397766113e-02 -6.979586929082870483e-02 9.933437705039978027e-01
5.102201461791992188e+00 -1.136254429817199707e+00 -3.593189120292663574e-01 2.672875672578811646e-02 8.529999852180480957e-02 -6.800738722085952759e-02 9.936721920967102051e-01
5.158719539642333984e+00 -1.136529564857482910e+00 -3.492673635482788086e-01 2.582404017448425293e-02 8.276218920946121216e-02 -6.536709517240524292e-02 9.940878748893737793e-01
5.208577156066894531e+00 -1.142358541488647461e+00 -3.467331230640411377e-01 2.416461892426013947e-02 7.990355789661407471e-02 -6.274902075529098511e-02 9.945321083068847656e-01
5.257029533386230469e+00 -1.140490531921386719e+00 -3.390394151210784912e-01 2.270992286503314972e-02 7.652402669191360474e-02 -5.914193019270896912e-02 9.950530529022216797e-01
5.300745964050292969e+00 -1.144035458564758301e+00 -3.346930146217346191e-01 2.048020437359809875e-02 7.285106927156448364e-02 -5.521062016487121582e-02 9.956028461456298828e-01
5.341320037841796875e+00 -1.147497653961181641e+00 -3.313927650451660156e-01 1.809494942426681519e-02 6.861419230699539185e-02 -5.087062343955039978e-02 9.961811304092407227e-01
5.369176387786865234e+00 -1.154949903488159180e+00 -3.270833492279052734e-01 1.495805103331804276e-02 6.481357663869857788e-02 -4.611459746956825256e-02 9.967190623283386230e-01
5.407456398010253906e+00 -1.155088424682617188e+00 -3.234336376190185547e-01 1.220343820750713348e-02 6.072255596518516541e-02 -4.089251905679702759e-02 9.972420334815979004e-01
5.449729919433593750e+00 -1.162879109382629395e+00 -3.116934895515441895e-01 8.749946951866149902e-03 5.699739232659339905e-02 -3.589233383536338806e-02 9.976905584335327148e-01
5.505290031433105469e+00 -1.169029355049133301e+00 -3.009104132652282715e-01 5.461796652525663376e-03 5.300660058856010437e-02 -3.088869526982307434e-02 9.981013536453247070e-01
5.564742565155029297e+00 -1.178918600082397461e+00 -2.903400659561157227e-01 2.002023858949542046e-03 4.939215257763862610e-02 -2.594977244734764099e-02 9.984403252601623535e-01
5.635530471801757812e+00 -1.182936191558837891e+00 -2.814560532569885254e-01 -9.827674366533756256e-04 4.573491588234901428e-02 -2.100767381489276886e-02 9.987322092056274414e-01
5.712837219238281250e+00 -1.184365510940551758e+00 -2.706675529479980469e-01 -3.743280889466404915e-03 4.246148467063903809e-02 -1.594356633722782135e-02 9.989638328552246094e-01
5.801789760589599609e+00 -1.190717220306396484e+00 -2.616534233093261719e-01 -6.587391719222068787e-03 3.928378969430923462e-02 -1.168630085885524750e-02 9.991380572319030762e-01
5.895275592803955078e+00 -1.194819688796997070e+00 -2.486411482095718384e-01 -9.254803881049156189e-03 3.654042258858680725e-02 -7.930275984108448029e-03 9.992578625679016113e-01
6.001785755157470703e+00 -1.200258255004882812e+00 -2.357315123081207275e-01 -1.156727690249681473e-02 3.399851545691490173e-02 -4.530756734311580658e-03 9.993446469306945801e-01
6.110385894775390625e+00 -1.209947347640991211e+00 -2.162223458290100098e-01 -1.414179150015115738e-02 3.238411620259284973e-02 -2.178228693082928658e-03 9.993730783462524414e-01
6.226171970367431641e+00 -1.207847952842712402e+00 -1.968240141868591309e-01 -1.554816402494907379e-02 3.141171485185623169e-02 -3.136550949420779943e-04 9.993855357170104980e-01
6.344133853912353516e+00 -1.218269467353820801e+00 -1.763699054718017578e-01 -1.753761246800422668e-02 3.148677572607994080e-02 -6.009171192999929190e-05 9.993502497673034668e-01
6.468624114990234375e+00 -1.215344190597534180e+00 -1.609500497579574585e-01 -1.786084100604057312e-02 3.262455388903617859e-02 -2.648321969900280237e-04 9.993080496788024902e-01
6.603864669799804688e+00 -1.218308568000793457e+00 -1.424753516912460327e-01 -1.847617141902446747e-02 3.442469984292984009e-02 -1.448443275876343250e-03 9.992354512214660645e-01
6.749724864959716797e+00 -1.214424610137939453e+00 -1.176460981369018555e-01 -1.835615001618862152e-02 3.698684647679328918e-02 -3.679185872897505760e-03 9.991403818130493164e-01
6.917087554931640625e+00 -1.217241764068603516e+00 -9.835396707057952881e-02 -1.780450344085693359e-02 3.978067636489868164e-02 -7.269648835062980652e-03 9.990233182907104492e-01
7.082328796386718750e+00 -1.217301130294799805e+00 -7.553692162036895752e-02 -1.669112406671047211e-02 4.416779428720474243e-02 -1.257948949933052063e-02 9.988054633140563965e-01
7.252764701843261719e+00 -1.210860490798950195e+00 -4.973445087671279907e-02 -1.457704231142997742e-02 5.016313120722770691e-02 -1.891764998435974121e-02 9.984554648399353027e-01
7.427793502807617188e+00 -1.206633090972900391e+00 -2.455932274460792542e-02 -1.199771277606487274e-02 5.701723322272300720e-02 -2.699749916791915894e-02 9.979360103607177734e-01
7.620831966400146484e+00 -1.211664915084838867e+00 -5.221081897616386414e-03 -9.451564401388168335e-03 6.439009308815002441e-02 -3.596423193812370300e-02 9.972317218780517578e-01
7.812253475189208984e+00 -1.209873318672180176e+00 1.669949479401111603e-02 -6.201417651027441025e-03 7.290121167898178101e-02 -4.609575867652893066e-02 9.962540268898010254e-01
8.018952369689941406e+00 -1.200170874595642090e+00 4.287748783826828003e-02 -2.278954954817891121e-03 8.160983771085739136e-02 -5.646382644772529602e-02 9.950610399246215820e-01
8.223142623901367188e+00 -1.192337393760681152e+00 6.320843845605850220e-02 1.926876255311071873e-03 9.095571935176849365e-02 -6.750892102718353271e-02 9.935622215270996094e-01
8.444188117980957031e+00 -1.182367324829101562e+00 8.250527083873748779e-02 6.370733492076396942e-03 1.002807989716529846e-01 -7.898960262537002563e-02 9.917982816696166992e-01
8.671995162963867188e+00 -1.172852396965026855e+00 9.880134463310241699e-02 1.077924016863107681e-02 1.089684665203094482e-01 -9.054138511419296265e-02 9.898545145988464355e-01
8.915982246398925781e+00 -1.155342936515808105e+00 1.053159832954406738e-01 1.601598970592021942e-02 1.173956394195556641e-01 -1.016227304935455322e-01 9.877421855926513672e-01
9.149564743041992188e+00 -1.140228152275085449e+00 9.874210506677627563e-02 2.078043483197689056e-02 1.263932436704635620e-01 -1.124587878584861755e-01 9.853659272193908691e-01
9.403306961059570312e+00 -1.122879505157470703e+00 9.482508897781372070e-02 2.605103515088558197e-02 1.344081908464431763e-01 -1.230356171727180481e-01 9.829130172729492188e-01
9.666707038879394531e+00 -1.103452324867248535e+00 8.458449691534042358e-02 3.099284134805202484e-02 1.416620612144470215e-01 -1.321431994438171387e-01 9.805659055709838867e-01
9.921833038330078125e+00 -1.075817227363586426e+00 6.678022444248199463e-02 3.603202477097511292e-02 1.485505700111389160e-01 -1.411262452602386475e-01 9.781194925308227539e-01
1.017689990997314453e+01 -1.049769759178161621e+00 5.745594948530197144e-02 4.105849191546440125e-02 1.544352918863296509e-01 -1.487322002649307251e-01 9.758804440498352051e-01
1.043792915344238281e+01 -1.020626425743103027e+00 3.965603187680244446e-02 4.623304307460784912e-02 1.586374640464782715e-01 -1.555828601121902466e-01 9.739048480987548828e-01
1.069762134552001953e+01 -9.891926646232604980e-01 2.158521115779876709e-02 5.118089169263839722e-02 1.618768274784088135e-01 -1.608074009418487549e-01 9.722743630409240723e-01
1.095784187316894531e+01 -9.586406946182250977e-01 1.010232977569103241e-02 5.597102642059326172e-02 1.634402275085449219e-01 -1.648288518190383911e-01 9.710746407508850098e-01
1.122179603576660156e+01 -9.271755218505859375e-01 5.678516346961259842e-03 6.071826815605163574e-02 1.630515158176422119e-01 -1.671762168407440186e-01 9.704533219337463379e-01
1.148481464385986328e+01 -9.001445174217224121e-01 1.280387863516807556e-02 6.487282365560531616e-02 1.608445346355438232e-01 -1.673382371664047241e-01 9.705248475074768066e-01
1.175104904174804688e+01 -8.794119358062744141e-01 3.237634152173995972e-02 6.858113408088684082e-02 1.564385890960693359e-01 -1.654816567897796631e-01 9.713081121444702148e-01
1.201504039764404297e+01 -8.608617782592773438e-01 5.919507145881652832e-02 7.176180183887481689e-02 1.500031352043151855e-01 -1.612554490566253662e-01 9.728031158447265625e-01
1.227576828002929688e+01 -8.420869112014770508e-01 9.771770238876342773e-02 7.506872713565826416e-02 1.415435969829559326e-01 -1.550351083278656006e-01 9.748303294181823730e-01
1.253830623626708984e+01 -8.308930397033691406e-01 1.484999656677246094e-01 7.794561982154846191e-02 1.310982257127761841e-01 -1.472583264112472534e-01 9.772679805755615234e-01
1.280117988586425781e+01 -8.205853104591369629e-01 2.054827362298965454e-01 8.016337454319000244e-02 1.188873723149299622e-01 -1.370523720979690552e-01 9.801307320594787598e-01
1.306235885620117188e+01 -8.147124648094177246e-01 2.724571228027343750e-01 8.157070726156234741e-02 1.050055101513862610e-01 -1.253206282854080200e-01 9.831656813621520996e-01
1.332001495361328125e+01 -8.136131763458251953e-01 3.469805717468261719e-01 8.223757892847061157e-02 9.025669842958450317e-02 -1.114952191710472107e-01 9.862350225448608398e-01
1.357294464111328125e+01 -8.133996725082397461e-01 4.280942678451538086e-01 8.257807046175003052e-02 7.519228011369705200e-02 -9.675683081150054932e-02 9.890223145484924316e-01
1.382924938201904297e+01 -8.110113143920898438e-01 5.142241120338439941e-01 8.342014253139495850e-02 5.856078118085861206e-02 -8.055544644594192505e-02 9.915253520011901855e-01
1.408000850677490234e+01 -8.115587830543518066e-01 6.121485829353332520e-01 8.412818610668182373e-02 4.139626398682594299e-02 -6.437687575817108154e-02 9.935111403465270996e-01
1.431926345825195312e+01 -8.256459236145019531e-01 7.321600914001464844e-01 8.484880626201629639e-02 2.451659366488456726e-02 -4.697367921471595764e-02 9.949839711189270020e-01
1.451999282836914062e+01 -8.809503316879272461e-01 9.083566069602966309e-01 8.489381521940231323e-02 5.756767932325601578e-03 -2.991141192615032196e-02 9.959242939949035645e-01
1.462229919433593750e+01 -9.385944604873657227e-01 1.150779247283935547e+00 8.601416647434234619e-02 -1.414061058312654495e-02 -1.127739436924457550e-02 9.961296916007995605e-01
1.467906570434570312e+01 -9.786109924316406250e-01 1.412235736846923828e+00 8.645324409008026123e-02 -3.281354159116744995e-02 5.932858213782310486e-03 9.956977367401123047e-01
1.472800827026367188e+01 -1.010554552078247070e+00 1.675397157669067383e+00 8.590789884328842163e-02 -5.010935291647911072e-02 2.370283938944339752e-02 9.947597980499267578e-01
1.477061462402343750e+01 -1.031139492988586426e+00 1.940694808959960938e+00 8.610195666551589966e-02 -6.602236628532409668e-02 4.151353240013122559e-02 9.932291507720947266e-01
1.481170940399169922e+01 -1.056093335151672363e+00 2.192826509475708008e+00 8.138771355152130127e-02 -8.071748167276382446e-02 5.928590148687362671e-02 9.916380047798156738e-01
1.486386203765869141e+01 -1.051277637481689453e+00 2.454331159591674805e+00 8.140706270933151245e-02 -9.557101875543594360e-02 7.563860714435577393e-02 9.892006516456604004e-01
1.491419601440429688e+01 -1.030192852020263672e+00 2.718624830245971680e+00 8.153989166021347046e-02 -1.094139888882637024e-01 9.123062342405319214e-02 9.864364266395568848e-01
1.494770812988281250e+01 -9.955310821533203125e-01 2.984515666961669922e+00 8.172944188117980957e-02 -1.214121729135513306e-01 1.058909073472023010e-01 9.835479259490966797e-01
1.497907924652099609e+01 -9.452432394027709961e-01 3.256322383880615234e+00 8.208619803190231323e-02 -1.317665874958038330e-01 1.195565909147262573e-01 9.806149601936340332e-01
1.503851795196533203e+01 -8.745557069778442383e-01 3.517018556594848633e+00 8.261901885271072388e-02 -1.412113159894943237e-01 1.320586651563644409e-01 9.776471853256225586e-01
1.508358287811279297e+01 -7.876623868942260742e-01 3.787709474563598633e+00 8.340410143136978149e-02 -1.490534991025924683e-01 1.429789364337921143e-01 9.748762845993041992e-01
1.511854553222656250e+01 -6.830340027809143066e-01 4.058035373687744141e+00 8.427149057388305664e-02 -1.549305319786071777e-01 1.526051759719848633e-01 9.724230170249938965e-01
1.515190601348876953e+01 -5.704699158668518066e-01 4.320810794830322266e+00 8.505097776651382446e-02 -1.590172350406646729e-01 1.614666879177093506e-01 9.702619910240173340e-01
1.520805168151855469e+01 -4.497565925121307373e-01 4.566715240478515625e+00 8.648724853992462158e-02 -1.621225476264953613e-01 1.687651127576828003e-01 9.683772921562194824e-01
1.526903820037841797e+01 -3.315137326717376709e-01 4.822852134704589844e+00 8.753793686628341675e-02 -1.642276644706726074e-01 1.750419586896896362e-01 9.668126702308654785e-01
1.534892749786376953e+01 -2.102663367986679077e-01 5.094878673553466797e+00 8.938350528478622437e-02 -1.656627207994461060e-01 1.807329058647155762e-01 9.653507471084594727e-01
1.543788719177246094e+01 -1.248869448900222778e-01 5.340563297271728516e+00 9.054045379161834717e-02 -1.659015268087387085e-01 1.849725544452667236e-01 9.643983840942382812e-01
1.554080581665039062e+01 -4.740557074546813965e-02 5.587842941284179688e+00 9.299021214246749878e-02 -1.655955612659454346e-01 1.888720989227294922e-01 9.634616374969482422e-01
1.563036727905273438e+01 -1.404783502221107483e-02 5.849075317382812500e+00 9.490755945444107056e-02 -1.639096438884735107e-01 1.916629374027252197e-01 9.630116820335388184e-01
1.572962284088134766e+01 7.930677384138107300e-03 6.091407775878906250e+00 9.737499803304672241e-02 -1.616235822439193726e-01 1.942706853151321411e-01 9.626291394233703613e-01
1.584549140930175781e+01 1.579006947576999664e-02 6.316142559051513672e+00 9.950312227010726929e-02 -1.591739058494567871e-01 1.952132582664489746e-01 9.626290202140808105e-01
1.595077896118164062e+01 9.694866836071014404e-03 6.526659011840820312e+00 1.017219573259353638e-01 -1.563621163368225098e-01 1.952714174985885620e-01 9.628461003303527832e-01
1.606804656982421875e+01 -3.151288256049156189e-04 6.726572036743164062e+00 1.036847457289695740e-01 -1.536400765180587769e-01 1.954419165849685669e-01 9.630403518676757812e-01
1.617223358154296875e+01 -1.591954752802848816e-02 6.919049739837646484e+00 1.055077686905860901e-01 -1.505768597126007080e-01 1.956538408994674683e-01 9.632830619812011719e-01
1.629841995239257812e+01 -1.457408163696527481e-02 7.097459793090820312e+00 1.078402400016784668e-01 -1.482472717761993408e-01 1.959586292505264282e-01 9.633241891860961914e-01
1.638594627380371094e+01 -3.314539417624473572e-02 7.277029514312744141e+00 1.094409003853797913e-01 -1.450394243001937866e-01 1.954683959484100342e-01 9.637314677238464355e-01
1.649213027954101562e+01 -4.367116093635559082e-02 7.440416812896728516e+00 1.106427758932113647e-01 -1.426011025905609131e-01 1.953307539224624634e-01 9.639859795570373535e-01
1.659156799316406250e+01 -5.489956960082054138e-02 7.588509559631347656e+00 1.114545837044715881e-01 -1.407691538333892822e-01 1.953568458557128906e-01 9.641564488410949707e-01
1.666557884216308594e+01 -7.043682783842086792e-02 7.735665798187255859e+00 1.120318248867988586e-01 -1.386335492134094238e-01 1.950932741165161133e-01 9.644522666931152344e-01
1.675217437744140625e+01 -8.245253562927246094e-02 7.875165939331054688e+00 1.123491749167442322e-01 -1.376566737890243530e-01 1.933825910091400146e-01 9.648997187614440918e-01
1.682709503173828125e+01 -8.206447213888168335e-02 7.998709201812744141e+00 1.126451417803764343e-01 -1.372857838869094849e-01 1.911142319440841675e-01 9.653699398040771484e-01
1.689135742187500000e+01 -7.824212312698364258e-02 8.132034301757812500e+00 1.130958348512649536e-01 -1.371876895427703857e-01 1.891167908906936646e-01 9.657244682312011719e-01
1.695630836486816406e+01 -7.398141175508499146e-02 8.256452560424804688e+00 1.130599230527877808e-01 -1.375672966241836548e-01 1.869724243879318237e-01 9.660921096801757812e-01
1.699637413024902344e+01 -7.166568934917449951e-02 8.362397193908691406e+00 1.128215715289115906e-01 -1.375672370195388794e-01 1.845351457595825195e-01 9.665884971618652344e-01
1.702785301208496094e+01 -6.097155064344406128e-02 8.475935935974121094e+00 1.129467412829399109e-01 -1.375334411859512329e-01 1.820770800113677979e-01 9.670447707176208496e-01
1.705264854431152344e+01 -5.135107040405273438e-02 8.572011947631835938e+00 1.129627600312232971e-01 -1.373446285724639893e-01 1.794159561395645142e-01 9.675669074058532715e-01
1.708039283752441406e+01 -3.930741548538208008e-02 8.656828880310058594e+00 1.130567491054534912e-01 -1.373058408498764038e-01 1.766864806413650513e-01 9.680635929107666016e-01
1.708122253417968750e+01 -3.401385992765426636e-02 8.739529609680175781e+00 1.130848452448844910e-01 -1.364290118217468262e-01 1.734831333160400391e-01 9.687634110450744629e-01
1.708637428283691406e+01 -2.119923755526542664e-02 8.820071220397949219e+00 1.133431792259216309e-01 -1.354554742574691772e-01 1.704415082931518555e-01 9.694095253944396973e-01
1.709434700012207031e+01 -8.731671608984470367e-03 8.893800735473632812e+00 1.136521622538566589e-01 -1.344417482614517212e-01 1.670225411653518677e-01 9.701092839241027832e-01
1.711227416992187500e+01 -3.394126892089843750e-03 8.945044517517089844e+00 1.139225959777832031e-01 -1.332644075155258179e-01 1.630275100469589233e-01 9.709193110466003418e-01
1.711301994323730469e+01 1.056182943284511566e-02 8.987896919250488281e+00 1.150639280676841736e-01 -1.309824585914611816e-01 1.583811938762664795e-01 9.718638062477111816e-01
1.710539054870605469e+01 8.643543347716331482e-03 9.016543388366699219e+00 1.157863363623619080e-01 -1.275552064180374146e-01 1.533529162406921387e-01 9.730396270751953125e-01
1.709746742248535156e+01 9.952343069016933441e-03 9.041668891906738281e+00 1.170188710093498230e-01 -1.235005110502243042e-01 1.480118185281753540e-01 9.742416143417358398e-01
1.709609985351562500e+01 1.057856809347867966e-02 9.057987213134765625e+00 1.185914427042007446e-01 -1.185199767351150513e-01 1.424634456634521484e-01 9.754964113235473633e-01
1.707667350769042969e+01 1.081790216267108917e-02 9.066838264465332031e+00 1.205813288688659668e-01 -1.120328083634376526e-01 1.364562213420867920e-01 9.768769145011901855e-01
1.706598091125488281e+01 1.110382750630378723e-02 9.075580596923828125e+00 1.231226250529289246e-01 -1.046385392546653748e-01 1.298924684524536133e-01 9.782737493515014648e-01
1.705569648742675781e+01 1.160791143774986267e-02 9.082423210144042969e+00 1.260892897844314575e-01 -9.605158120393753052e-02 1.226273700594902039e-01 9.797132611274719238e-01
1.705562019348144531e+01 1.335897855460643768e-02 9.083494186401367188e+00 1.294433772563934326e-01 -8.635806292295455933e-02 1.150819510221481323e-01 9.810926914215087891e-01
1.705261039733886719e+01 1.325254049152135849e-02 9.088426589965820312e+00 1.335227936506271362e-01 -7.515076547861099243e-02 1.070045456290245056e-01 9.823818206787109375e-01
1.704592704772949219e+01 1.136974804103374481e-02 9.089237213134765625e+00 1.378509402275085449e-01 -6.264580041170120239e-02 9.849134832620620728e-02 9.835507273674011230e-01
1.704951858520507812e+01 1.154513377696275711e-02 9.098525047302246094e+00 1.426999717950820923e-01 -4.906220361590385437e-02 8.960837870836257935e-02 9.844795465469360352e-01
1.705176734924316406e+01 1.297358237206935883e-02 9.108036041259765625e+00 1.479195505380630493e-01 -3.432760760188102722e-02 8.016651868820190430e-02 9.851470589637756348e-01
1.704661941528320312e+01 1.335067860782146454e-02 9.110084533691406250e+00 1.533581018447875977e-01 -1.870383508503437042e-02 7.071785628795623779e-02 9.854595065116882324e-01
1.702920150756835938e+01 8.934795856475830078e-03 9.117233276367187500e+00 1.585451066493988037e-01 -1.768072484992444515e-03 6.127583235502243042e-02 9.854468703269958496e-01
1.702094459533691406e+01 8.409389294683933258e-03 9.125546455383300781e+00 1.638051420450210571e-01 1.536700781434774399e-02 5.174990743398666382e-02 9.850145578384399414e-01
1.702547264099121094e+01 1.355013623833656311e-02 9.136601448059082031e+00 1.691731512546539307e-01 3.236946836113929749e-02 4.258709028363227844e-02 9.841336011886596680e-01
1.702253150939941406e+01 2.401170693337917328e-02 9.148991584777832031e+00 1.747617125511169434e-01 4.980435967445373535e-02 3.339771181344985962e-02 9.827830195426940918e-01
1.701765060424804688e+01 2.499355934560298920e-02 9.149044036865234375e+00 1.797105669975280762e-01 6.722768396139144897e-02 2.476561814546585083e-02 9.811071157455444336e-01
1.700571060180664062e+01 1.914724335074424744e-02 9.148541450500488281e+00 1.840163916349411011e-01 8.471806347370147705e-02 1.677456498146057129e-02 9.791217446327209473e-01
1.699974822998046875e+01 1.699031516909599304e-02 9.151322364807128906e+00 1.882027387619018555e-01 1.017177328467369080e-01 9.028700180351734161e-03 9.768069386482238770e-01
1.699741935729980469e+01 1.925987936556339264e-02 9.167906761169433594e+00 1.916611492633819580e-01 1.184022948145866394e-01 1.710203359834849834e-03 9.742915034294128418e-01
1.698456001281738281e+01 1.848877966403961182e-02 9.172023773193359375e+00 1.948849111795425415e-01 1.344420909881591797e-01 -4.572751466184854507e-03 9.715576767921447754e-01
1.699025917053222656e+01 2.085901610553264618e-02 9.189209938049316406e+00 1.973591297864913940e-01 1.493562906980514526e-01 -1.033473759889602661e-02 9.688318967819213867e-01
1.698645401000976562e+01 2.072823047637939453e-02 9.200393676757812500e+00 1.993977576494216919e-01 1.633524894714355469e-01 -1.491706538945436478e-02 9.660921096801757812e-01
1.699346160888671875e+01 2.681788057088851929e-02 9.221506118774414062e+00 2.009302377700805664e-01 1.761821806430816650e-01 -1.870415546000003815e-02 9.634505510330200195e-01
1.699270248413085938e+01 2.911768481135368347e-02 9.230882644653320312e+00 2.014194130897521973e-01 1.877909004688262939e-01 -2.113491296768188477e-02 9.611025452613830566e-01
1.700553894042968750e+01 4.046497866511344910e-02 9.241983413696289062e+00 2.014206647872924805e-01 1.974836140871047974e-01 -2.250953204929828644e-02 9.591262936592102051e-01
1.700288772583007812e+01 3.880155831575393677e-02 9.253332138061523438e+00 2.000911682844161987e-01 2.060623019933700562e-01 -2.240541391074657440e-02 9.576010704040527344e-01
1.701936531066894531e+01 4.495561495423316956e-02 9.277194976806640625e+00 1.979660987854003906e-01 2.127123475074768066e-01 -2.132808975875377655e-02 9.566127657890319824e-01
1.701017761230468750e+01 4.412151873111724854e-02 9.282870292663574219e+00 1.948950439691543579e-01 2.183006256818771362e-01 -1.855493150651454926e-02 9.560421109199523926e-01
1.700750541687011719e+01 4.994082078337669373e-02 9.295656204223632812e+00 1.912016868591308594e-01 2.225095629692077637e-01 -1.528406329452991486e-02 9.558753967285156250e-01
1.699890136718750000e+01 4.904848709702491760e-02 9.312611579895019531e+00 1.867703497409820557e-01 2.256478071212768555e-01 -1.086582150310277939e-02 9.560762643814086914e-01
1.700214195251464844e+01 5.333463847637176514e-02 9.339914321899414062e+00 1.821104586124420166e-01 2.274667173624038696e-01 -5.100542679429054260e-03 9.565922021865844727e-01
1.700198745727539062e+01 5.231283605098724365e-02 9.360961914062500000e+00 1.768035292625427246e-01 2.282672226428985596e-01 1.364647643640637398e-03 9.574093818664550781e-01
1.702085113525390625e+01 5.706546828150749207e-02 9.375290870666503906e+00 1.715942025184631348e-01 2.275614291429519653e-01 8.572801947593688965e-03 9.584872126579284668e-01
1.704315757751464844e+01 6.979019194841384888e-02 9.396479606628417969e+00 1.666213423013687134e-01 2.265000790357589722e-01 1.632847264409065247e-02 9.595146775245666504e-01
1.705954170227050781e+01 8.231755346059799194e-02 9.413113594055175781e+00 1.615880280733108521e-01 2.247079461812973022e-01 2.436929754912853241e-02 9.606257081031799316e-01
1.707573699951171875e+01 9.199861437082290649e-02 9.435540199279785156e+00 1.565435826778411865e-01 2.226997911930084229e-01 3.263692557811737061e-02 9.616827964782714844e-01
1.706647491455078125e+01 9.165059775114059448e-02 9.460292816162109375e+00 1.512573063373565674e-01 2.214753329753875732e-01 4.090925678610801697e-02 9.624948501586914062e-01
1.705945587158203125e+01 9.411105513572692871e-02 9.476743698120117188e+00 1.462906301021575928e-01 2.198521494865417480e-01 4.903577640652656555e-02 9.632546901702880859e-01
1.704953575134277344e+01 8.860577642917633057e-02 9.499323844909667969e+00 1.414310336112976074e-01 2.189107239246368408e-01 5.691500753164291382e-02 9.637613892555236816e-01
1.705879211425781250e+01 1.083772629499435425e-01 9.514862060546875000e+00 1.385203301906585693e-01 2.170250117778778076e-01 6.468528509140014648e-02 9.641203284263610840e-01
1.705813598632812500e+01 1.162772998213768005e-01 9.531779289245605469e+00 1.356425732374191284e-01 2.158951163291931152e-01 7.210722565650939941e-02 9.642566442489624023e-01
1.705846977233886719e+01 1.222695335745811462e-01 9.544730186462402344e+00 1.333828717470169067e-01 2.154818922281265259e-01 7.901760935783386230e-02 9.641227722167968750e-01
1.704314613342285156e+01 1.172026321291923523e-01 9.565475463867187500e+00 1.314304918050765991e-01 2.166040837764739990e-01 8.487363159656524658e-02 9.636415839195251465e-01
1.705424690246582031e+01 1.248556300997734070e-01 9.592100143432617188e+00 1.312675774097442627e-01 2.177074849605560303e-01 9.028726816177368164e-02 9.629229307174682617e-01
1.704926490783691406e+01 1.321751028299331665e-01 9.616275787353515625e+00 1.322866827249526978e-01 2.204095125198364258e-01 9.470242261886596680e-02 9.617438912391662598e-01
1.704922676086425781e+01 1.403635740280151367e-01 9.638970375061035156e+00 1.347889453172683716e-01 2.241206318140029907e-01 9.834887087345123291e-02 9.601715207099914551e-01
1.702545928955078125e+01 1.670122742652893066e-01 9.664274215698242188e+00 1.397717893123626709e-01 2.298993170261383057e-01 9.943879395723342896e-02 9.579781293869018555e-01
1.701464462280273438e+01 1.790707260370254517e-01 9.692358016967773438e+00 1.446426957845687866e-01 2.366416454315185547e-01 9.961166977882385254e-02 9.555923342704772949e-01
1.700132560729980469e+01 1.806582808494567871e-01 9.722111701965332031e+00 1.503618657588958740e-01 2.445804476737976074e-01 9.944006800651550293e-02 9.527241587638854980e-01
1.700604057312011719e+01 1.903491020202636719e-01 9.757635116577148438e+00 1.576535850763320923e-01 2.528385519981384277e-01 9.869941323995590210e-02 9.494611620903015137e-01
1.700948715209960938e+01 1.951742768287658691e-01 9.777544021606445312e+00 1.657048910856246948e-01 2.615446448326110840e-01 9.739518910646438599e-02 9.458596110343933105e-01
1.700472831726074219e+01 1.980384886264801025e-01 9.794060707092285156e+00 1.743304878473281860e-01 2.707526981830596924e-01 9.556988626718521118e-02 9.418961405754089355e-01
1.701370811462402344e+01 2.086459398269653320e-01 9.819985389709472656e+00 1.834816187620162964e-01 2.804249525070190430e-01 9.255968779325485229e-02 9.376187920570373535e-01
1.700929069519042969e+01 2.032530009746551514e-01 9.852748870849609375e+00 1.923538446426391602e-01 2.910699248313903809e-01 8.929810672998428345e-02 9.329009652137756348e-01
1.700610923767089844e+01 2.060886174440383911e-01 9.890573501586914062e+00 2.018340826034545898e-01 3.018666505813598633e-01 8.535039424896240234e-02 9.278226494789123535e-01
1.700328636169433594e+01 2.228893339633941650e-01 9.943283081054687500e+00 2.120619565248489380e-01 3.127396106719970703e-01 8.031999319791793823e-02 9.223732352256774902e-01
1.699496841430664062e+01 2.378895580768585205e-01 9.989938735961914062e+00 2.221697270870208740e-01 3.234382867813110352e-01 7.539352029561996460e-02 9.167028069496154785e-01
1.699991226196289062e+01 2.620828449726104736e-01 1.003177452087402344e+01 2.325537800788879395e-01 3.331218063831329346e-01 7.013305276632308960e-02 9.110597968101501465e-01
1.697041511535644531e+01 2.706149518489837646e-01 1.007434272766113281e+01 2.418021112680435181e-01 3.432950079441070557e-01 6.496828049421310425e-02 9.052399992942810059e-01
1.696981239318847656e+01 2.925876379013061523e-01 1.013326358795166016e+01 2.513521015644073486e-01 3.524581491947174072e-01 5.929487198591232300e-02 8.994884490966796875e-01
1.695804595947265625e+01 3.097330927848815918e-01 1.018613243103027344e+01 2.599998414516448975e-01 3.612544238567352295e-01 5.390172079205513000e-02 8.938623666763305664e-01
1.696470451354980469e+01 3.234210610389709473e-01 1.023211479187011719e+01 2.678160369396209717e-01 3.688556551933288574e-01 4.961341619491577148e-02 8.886836171150207520e-01
1.695157241821289062e+01 3.421140909194946289e-01 1.029768276214599609e+01 2.752119600772857666e-01 3.759796619415283203e-01 4.459173232316970825e-02 8.836907148361206055e-01
1.694236946105957031e+01 3.687674701213836670e-01 1.036238288879394531e+01 2.819287776947021484e-01 3.819579780101776123e-01 3.991639986634254456e-02 8.792217969894409180e-01
1.695023345947265625e+01 3.966323435306549072e-01 1.042584896087646484e+01 2.875533998012542725e-01 3.862331807613372803e-01 3.585869073867797852e-02 8.757003545761108398e-01
1.697245216369628906e+01 4.286684393882751465e-01 1.049655914306640625e+01 2.923176884651184082e-01 3.889178335666656494e-01 3.252410888671875000e-02 8.730610013008117676e-01
1.698569679260253906e+01 4.740291237831115723e-01 1.056447982788085938e+01 2.929037511348724365e-01 3.912032842636108398e-01 3.102563135325908661e-02 8.718972206115722656e-01
1.698771858215332031e+01 5.113398432731628418e-01 1.062119960784912109e+01 2.926967442035675049e-01 3.919489085674285889e-01 3.007396310567855835e-02 8.716651797294616699e-01
1.700167274475097656e+01 5.537412762641906738e-01 1.069521903991699219e+01 2.921830415725708008e-01 3.919287025928497314e-01 2.927515842020511627e-02 8.718737959861755371e-01
1.699643516540527344e+01 5.900215506553649902e-01 1.077507400512695312e+01 2.911083400249481201e-01 3.911547362804412842e-01 2.793738245964050293e-02 8.726244568824768066e-01
1.700517845153808594e+01 6.306992173194885254e-01 1.086226272583007812e+01 2.900573015213012695e-01 3.894704282283782959e-01 2.717722952365875244e-02 8.737511038780212402e-01
1.700551223754882812e+01 6.725971698760986328e-01 1.094176483154296875e+01 2.887620925903320312e-01 3.872106671333312988e-01 2.568863332271575928e-02 8.752282261848449707e-01
1.701313018798828125e+01 7.124966382980346680e-01 1.102750587463378906e+01 2.874437570571899414e-01 3.841976225376129150e-01 2.457694709300994873e-02 8.770201206207275391e-01
1.701923179626464844e+01 7.500182986259460449e-01 1.111448192596435547e+01 2.859264314174652100e-01 3.809379339218139648e-01 2.339188009500503540e-02 8.789682388305664062e-01
1.701183700561523438e+01 7.858011126518249512e-01 1.120644855499267578e+01 2.843225300312042236e-01 3.780555129051208496e-01 2.207989245653152466e-02 8.807651400566101074e-01
1.702529716491699219e+01 8.262878656387329102e-01 1.130954742431640625e+01 2.830272316932678223e-01 3.747485876083374023e-01 2.080831862986087799e-02 8.826245665550231934e-01
1.700584983825683594e+01 8.546332716941833496e-01 1.141077232360839844e+01 2.812314033508300781e-01 3.725562095642089844e-01 1.930300891399383545e-02 8.841595649719238281e-01
1.699660491943359375e+01 8.826507925987243652e-01 1.151912021636962891e+01 2.798275351524353027e-01 3.703838884830474854e-01 1.793876662850379944e-02 8.855453133583068848e-01
1.697167205810546875e+01 8.980457782745361328e-01 1.162246131896972656e+01 2.785932421684265137e-01 3.691942691802978516e-01 1.586096361279487610e-02 8.864703774452209473e-01
1.695452117919921875e+01 9.067835211753845215e-01 1.172674179077148438e+01 2.775471508502960205e-01 3.690774738788604736e-01 1.368291210383176804e-02 8.868834376335144043e-01
1.693109512329101562e+01 9.104530811309814453e-01 1.182563877105712891e+01 2.765724658966064453e-01 3.704897165298461914e-01 1.096145249903202057e-02 8.866368532180786133e-01
1.691983032226562500e+01 9.149450659751892090e-01 1.191485214233398438e+01 2.754312157630920410e-01 3.726592957973480225e-01 8.560704998672008514e-03 8.861091732978820801e-01
1.689195251464843750e+01 9.077480435371398926e-01 1.199532127380371094e+01 2.742626667022705078e-01 3.766406774520874023e-01 6.083891727030277252e-03 8.848077058792114258e-01
1.687444877624511719e+01 9.007717967033386230e-01 1.207372283935546875e+01 2.738723754882812500e-01 3.819780945777893066e-01 2.918294630944728851e-03 8.826540112495422363e-01
1.685060310363769531e+01 8.894245028495788574e-01 1.213710975646972656e+01 2.737542390823364258e-01 3.891181051731109619e-01 -8.297727326862514019e-04 8.795709609985351562e-01
1.683370780944824219e+01 8.783975839614868164e-01 1.219929504394531250e+01 2.749090194702148438e-01 3.981661498546600342e-01 -5.154969170689582825e-03 8.751355409622192383e-01
1.681229400634765625e+01 8.594812154769897461e-01 1.225222969055175781e+01 2.746551930904388428e-01 4.098995327949523926e-01 -9.243770502507686615e-03 8.697479367256164551e-01
1.680279350280761719e+01 8.435900807380676270e-01 1.230633735656738281e+01 2.747768759727478027e-01 4.234824180603027344e-01 -1.354900747537612915e-02 8.631203174591064453e-01
1.679775810241699219e+01 8.284885883331298828e-01 1.235141277313232422e+01 2.751361131668090820e-01 4.385787844657897949e-01 -1.807875186204910278e-02 8.553490042686462402e-01
1.678226852416992188e+01 8.115751147270202637e-01 1.238707065582275391e+01 2.756528854370117188e-01 4.551536440849304199e-01 -2.235154993832111359e-02 8.463752269744873047e-01
1.677314758300781250e+01 8.012866973876953125e-01 1.242500495910644531e+01 2.764176130294799805e-01 4.727937579154968262e-01 -2.673990465700626373e-02 8.362681269645690918e-01
1.675652694702148438e+01 7.908793091773986816e-01 1.245858192443847656e+01 2.773450016975402832e-01 4.911842048168182373e-01 -3.148332983255386353e-02 8.251222372055053711e-01
1.676058387756347656e+01 7.911706566810607910e-01 1.248670768737792969e+01 2.789474129676818848e-01 5.096448659896850586e-01 -3.620378673076629639e-02 8.131050467491149902e-01
1.676134681701660156e+01 7.907161712646484375e-01 1.251231670379638672e+01 2.805216908454895020e-01 5.282436609268188477e-01 -4.086851328611373901e-02 8.003724217414855957e-01
1.675992584228515625e+01 7.819863557815551758e-01 1.253111267089843750e+01 2.822220027446746826e-01 5.463352203369140625e-01 -4.476843774318695068e-02 7.873146533966064453e-01
1.674413681030273438e+01 7.681694030761718750e-01 1.254842472076416016e+01 2.838144302368164062e-01 5.637516379356384277e-01 -4.830822348594665527e-02 7.741445302963256836e-01
1.674151611328125000e+01 7.441878318786621094e-01 1.256909275054931641e+01 2.851673960685729980e-01 5.800781846046447754e-01 -5.163041874766349792e-02 7.612642049789428711e-01
1.672575569152832031e+01 7.284023761749267578e-01 1.260582447052001953e+01 2.869109511375427246e-01 5.957179665565490723e-01 -5.539749935269355774e-02 7.481532692909240723e-01
1.671360969543457031e+01 7.054137587547302246e-01 1.265163230895996094e+01 2.884692847728729248e-01 6.100549101829528809e-01 -5.889170989394187927e-02 7.356291413307189941e-01
1.668837738037109375e+01 6.745284199714660645e-01 1.270672702789306641e+01 2.894658148288726807e-01 6.233162283897399902e-01 -6.240885332226753235e-02 7.237343788146972656e-01
1.665854072570800781e+01 6.380046010017395020e-01 1.276112461090087891e+01 2.900361418724060059e-01 6.346827745437622070e-01 -6.597157567739486694e-02 7.132353782653808594e-01
1.662898063659667969e+01 6.046338081359863281e-01 1.281452274322509766e+01 2.894476652145385742e-01 6.446452736854553223e-01 -7.004588842391967773e-02 7.040925621986389160e-01
1.661437606811523438e+01 5.655506253242492676e-01 1.287471485137939453e+01 2.889800369739532471e-01 6.520727872848510742e-01 -7.325150817632675171e-02 6.970839500427246094e-01
1.658424377441406250e+01 5.253002047538757324e-01 1.293659019470214844e+01 2.887967228889465332e-01 6.569639444351196289e-01 -7.541280984878540039e-02 6.923207044601440430e-01
1.655221176147460938e+01 4.728816151618957520e-01 1.299535655975341797e+01 2.885476052761077881e-01 6.593976616859436035e-01 -7.651188224554061890e-02 6.899860501289367676e-01
1.652889060974121094e+01 4.213958084583282471e-01 1.305379581451416016e+01 2.891528308391571045e-01 6.586266160011291504e-01 -7.636012136936187744e-02 6.904860734939575195e-01
1.650831604003906250e+01 3.658995628356933594e-01 1.311950206756591797e+01 2.818151414394378662e-01 6.587557792663574219e-01 -7.021348178386688232e-02 6.940396428108215332e-01
1.646988105773925781e+01 2.900716364383697510e-01 1.318928432464599609e+01 2.724483311176300049e-01 6.571128964424133301e-01 -6.253622472286224365e-02 7.000455856323242188e-01
1.641425323486328125e+01 2.068353891372680664e-01 1.325149917602539062e+01 2.623060643672943115e-01 6.530689001083374023e-01 -5.361003428697586060e-02 7.083945274353027344e-01
1.637688446044921875e+01 1.192526593804359436e-01 1.330456733703613281e+01 2.511426210403442383e-01 6.468437314033508301e-01 -4.335746541619300842e-02 7.187773585319519043e-01
1.631359481811523438e+01 1.750342547893524170e-02 1.336441707611083984e+01 2.387157380580902100e-01 6.391355395317077637e-01 -3.145387396216392517e-02 7.304322123527526855e-01
1.625754928588867188e+01 -8.768551796674728394e-02 1.342711925506591797e+01 2.257758677005767822e-01 6.295460462570190430e-01 -1.921403594315052032e-02 7.431876659393310547e-01
1.619900512695312500e+01 -1.929813027381896973e-01 1.348993015289306641e+01 2.122927308082580566e-01 6.182941794395446777e-01 -6.609943695366382599e-03 7.567036747932434082e-01
1.615274238586425781e+01 -2.982644438743591309e-01 1.354847431182861328e+01 1.981299817562103271e-01 6.054322719573974609e-01 6.512974854558706284e-03 7.708137631416320801e-01
1.607611274719238281e+01 -4.140786826610565186e-01 1.360984230041503906e+01 1.834862381219863892e-01 5.914918184280395508e-01 2.015302516520023346e-02 7.848975062370300293e-01
1.601457595825195312e+01 -5.225179791450500488e-01 1.367406463623046875e+01 1.691170632839202881e-01 5.761681795120239258e-01 3.373213857412338257e-02 7.989316582679748535e-01
1.595736312866210938e+01 -6.117548942565917969e-01 1.373406219482421875e+01 1.556485593318939209e-01 5.595629811286926270e-01 4.674036055803298950e-02 8.126980662345886230e-01
1.588850593566894531e+01 -7.143287062644958496e-01 1.377081108093261719e+01 1.419877558946609497e-01 5.415160059928894043e-01 6.009921059012413025e-02 8.264308571815490723e-01
1.582169628143310547e+01 -8.289653658866882324e-01 1.381692218780517578e+01 1.279502362012863159e-01 5.235634446144104004e-01 7.344099134206771851e-02 8.391164541244506836e-01
1.574042797088623047e+01 -9.494146108627319336e-01 1.387417221069335938e+01 1.142010986804962158e-01 5.058684349060058594e-01 8.625666052103042603e-02 8.506556749343872070e-01
1.566405868530273438e+01 -1.074717879295349121e+00 1.393923854827880859e+01 1.009767651557922363e-01 4.883614480495452881e-01 9.853921085596084595e-02 8.611601591110229492e-01
1.559340763092041016e+01 -1.188029646873474121e+00 1.401141738891601562e+01 8.856485784053802490e-02 4.708640575408935547e-01 1.095118075609207153e-01 8.708906173706054688e-01
1.552307224273681641e+01 -1.304006099700927734e+00 1.408732318878173828e+01 7.733958214521408081e-02 4.539237916469573975e-01 1.202649846673011780e-01 8.794931173324584961e-01
1.545054435729980469e+01 -1.421580195426940918e+00 1.417092132568359375e+01 6.729891896247863770e-02 4.382493793964385986e-01 1.298365294933319092e-01 8.868770003318786621e-01
1.539501762390136719e+01 -1.519287109375000000e+00 1.426803874969482422e+01 5.878361314535140991e-02 4.236446619033813477e-01 1.384840458631515503e-01 8.932479023933410645e-01
1.530442619323730469e+01 -1.614996552467346191e+00 1.439082431793212891e+01 5.254890769720077515e-02 4.128112792968750000e-01 1.442174762487411499e-01 8.977899551391601562e-01
1.523973846435546875e+01 -1.691078186035156250e+00 1.452957153320312500e+01 4.780842363834381104e-02 4.033688008785247803e-01 1.488595753908157349e-01 9.015812873840332031e-01
1.516465091705322266e+01 -1.778600931167602539e+00 1.467503738403320312e+01 4.415633156895637512e-02 3.967339992523193359e-01 1.517751067876815796e-01 9.042215943336486816e-01
1.509142589569091797e+01 -1.839894533157348633e+00 1.482517528533935547e+01 4.363930970430374146e-02 3.919899165630340576e-01 1.531138867139816284e-01 9.060881137847900391e-01
1.503432273864746094e+01 -1.876083374023437500e+00 1.498100566864013672e+01 4.475011304020881653e-02 3.885075151920318604e-01 1.532183587551116943e-01 9.075149893760681152e-01
1.497697544097900391e+01 -1.913022994995117188e+00 1.513614559173583984e+01 4.728576540946960449e-02 3.868064284324645996e-01 1.523382216691970825e-01 9.082608819007873535e-01
1.490886497497558594e+01 -1.949731111526489258e+00 1.530421161651611328e+01 5.117492005228996277e-02 3.872737884521484375e-01 1.500146985054016113e-01 9.082376956939697266e-01
1.486652088165283203e+01 -1.968489885330200195e+00 1.547005367279052734e+01 5.628036335110664368e-02 3.880954682826995850e-01 1.470237225294113159e-01 9.080740213394165039e-01
1.481186771392822266e+01 -1.999446868896484375e+00 1.563713455200195312e+01 6.174877658486366272e-02 3.905007243156433105e-01 1.435984522104263306e-01 9.072352051734924316e-01
1.476369667053222656e+01 -2.028290748596191406e+00 1.581883430480957031e+01 6.802897900342941284e-02 3.941657245159149170e-01 1.393281668424606323e-01 9.058659672737121582e-01
1.471287822723388672e+01 -2.061652183532714844e+00 1.600421333312988281e+01 7.475733011960983276e-02 3.989681005477905273e-01 1.343232244253158569e-01 9.039872884750366211e-01
1.466552066802978516e+01 -2.077648639678955078e+00 1.619461250305175781e+01 8.222294598817825317e-02 4.043491482734680176e-01 1.286227256059646606e-01 9.017745852470397949e-01
1.462019538879394531e+01 -2.091268777847290039e+00 1.639258384704589844e+01 9.023094177246093750e-02 4.104908704757690430e-01 1.225733906030654907e-01 8.990725278854370117e-01
1.457140064239501953e+01 -2.105797052383422852e+00 1.659257125854492188e+01 9.833576530218124390e-02 4.170922935009002686e-01 1.163479015231132507e-01 8.960062861442565918e-01
1.452410221099853516e+01 -2.116703748703002930e+00 1.679431152343750000e+01 1.070480421185493469e-01 4.236884117126464844e-01 1.099058836698532104e-01 8.927203416824340820e-01
1.448538112640380859e+01 -2.122076988220214844e+00 1.699731445312500000e+01 1.155761107802391052e-01 4.303018748760223389e-01 1.034077554941177368e-01 8.892633318901062012e-01
1.442823791503906250e+01 -2.121883392333984375e+00 1.720245742797851562e+01 1.241611987352371216e-01 4.378375709056854248e-01 9.640170633792877197e-02 8.852056264877319336e-01
1.437243175506591797e+01 -2.116593599319458008e+00 1.739890289306640625e+01 1.328793615102767944e-01 4.448891580104827881e-01 8.940612524747848511e-02 8.811488151550292969e-01
1.432438182830810547e+01 -2.103549957275390625e+00 1.758160400390625000e+01 1.416945308446884155e-01 4.508476257324218750e-01 8.249343931674957275e-02 8.774132132530212402e-01
1.427588367462158203e+01 -2.093602180480957031e+00 1.775541496276855469e+01 1.496533900499343872e-01 4.563032686710357666e-01 7.603589445352554321e-02 8.738476634025573730e-01
1.423796367645263672e+01 -2.089169025421142578e+00 1.794328308105468750e+01 1.568021476268768311e-01 4.615047574043273926e-01 7.020989060401916504e-02 8.703430294990539551e-01
1.421017742156982422e+01 -2.068983078002929688e+00 1.809319496154785156e+01 1.640260517597198486e-01 4.643405675888061523e-01 6.513578444719314575e-02 8.678943514823913574e-01
1.418020057678222656e+01 -2.069685697555541992e+00 1.826636505126953125e+01 1.693301349878311157e-01 4.676025211811065674e-01 6.093378737568855286e-02 8.654260635375976562e-01
1.414698600769042969e+01 -2.063006639480590820e+00 1.840728950500488281e+01 1.741192191839218140e-01 4.692977070808410645e-01 5.732942745089530945e-02 8.638029098510742188e-01
1.412076568603515625e+01 -2.049070835113525391e+00 1.856859970092773438e+01 1.787261366844177246e-01 4.711425006389617920e-01 5.370678380131721497e-02 8.620889186859130859e-01
1.410009002685546875e+01 -2.030311822891235352e+00 1.873711967468261719e+01 1.832569688558578491e-01 4.727467298507690430e-01 5.064474418759346008e-02 8.604432344436645508e-01
1.405582141876220703e+01 -2.025045871734619141e+00 1.889532470703125000e+01 1.863765120506286621e-01 4.747437834739685059e-01 4.778678715229034424e-02 8.588355779647827148e-01
1.403526306152343750e+01 -2.009393215179443359e+00 1.904086303710937500e+01 1.895624250173568726e-01 4.750606119632720947e-01 4.580460488796234131e-02 8.580707907676696777e-01
1.401160812377929688e+01 -2.004612207412719727e+00 1.917984962463378906e+01 1.916721761226654053e-01 4.749853312969207764e-01 4.422329738736152649e-02 8.577266335487365723e-01
1.398289394378662109e+01 -1.999979138374328613e+00 1.930977439880371094e+01 1.931455731391906738e-01 4.746005535125732422e-01 4.290373250842094421e-02 8.576761484146118164e-01
1.395495414733886719e+01 -1.995706558227539062e+00 1.943783950805664062e+01 1.942598968744277954e-01 4.739928245544433594e-01 4.175265878438949585e-02 8.578173518180847168e-01
1.393247413635253906e+01 -1.981518149375915527e+00 1.955786705017089844e+01 1.952566057443618774e-01 4.730729460716247559e-01 4.044377431273460388e-02 8.581615090370178223e-01
1.391352939605712891e+01 -1.961287379264831543e+00 1.967096138000488281e+01 1.961534917354583740e-01 4.717677533626556396e-01 3.936368227005004883e-02 8.587254881858825684e-01
1.389646625518798828e+01 -1.940629959106445312e+00 1.977849769592285156e+01 1.963940560817718506e-01 4.701730310916900635e-01 3.844583407044410706e-02 8.595862984657287598e-01
1.388678073883056641e+01 -1.934124588966369629e+00 1.987976264953613281e+01 1.954535692930221558e-01 4.682914316654205322e-01 3.786043077707290649e-02 8.608528375625610352e-01
1.386838912963867188e+01 -1.919592022895812988e+00 1.997969627380371094e+01 1.946668475866317749e-01 4.669387340545654297e-01 3.714707866311073303e-02 8.617964982986450195e-01
1.386072063446044922e+01 -1.909345269203186035e+00 2.007227897644042969e+01 1.933134198188781738e-01 4.649775028228759766e-01 3.671199455857276917e-02 8.631790876388549805e-01
1.384516048431396484e+01 -1.896779179573059082e+00 2.015411949157714844e+01 1.916790455579757690e-01 4.632503688335418701e-01 3.602719679474830627e-02 8.645000457763671875e-01
1.382513427734375000e+01 -1.902477860450744629e+00 2.022768211364746094e+01 1.885978281497955322e-01 4.618310332298278809e-01 3.581151738762855530e-02 8.659448623657226562e-01
1.381259727478027344e+01 -1.889141917228698730e+00 2.030855941772460938e+01 1.863666623830795288e-01 4.607789218425750732e-01 3.469650819897651672e-02 8.670331239700317383e-01
1.379867172241210938e+01 -1.879003167152404785e+00 2.037956047058105469e+01 1.836772710084915161e-01 4.597312808036804199e-01 3.354948386549949646e-02 8.682075142860412598e-01
1.379457378387451172e+01 -1.871574282646179199e+00 2.044193649291992188e+01 1.806056797504425049e-01 4.584331214427947998e-01 3.245985507965087891e-02 8.695786595344543457e-01
1.379712677001953125e+01 -1.871377825736999512e+00 2.049413681030273438e+01 1.769469380378723145e-01 4.567883610725402832e-01 3.147164359688758850e-02 8.712311387062072754e-01
1.378317165374755859e+01 -1.874871850013732910e+00 2.054992485046386719e+01 1.726236343383789062e-01 4.563646316528320312e-01 2.998763881623744965e-02 8.723721504211425781e-01
1.377348804473876953e+01 -1.870620250701904297e+00 2.060522842407226562e+01 1.683018952608108521e-01 4.560957252979278564e-01 2.820772118866443634e-02 8.734160065650939941e-01
1.376460075378417969e+01 -1.869129657745361328e+00 2.064294052124023438e+01 1.634744554758071899e-01 4.555461406707763672e-01 2.659821137785911560e-02 8.746693134307861328e-01
1.376427268981933594e+01 -1.844196438789367676e+00 2.067645645141601562e+01 1.595271527767181396e-01 4.545350372791290283e-01 2.413780800998210907e-02 8.759945034980773926e-01
1.375552463531494141e+01 -1.846365213394165039e+00 2.070513725280761719e+01 1.534255295991897583e-01 4.542743861675262451e-01 2.247945033013820648e-02 8.772628307342529297e-01
1.375619697570800781e+01 -1.845324158668518066e+00 2.072665977478027344e+01 1.468263715505599976e-01 4.535361528396606445e-01 2.116727828979492188e-02 8.788053989410400391e-01
1.375429344177246094e+01 -1.832565665245056152e+00 2.074374771118164062e+01 1.404880285263061523e-01 4.530636370182037354e-01 1.965214125812053680e-02 8.801194429397583008e-01
1.375623035430908203e+01 -1.829050779342651367e+00 2.075838851928710938e+01 1.328841298818588257e-01 4.526663720607757568e-01 1.871189847588539124e-02 8.815241456031799316e-01
1.375427532196044922e+01 -1.816345810890197754e+00 2.077202606201171875e+01 1.252813339233398438e-01 4.522735774517059326e-01 1.768029853701591492e-02 8.828593492507934570e-01
1.376165962219238281e+01 -1.812632679939270020e+00 2.078692817687988281e+01 1.165250316262245178e-01 4.517619907855987549e-01 1.736709848046302795e-02 8.843253850936889648e-01
1.376139163970947266e+01 -1.814627408981323242e+00 2.078642654418945312e+01 1.066675111651420593e-01 4.506435394287109375e-01 1.779752969741821289e-02 8.861296176910400391e-01
1.375837802886962891e+01 -1.803244352340698242e+00 2.080123329162597656e+01 9.715417027473449707e-02 4.502917230129241943e-01 1.820567063987255096e-02 8.873933553695678711e-01
1.375391101837158203e+01 -1.789276123046875000e+00 2.080943107604980469e+01 8.678096532821655273e-02 4.495536983013153076e-01 1.868290454149246216e-02 8.888314962387084961e-01
1.376014232635498047e+01 -1.781275749206542969e+00 2.081022262573242188e+01 7.498177140951156616e-02 4.479866921901702881e-01 2.026593312621116638e-02 8.906598091125488281e-01
1.375439929962158203e+01 -1.772469758987426758e+00 2.080971145629882812e+01 6.253606826066970825e-02 4.465138018131256104e-01 2.250167541205883026e-02 8.923050761222839355e-01
1.375378513336181641e+01 -1.763198137283325195e+00 2.080263900756835938e+01 4.911846667528152466e-02 4.435739815235137939e-01 2.523146383464336395e-02 8.945350050926208496e-01
1.375021934509277344e+01 -1.756647109985351562e+00 2.081334495544433594e+01 3.470747917890548706e-02 4.409888684749603271e-01 2.896255813539028168e-02 8.963734507560729980e-01
1.375121212005615234e+01 -1.746535897254943848e+00 2.083928680419921875e+01 1.917247287929058075e-02 4.381358325481414795e-01 3.311838582158088684e-02 8.980938792228698730e-01
1.374274253845214844e+01 -1.755161166191101074e+00 2.087200164794921875e+01 1.742347376421093941e-03 4.352573752403259277e-01 3.905593603849411011e-02 8.994568586349487305e-01
1.374384689331054688e+01 -1.758967280387878418e+00 2.090706443786621094e+01 -1.634182594716548920e-02 4.311271607875823975e-01 4.548353329300880432e-02 9.009958505630493164e-01
1.374996471405029297e+01 -1.759708046913146973e+00 2.094867134094238281e+01 -3.475745394825935364e-02 4.264254868030548096e-01 5.243225768208503723e-02 9.023326039314270020e-01
1.374852180480957031e+01 -1.747426033020019531e+00 2.099009704589843750e+01 -5.316341668367385864e-02 4.214286804199218750e-01 5.917555093765258789e-02 9.033657908439636230e-01
1.373765087127685547e+01 -1.739446043968200684e+00 2.105002403259277344e+01 -7.210767269134521484e-02 4.169789254665374756e-01 6.629260629415512085e-02 9.036229252815246582e-01
1.372393512725830078e+01 -1.721098065376281738e+00 2.109869766235351562e+01 -9.033868461847305298e-02 4.114747345447540283e-01 7.322214543819427490e-02 9.039723277091979980e-01
1.371210479736328125e+01 -1.705939054489135742e+00 2.116047286987304688e+01 -1.085682883858680725e-01 4.060941040515899658e-01 8.055876195430755615e-02 9.037758708000183105e-01
1.370121192932128906e+01 -1.679787874221801758e+00 2.121796035766601562e+01 -1.256990581750869751e-01 4.001497328281402588e-01 8.739906549453735352e-02 9.035714268684387207e-01
1.368602752685546875e+01 -1.667159318923950195e+00 2.129660224914550781e+01 -1.427017450332641602e-01 3.952936232089996338e-01 9.482359141111373901e-02 9.024342894554138184e-01
1.367162704467773438e+01 -1.663878202438354492e+00 2.139622497558593750e+01 -1.600906699895858765e-01 3.913766145706176758e-01 1.022895872592926025e-01 9.004066586494445801e-01
1.366001033782958984e+01 -1.653485536575317383e+00 2.149672317504882812e+01 -1.760953813791275024e-01 3.873635828495025635e-01 1.088700816035270691e-01 8.983803391456604004e-01
1.364849853515625000e+01 -1.643111109733581543e+00 2.159942054748535156e+01 -1.908939331769943237e-01 3.836323320865631104e-01 1.149322837591171265e-01 8.962010145187377930e-01
1.362477970123291016e+01 -1.613320946693420410e+00 2.170328521728515625e+01 -2.031052708625793457e-01 3.808368444442749023e-01 1.192025169730186462e-01 8.941488862037658691e-01
1.361101245880126953e+01 -1.599201202392578125e+00 2.182158660888671875e+01 -2.151546776294708252e-01 3.786657750606536865e-01 1.235508248209953308e-01 8.916590809822082520e-01
1.360078620910644531e+01 -1.590023279190063477e+00 2.194890975952148438e+01 -2.259402871131896973e-01 3.773045837879180908e-01 1.273350268602371216e-01 8.890321254730224609e-01
1.357770347595214844e+01 -1.575867652893066406e+00 2.208315849304199219e+01 -2.344046086072921753e-01 3.776201903820037842e-01 1.293797194957733154e-01 8.864075541496276855e-01
1.355661392211914062e+01 -1.564042925834655762e+00 2.222113990783691406e+01 -2.409679144620895386e-01 3.786570429801940918e-01 1.306482255458831787e-01 8.840160369873046875e-01
1.353723526000976562e+01 -1.555261492729187012e+00 2.237268066406250000e+01 -2.456156313419342041e-01 3.812189996242523193e-01 1.311369091272354126e-01 8.815600872039794922e-01
1.351202297210693359e+01 -1.536762356758117676e+00 2.253119277954101562e+01 -2.473880797624588013e-01 3.857207596302032471e-01 1.296531558036804199e-01 8.793228268623352051e-01
1.349151992797851562e+01 -1.512457013130187988e+00 2.269810676574707031e+01 -2.464360892772674561e-01 3.916060030460357666e-01 1.265145689249038696e-01 8.774440288543701172e-01
1.347690868377685547e+01 -1.501593232154846191e+00 2.286834144592285156e+01 -2.440733909606933594e-01 3.985744416713714600e-01 1.223005950450897217e-01 8.755621910095214844e-01
1.346711158752441406e+01 -1.498562812805175781e+00 2.305676078796386719e+01 -2.397610843181610107e-01 4.074283242225646973e-01 1.173564195632934570e-01 8.733522891998291016e-01
1.345029258728027344e+01 -1.488052964210510254e+00 2.324934577941894531e+01 -2.323577553033828735e-01 4.176370501518249512e-01 1.109065935015678406e-01 8.713718652725219727e-01
1.343465137481689453e+01 -1.465644001960754395e+00 2.343609046936035156e+01 -2.223450094461441040e-01 4.278793334960937500e-01 1.029787287116050720e-01 8.699869513511657715e-01
1.341457939147949219e+01 -1.454319238662719727e+00 2.362854766845703125e+01 -2.113863378763198853e-01 4.387661814689636230e-01 9.461318701505661011e-02 8.682444691658020020e-01
1.339704132080078125e+01 -1.429004311561584473e+00 2.382598876953125000e+01 -1.977315396070480347e-01 4.499136805534362793e-01 8.508180081844329834e-02 8.667415976524353027e-01
1.337416458129882812e+01 -1.406589031219482422e+00 2.404010963439941406e+01 -1.832145601511001587e-01 4.622300267219543457e-01 7.541195303201675415e-02 8.643430471420288086e-01
1.335586357116699219e+01 -1.387512922286987305e+00 2.426155471801757812e+01 -1.679186820983886719e-01 4.744507074356079102e-01 6.548263132572174072e-02 8.616332411766052246e-01
1.333798885345458984e+01 -1.370748400688171387e+00 2.448876190185546875e+01 -1.522533893585205078e-01 4.864752888679504395e-01 5.607935413718223572e-02 8.584962487220764160e-01
1.331721019744873047e+01 -1.347012400627136230e+00 2.471315383911132812e+01 -1.361060440540313721e-01 4.972935914993286133e-01 4.608273506164550781e-02 8.555995821952819824e-01
1.328927993774414062e+01 -1.329180479049682617e+00 2.495274353027343750e+01 -1.197156980633735657e-01 5.085425376892089844e-01 3.746717795729637146e-02 8.518502712249755859e-01
1.326202774047851562e+01 -1.312765479087829590e+00 2.520743751525878906e+01 -1.034375205636024475e-01 5.197529196739196777e-01 2.983994409441947937e-02 8.475064039230346680e-01
1.323753261566162109e+01 -1.286324143409729004e+00 2.547983932495117188e+01 -8.771976828575134277e-02 5.313306450843811035e-01 2.227642387151718140e-02 8.423163294792175293e-01
1.321030330657958984e+01 -1.271299600601196289e+00 2.574033164978027344e+01 -7.343141734600067139e-02 5.402519702911376953e-01 1.619526930153369904e-02 8.381368517875671387e-01
1.318092918395996094e+01 -1.228134989738464355e+00 2.599321746826171875e+01 -5.738185718655586243e-02 5.467494130134582520e-01 9.749132208526134491e-03 8.352708220481872559e-01
1.315176963806152344e+01 -1.205963253974914551e+00 2.628017807006835938e+01 -4.527511075139045715e-02 5.545772910118103027e-01 6.042746827006340027e-03 8.308776617050170898e-01
1.312650012969970703e+01 -1.191354393959045410e+00 2.656156158447265625e+01 -3.516317158937454224e-02 5.596556663513183594e-01 5.540558136999607086e-03 8.279603719711303711e-01
1.309624099731445312e+01 -1.163861513137817383e+00 2.684387207031250000e+01 -2.517297305166721344e-02 5.631118416786193848e-01 6.301966030150651932e-03 8.259732127189636230e-01
1.306705856323242188e+01 -1.125352978706359863e+00 2.714199066162109375e+01 -1.731035299599170685e-02 5.675501227378845215e-01 7.739124353975057602e-03 8.231204748153686523e-01
1.305464172363281250e+01 -1.115597605705261230e+00 2.744745635986328125e+01 -1.447369065135717392e-02 5.720816254615783691e-01 1.404711138457059860e-02 8.199486732482910156e-01
1.303732109069824219e+01 -1.121252298355102539e+00 2.774617385864257812e+01 -1.404192764312028885e-02 5.752472877502441406e-01 2.462403848767280579e-02 8.174883127212524414e-01
