0.000000000000000000e+00 0.000000000000000000e+00 0.000000000000000000e+00 0.000000000000000000e+00 0.000000000000000000e+00 0.000000000000000000e+00 1.000000000000000000e+00
4.774422198534011841e-02 -9.163438342511653900e-03 3.700734674930572510e-02 -4.462626762688159943e-03 7.461953791789710522e-04 3.869901993311941624e-04 9.999896883964538574e-01
3.864353895187377930e-02 -2.197566814720630646e-02 7.245852053165435791e-02 -9.123225696384906769e-03 3.801963466685265303e-04 -2.164882374927401543e-03 9.999559521675109863e-01
-5.809057503938674927e-02 -3.051933646202087402e-02 9.921353310346603394e-02 -1.142942812293767929e-02 6.736368406563997269e-03 -3.534172661602497101e-03 9.999057650566101074e-01
-1.758114397525787354e-01 -4.255187883973121643e-02 1.238939762115478516e-01 -2.003956213593482971e-02 1.858729869127273560e-02 -2.402926096692681313e-03 9.996235370635986328e-01
-3.036969900131225586e-01 -5.653985217213630676e-02 1.439734995365142822e-01 -2.805118076503276825e-02 3.898413479328155518e-02 4.042637068778276443e-03 9.988378286361694336e-01
-4.444689154624938965e-01 -6.142666935920715332e-02 1.479382514953613281e-01 -3.434789553284645081e-02 5.666905641555786133e-02 1.103864423930644989e-02 9.977409839630126953e-01
-5.960497856140136719e-01 -6.524249166250228882e-02 1.458917111158370972e-01 -3.891496732831001282e-02 7.992570847272872925e-02 1.348005887120962143e-02 9.959496855735778809e-01
-7.487636208534240723e-01 -6.492154300212860107e-02 1.340170800685882568e-01 -4.545584321022033691e-02 9.656267613172531128e-02 1.630368828773498535e-02 9.941546916961669922e-01
-7.679191231727600098e-01 -6.022638827562332153e-02 1.068374663591384888e-01 -5.593974515795707703e-02 1.011524125933647156e-01 2.098662778735160828e-02 9.930752515792846680e-01
-7.954080700874328613e-01 -4.297392815351486206e-02 7.905790209770202637e-02 -5.830070748925209045e-02 1.080553010106086731e-01 1.867823861539363861e-02 9.922581315040588379e-01
-9.781722426414489746e-01 -2.996972575783729553e-02 7.683270424604415894e-02 -6.587953865528106689e-02 1.378580629825592041e-01 1.341881416738033295e-02 9.881674647331237793e-01
-1.131689429283142090e+00 -1.392348483204841614e-02 7.722230255603790283e-02 -7.495658099651336670e-02 1.595798283815383911e-01 8.000583387911319733e-03 9.843026399612426758e-01
-1.265738010406494141e+00 6.844397634267807007e-03 7.447567582130432129e-02 -7.925785332918167114e-02 1.728833317756652832e-01 6.254692096263170242e-03 9.817282557487487793e-01
-1.403405070304870605e+00 2.984089776873588562e-02 8.196116983890533447e-02 -8.317457139492034912e-02 1.866876184940338135e-01 3.744778921827673912e-03 9.788848757743835449e-01
-1.540748119354248047e+00 5.172885581851005554e-02 1.005456373095512390e-01 -8.926406502723693848e-02 2.013171613216400146e-01 1.863835612311959267e-03 9.754485487937927246e-01
-1.671584129333496094e+00 7.662029564380645752e-02 1.278693377971649170e-01 -9.383797645568847656e-02 2.156269848346710205e-01 -1.112419529817998409e-03 9.719558954238891602e-01
-1.802583217620849609e+00 1.052780300378799438e-01 1.604055613279342651e-01 -9.730706363916397095e-02 2.276284247636795044e-01 -3.858492476865649223e-03 9.688662290573120117e-01
-1.942639708518981934e+00 1.382859051227569580e-01 2.064943462610244751e-01 -1.003496572375297546e-01 2.422644644975662231e-01 -5.743429996073246002e-03 9.649896025657653809e-01
-2.067247390747070312e+00 1.568251252174377441e-01 2.527430951595306396e-01 -1.161580681800842285e-01 2.489400804042816162e-01 -6.740572862327098846e-03 9.615043997764587402e-01
-2.212184190750122070e+00 2.188811898231506348e-01 3.087027072906494141e-01 -9.907532483339309692e-02 2.774660885334014893e-01 -1.064755953848361969e-02 9.555539488792419434e-01
-2.335476160049438477e+00 2.606246173381805420e-01 3.564029932022094727e-01 -1.035370007157325745e-01 2.773334085941314697e-01 -1.180234272032976151e-02 9.551057219505310059e-01
-2.459551334381103516e+00 3.048883974552154541e-01 4.030665159225463867e-01 -1.082942560315132141e-01 2.748504579067230225e-01 -1.232744194567203522e-02 9.552893042564392090e-01
-2.587100267410278320e+00 3.657509088516235352e-01 4.532234370708465576e-01 -1.083511710166931152e-01 2.778338789939880371e-01 -1.760817132890224457e-02 9.543365240097045898e-01
-2.710044384002685547e+00 4.125761389732360840e-01 5.054585337638854980e-01 -1.126943752169609070e-01 2.773364782333374023e-01 -1.509375870227813721e-02 9.540213346481323242e-01
-2.832581281661987305e+00 4.536717534065246582e-01 5.615819096565246582e-01 -1.167730391025543213e-01 2.776817083358764648e-01 -1.433036196976900101e-02 9.534419775009155273e-01
-2.940644025802612305e+00 4.694552123546600342e-01 6.209909915924072266e-01 -1.221610680222511292e-01 2.777196764945983887e-01 -1.310894265770912170e-02 9.527730941772460938e-01
-3.027446985244750977e+00 5.426846146583557129e-01 6.852394342422485352e-01 -1.243965104222297668e-01 2.773042619228363037e-01 -1.290029287338256836e-02 9.526076912879943848e-01
-3.095910787582397461e+00 6.059262752532958984e-01 7.594712972640991211e-01 -1.255165785551071167e-01 2.765597403049468994e-01 -1.270643249154090881e-02 9.526798129081726074e-01
-3.139967679977416992e+00 6.722770929336547852e-01 8.411139249801635742e-01 -1.257860511541366577e-01 2.760098874568939209e-01 -1.503239385783672333e-02 9.527698755264282227e-01
-3.166553258895874023e+00 7.293946743011474609e-01 9.233115315437316895e-01 -1.258971095085144043e-01 2.752003669738769531e-01 -1.604527421295642853e-02 9.529728293418884277e-01
-3.169858455657958984e+00 7.802147865295410156e-01 1.006565928459167480e+00 -1.252354979515075684e-01 2.741644382476806641e-01 -1.695732027292251587e-02 9.533427357673645020e-01
-3.160301446914672852e+00 8.170013427734375000e-01 1.083850502967834473e+00 -1.249318644404411316e-01 2.727268934249877930e-01 -1.756703481078147888e-02 9.537837505340576172e-01
-3.144579887390136719e+00 8.449563384056091309e-01 1.153989911079406738e+00 -1.243477985262870789e-01 2.709514498710632324e-01 -1.724472641944885254e-02 9.543718099594116211e-01
-3.126833200454711914e+00 8.738741278648376465e-01 1.219172358512878418e+00 -1.225718855857849121e-01 2.698922753334045410e-01 -1.831720210611820221e-02 9.548815488815307617e-01
-3.109223127365112305e+00 8.964647054672241211e-01 1.274170041084289551e+00 -1.202817559242248535e-01 2.682185769081115723e-01 -1.948658376932144165e-02 9.556209444999694824e-01
-3.094690561294555664e+00 9.144687056541442871e-01 1.321813106536865234e+00 -1.172306463122367859e-01 2.671579718589782715e-01 -2.041661925613880157e-02 9.562775492668151855e-01
-3.077772855758666992e+00 9.284808039665222168e-01 1.363335013389587402e+00 -1.135969981551170349e-01 2.656535804271697998e-01 -2.156200818717479706e-02 9.571097493171691895e-01
-3.064558506011962891e+00 9.424550533294677734e-01 1.398108363151550293e+00 -1.097309589385986328e-01 2.645056247711181641e-01 -2.173284068703651428e-02 9.578744769096374512e-01
-3.050297498703002930e+00 9.597108960151672363e-01 1.424327611923217773e+00 -1.045567989349365234e-01 2.624667882919311523e-01 -2.236004918813705444e-02 9.589990377426147461e-01
-3.040092706680297852e+00 9.699514508247375488e-01 1.445426344871520996e+00 -9.926731884479522705e-02 2.612567543983459473e-01 -2.263040468096733093e-02 9.598847627639770508e-01
-3.032797574996948242e+00 9.749650955200195312e-01 1.455989360809326172e+00 -9.343937039375305176e-02 2.596371173858642578e-01 -2.315297164022922516e-02 9.608962535858154297e-01
-3.032006978988647461e+00 9.745460152626037598e-01 1.462049484252929688e+00 -8.697906881570816040e-02 2.588535249233245850e-01 -2.316972240805625916e-02 9.617133736610412598e-01
-3.037694454193115234e+00 9.668276309967041016e-01 1.462099194526672363e+00 -8.065952360630035400e-02 2.587245106697082520e-01 -2.264818735420703888e-02 9.623111486434936523e-01
-3.032729148864746094e+00 9.682361483573913574e-01 1.467230439186096191e+00 -7.306853681802749634e-02 2.573375403881072998e-01 -2.265886403620243073e-02 9.632886052131652832e-01
-3.029546737670898438e+00 9.704353213310241699e-01 1.478607535362243652e+00 -6.501299142837524414e-02 2.563724219799041748e-01 -2.220747992396354675e-02 9.641334414482116699e-01
-3.023496866226196289e+00 9.751847982406616211e-01 1.490249276161193848e+00 -5.682942271232604980e-02 2.552589476108551025e-01 -2.233340218663215637e-02 9.649427533149719238e-01
-3.014806509017944336e+00 9.864552617073059082e-01 1.512012362480163574e+00 -4.804664105176925659e-02 2.540546357631683350e-01 -2.249319292604923248e-02 9.657338261604309082e-01
-2.997623205184936523e+00 9.982855916023254395e-01 1.533445596694946289e+00 -3.896327689290046692e-02 2.513616085052490234e-01 -2.291965484619140625e-02 9.668370485305786133e-01
-2.981126308441162109e+00 1.013703823089599609e+00 1.560220122337341309e+00 -2.963486313819885254e-02 2.488135993480682373e-01 -2.309217676520347595e-02 9.678224325180053711e-01
-2.968334674835205078e+00 1.023693442344665527e+00 1.591278791427612305e+00 -2.099812217056751251e-02 2.470636367797851562e-01 -2.314580976963043213e-02 9.684951901435852051e-01
-2.948361158370971680e+00 1.041375160217285156e+00 1.628491520881652832e+00 -1.175133325159549713e-02 2.443069219589233398e-01 -2.357147820293903351e-02 9.693402051925659180e-01
-2.930159330368041992e+00 1.057984709739685059e+00 1.669576287269592285e+00 -2.814138075336813927e-03 2.418106347322463989e-01 -2.412605844438076019e-02 9.700194001197814941e-01
-2.913214445114135742e+00 1.083163022994995117e+00 1.711221218109130859e+00 6.548479199409484863e-03 2.394800186157226562e-01 -2.532535977661609650e-02 9.705488681793212891e-01
-2.892802238464355469e+00 1.104099631309509277e+00 1.755222439765930176e+00 1.514637283980846405e-02 2.363042533397674561e-01 -2.604405395686626434e-02 9.712119102478027344e-01
-2.871454715728759766e+00 1.130455374717712402e+00 1.803480625152587891e+00 2.401050925254821777e-02 2.327950894832611084e-01 -2.754020132124423981e-02 9.718392491340637207e-01
-2.849573373794555664e+00 1.154770851135253906e+00 1.856818079948425293e+00 3.205612674355506897e-02 2.292040139436721802e-01 -2.848551422357559204e-02 9.724332690238952637e-01
-2.820549249649047852e+00 1.188623666763305664e+00 1.914951443672180176e+00 4.002721980214118958e-02 2.238234877586364746e-01 -3.031478077173233032e-02 9.733354449272155762e-01
-2.796869993209838867e+00 1.219127774238586426e+00 1.978447914123535156e+00 4.703558981418609619e-02 2.195188105106353760e-01 -3.206176310777664185e-02 9.739462137222290039e-01
-2.768931388854980469e+00 1.265598297119140625e+00 2.046437978744506836e+00 5.496053770184516907e-02 2.142753303050994873e-01 -3.554702177643775940e-02 9.745777845382690430e-01
-2.737147808074951172e+00 1.305146336555480957e+00 2.118775367736816406e+00 6.112208962440490723e-02 2.077660560607910156e-01 -3.784575313329696655e-02 9.755331873893737793e-01
-2.703204154968261719e+00 1.352190017700195312e+00 2.194814205169677734e+00 6.689541041851043701e-02 2.004632502794265747e-01 -4.038034752011299133e-02 9.765802025794982910e-01
-2.666060447692871094e+00 1.397812604904174805e+00 2.274762153625488281e+00 7.192253321409225464e-02 1.921593695878982544e-01 -4.365798085927963257e-02 9.777504205703735352e-01
-2.631698846817016602e+00 1.450413942337036133e+00 2.359971761703491211e+00 7.593929767608642578e-02 1.840535551309585571e-01 -4.634874314069747925e-02 9.788816571235656738e-01
-2.593926906585693359e+00 1.515504479408264160e+00 2.449839115142822266e+00 8.032917976379394531e-02 1.752099692821502686e-01 -4.964571818709373474e-02 9.799918532371520996e-01
-2.556635856628417969e+00 1.570355415344238281e+00 2.544322013854980469e+00 8.316196501255035400e-02 1.663388460874557495e-01 -5.324817076325416565e-02 9.811116456985473633e-01
-2.521347999572753906e+00 1.629753351211547852e+00 2.643984794616699219e+00 8.603452146053314209e-02 1.580358594655990601e-01 -5.758212134242057800e-02 9.819913506507873535e-01
-2.480628967285156250e+00 1.684972047805786133e+00 2.747495889663696289e+00 8.788976818323135376e-02 1.482769846916198730e-01 -6.120799481868743896e-02 9.831291437149047852e-01
-2.440704584121704102e+00 1.739746928215026855e+00 2.850022792816162109e+00 8.945659548044204712e-02 1.382366567850112915e-01 -6.541269272565841675e-02 9.841794967651367188e-01
-2.402634143829345703e+00 1.793123364448547363e+00 2.959718465805053711e+00 9.027019888162612915e-02 1.287521421909332275e-01 -6.920251250267028809e-02 9.851320981979370117e-01
-2.355440616607666016e+00 1.864430785179138184e+00 3.080122709274291992e+00 9.218664467334747314e-02 1.185299903154373169e-01 -7.339458167552947998e-02 9.859338402748107910e-01
-2.306540727615356445e+00 1.912984013557434082e+00 3.205149173736572266e+00 9.201535582542419434e-02 1.084550842642784119e-01 -7.704897224903106689e-02 9.868303537368774414e-01
-2.271572113037109375e+00 1.955899238586425781e+00 3.317070722579956055e+00 9.151761233806610107e-02 9.956949949264526367e-02 -8.133343607187271118e-02 9.874691367149353027e-01
-2.231803417205810547e+00 1.992705345153808594e+00 3.429583787918090820e+00 9.100701659917831421e-02 8.990634977817535400e-02 -8.485871553421020508e-02 9.881465435028076172e-01
-2.186599731445312500e+00 2.020713567733764648e+00 3.561738014221191406e+00 9.042586386203765869e-02 8.045748621225357056e-02 -8.862889558076858521e-02 9.886832833290100098e-01
-2.145738840103149414e+00 2.042889118194580078e+00 3.691654443740844727e+00 8.966407179832458496e-02 7.180476933717727661e-02 -9.256085753440856934e-02 9.890586137771606445e-01
-2.113247156143188477e+00 2.059424400329589844e+00 3.809350013732910156e+00 8.828398585319519043e-02 6.399114429950714111e-02 -9.585995972156524658e-02 9.894048571586608887e-01
-2.069681882858276367e+00 2.070418834686279297e+00 3.940236806869506836e+00 8.733290433883666992e-02 5.581194907426834106e-02 -9.934787452220916748e-02 9.896403551101684570e-01
-2.030416727066040039e+00 2.079745054244995117e+00 4.072492599487304688e+00 8.625017851591110229e-02 4.857621714472770691e-02 -1.023237630724906921e-01 9.898136854171752930e-01
-2.004707574844360352e+00 2.082112789154052734e+00 4.168806552886962891e+00 8.407982438802719116e-02 4.227231815457344055e-02 -1.043546870350837708e-01 9.900776743888854980e-01
-1.970872759819030762e+00 2.086685419082641602e+00 4.290235042572021484e+00 8.291845768690109253e-02 3.648627921938896179e-02 -1.063161641359329224e-01 9.901970028877258301e-01
-1.946051716804504395e+00 2.087697982788085938e+00 4.386197090148925781e+00 8.141214400529861450e-02 3.273900598287582397e-02 -1.087367609143257141e-01 9.901901483535766602e-01
-1.906578660011291504e+00 2.088009834289550781e+00 4.523333549499511719e+00 8.043686300516128540e-02 2.841866575181484222e-02 -1.106366217136383057e-01 9.901928305625915527e-01
-1.869965553283691406e+00 2.088459253311157227e+00 4.650684356689453125e+00 7.959862053394317627e-02 2.504929713904857635e-02 -1.121449992060661316e-01 9.901818633079528809e-01
-1.836234092712402344e+00 2.089224815368652344e+00 4.770777225494384766e+00 7.852771878242492676e-02 2.273639105260372162e-02 -1.133277267217636108e-01 9.901884794235229492e-01
-1.797346830368041992e+00 2.088584423065185547e+00 4.911990165710449219e+00 7.778959721326828003e-02 2.080380544066429138e-02 -1.141229942440986633e-01 9.901978969573974609e-01
-1.759068250656127930e+00 2.089163541793823242e+00 5.049590110778808594e+00 7.736878097057342529e-02 1.956675387918949127e-02 -1.146586686372756958e-01 9.901942014694213867e-01
-1.721213340759277344e+00 2.088213920593261719e+00 5.188270568847656250e+00 7.690899819135665894e-02 1.899436116218566895e-02 -1.149755939841270447e-01 9.902044534683227539e-01
-1.685601830482482910e+00 2.087623596191406250e+00 5.326631069183349609e+00 7.649662345647811890e-02 1.924363523721694946e-02 -1.148393452167510986e-01 9.902473688125610352e-01
-1.646643042564392090e+00 2.083761692047119141e+00 5.462594509124755859e+00 7.576771825551986694e-02 1.974892616271972656e-02 -1.139049530029296875e-01 9.904013872146606445e-01
-1.608895778656005859e+00 2.083924531936645508e+00 5.591472625732421875e+00 7.571847736835479736e-02 2.094523794949054718e-02 -1.130883470177650452e-01 9.904741644859313965e-01
-1.573010563850402832e+00 2.083620786666870117e+00 5.738458633422851562e+00 7.574220001697540283e-02 2.333137765526771545e-02 -1.120027303695678711e-01 9.905423521995544434e-01
-1.532643318176269531e+00 2.082508563995361328e+00 5.881805896759033203e+00 7.566411793231964111e-02 2.591803297400474548e-02 -1.103498414158821106e-01 9.906695485115051270e-01
-1.494254231452941895e+00 2.079741001129150391e+00 6.020261287689208984e+00 7.553195208311080933e-02 2.910646796226501465e-02 -1.084670647978782654e-01 9.907990097999572754e-01
-1.449222683906555176e+00 2.074019670486450195e+00 6.161932468414306641e+00 7.523585110902786255e-02 3.230465203523635864e-02 -1.061407253146171570e-01 9.909743666648864746e-01
-1.417964220046997070e+00 2.074992656707763672e+00 6.305368900299072266e+00 7.587356865406036377e-02 3.719400987029075623e-02 -1.037957295775413513e-01 9.910026192665100098e-01
-1.376842260360717773e+00 2.066108226776123047e+00 6.441785335540771484e+00 7.503991574048995972e-02 4.167604073882102966e-02 -1.007313504815101624e-01 9.912039637565612793e-01
-1.343072414398193359e+00 2.066201210021972656e+00 6.586980342864990234e+00 7.588537782430648804e-02 4.747056216001510620e-02 -9.784866869449615479e-02 9.911677837371826172e-01
-1.313860893249511719e+00 2.068017959594726562e+00 6.729088306427001953e+00 7.683376222848892212e-02 5.411174893379211426e-02 -9.437967091798782349e-02 9.910908341407775879e-01
-1.276865482330322266e+00 2.060484886169433594e+00 6.867968082427978516e+00 7.646306604146957397e-02 6.051584333181381226e-02 -9.065358340740203857e-02 9.910969734191894531e-01
-1.241810798645019531e+00 2.056729316711425781e+00 7.019268035888671875e+00 7.708651572465896606e-02 6.772918254137039185e-02 -8.646765351295471191e-02 9.909560084342956543e-01
-1.207213759422302246e+00 2.050037860870361328e+00 7.162026882171630859e+00 7.679131627082824707e-02 7.512973994016647339e-02 -8.147314190864562988e-02 9.908686876296997070e-01
-1.177194118499755859e+00 2.045901298522949219e+00 7.308220863342285156e+00 7.740220427513122559e-02 8.323102444410324097e-02 -7.623998820781707764e-02 9.905902147293090820e-01
-1.138886451721191406e+00 2.036386489868164062e+00 7.445877075195312500e+00 7.704447209835052490e-02 9.072243422269821167e-02 -7.079640775918960571e-02 9.903643131256103516e-01
-1.098472714424133301e+00 2.027574777603149414e+00 7.588758468627929688e+00 7.703386992216110229e-02 9.846672415733337402e-02 -6.499088555574417114e-02 9.900233745574951172e-01
-1.063249826431274414e+00 2.018076896667480469e+00 7.732002735137939453e+00 7.654751837253570557e-02 1.067553684115409851e-01 -5.923918262124061584e-02 9.895627498626708984e-01
-1.028902769088745117e+00 2.007455587387084961e+00 7.863383293151855469e+00 7.593773305416107178e-02 1.149442791938781738e-01 -5.323652550578117371e-02 9.890334606170654297e-01
-9.905787110328674316e-01 1.999492764472961426e+00 8.003474235534667969e+00 7.532852143049240112e-02 1.230456754565238953e-01 -4.689708352088928223e-02 9.884260296821594238e-01
-9.498410820960998535e-01 1.987433552742004395e+00 8.140050888061523438e+00 7.418565452098846436e-02 1.309591382741928101e-01 -4.128326475620269775e-02 9.877458810806274414e-01
-9.068791270256042480e-01 1.983670830726623535e+00 8.277614593505859375e+00 7.429777830839157104e-02 1.386132538318634033e-01 -3.484474867582321167e-02 9.869407415390014648e-01
-8.678830265998840332e-01 1.986479997634887695e+00 8.414370536804199219e+00 7.475262880325317383e-02 1.463403105735778809e-01 -2.872279472649097443e-02 9.859876036643981934e-01
-8.313667178153991699e-01 1.989842653274536133e+00 8.560688018798828125e+00 7.522259652614593506e-02 1.538686156272888184e-01 -2.288746275007724762e-02 9.849579334259033203e-01
-8.172203302383422852e-01 1.992759585380554199e+00 8.706545829772949219e+00 7.419209927320480347e-02 1.617397814989089966e-01 -1.768286339938640594e-02 9.838816523551940918e-01
-8.776230812072753906e-01 2.014896869659423828e+00 8.824062347412109375e+00 7.412597537040710449e-02 1.683884263038635254e-01 -1.121484022587537766e-02 9.828656315803527832e-01
-1.023068904876708984e+00 2.036980628967285156e+00 8.811525344848632812e+00 7.529359310865402222e-02 1.756576299667358398e-01 -6.312696263194084167e-03 9.815474748611450195e-01
-1.174480438232421875e+00 2.097314357757568359e+00 8.813659667968750000e+00 8.676496148109436035e-02 1.851142346858978271e-01 -1.696909748716279864e-04 9.788792133331298828e-01
-1.296255111694335938e+00 2.115465879440307617e+00 8.746212959289550781e+00 8.839439600706100464e-02 1.902987658977508545e-01 6.355774588882923126e-03 9.777179956436157227e-01
-1.414996385574340820e+00 2.129451513290405273e+00 8.675331115722656250e+00 8.971428126096725464e-02 1.954679042100906372e-01 1.072617620229721069e-02 9.765390753746032715e-01
-1.527663350105285645e+00 2.147592306137084961e+00 8.609700202941894531e+00 9.263049066066741943e-02 2.002066820859909058e-01 1.499471347779035568e-02 9.752497076988220215e-01
-1.635990738868713379e+00 2.161346673965454102e+00 8.540472984313964844e+00 9.433171153068542480e-02 2.042366117238998413e-01 1.873761601746082306e-02 9.741857647895812988e-01
-1.738058805465698242e+00 2.169638395309448242e+00 8.456751823425292969e+00 9.451685100793838501e-02 2.070655375719070435e-01 2.144563756883144379e-02 9.735145568847656250e-01
-1.835364699363708496e+00 2.178472280502319336e+00 8.379242897033691406e+00 9.484800696372985840e-02 2.092926353216171265e-01 2.389266900718212128e-02 9.729489088058471680e-01
-1.924155354499816895e+00 2.190326690673828125e+00 8.310195922851562500e+00 9.652971476316452026e-02 2.106580138206481934e-01 2.642047218978404999e-02 9.724233746528625488e-01
-2.010992765426635742e+00 2.195992231369018555e+00 8.226910591125488281e+00 9.676435589790344238e-02 2.106350213289260864e-01 2.870929241180419922e-02 9.723401069641113281e-01
-2.091674804687500000e+00 2.207241535186767578e+00 8.164334297180175781e+00 9.834382683038711548e-02 2.107703536748886108e-01 3.035922721028327942e-02 9.721022248268127441e-01
-2.170559167861938477e+00 2.219582080841064453e+00 8.091476440429687500e+00 1.001384779810905457e-01 2.098346352577209473e-01 3.119016811251640320e-02 9.720950722694396973e-01
-2.244196176528930664e+00 2.222708702087402344e+00 8.011935234069824219e+00 1.001336798071861267e-01 2.083104252815246582e-01 3.143341094255447388e-02 9.724155664443969727e-01
-2.319971323013305664e+00 2.227935075759887695e+00 7.933885574340820312e+00 1.006922200322151184e-01 2.065180093050003052e-01 3.091286867856979370e-02 9.727568030357360840e-01
-2.398398399353027344e+00 2.239395618438720703e+00 7.866034030914306641e+00 1.024517193436622620e-01 2.045826464891433716e-01 3.103511780500411987e-02 9.729781150817871094e-01
-2.471255064010620117e+00 2.249655961990356445e+00 7.796365261077880859e+00 1.039942577481269836e-01 2.020251750946044922e-01 3.139810264110565186e-02 9.733371138572692871e-01
-2.538664102554321289e+00 2.255941867828369141e+00 7.728287696838378906e+00 1.055421754717826843e-01 1.991539448499679565e-01 2.960368245840072632e-02 9.738183617591857910e-01
-2.601994991302490234e+00 2.259547948837280273e+00 7.661334991455078125e+00 1.061277016997337341e-01 1.955330669879913330e-01 2.867456525564193726e-02 9.745160341262817383e-01
-2.662278413772583008e+00 2.266725540161132812e+00 7.600340366363525391e+00 1.080785170197486877e-01 1.920650750398635864e-01 2.729838527739048004e-02 9.750306606292724609e-01
-2.721886873245239258e+00 2.273177385330200195e+00 7.535994052886962891e+00 1.097180321812629700e-01 1.885488033294677734e-01 2.587043307721614838e-02 9.755726456642150879e-01
-2.769086837768554688e+00 2.279425621032714844e+00 7.476464748382568359e+00 1.119073778390884399e-01 1.847217231988906860e-01 2.414640784263610840e-02 9.761001467704772949e-01
-2.821665048599243164e+00 2.284838914871215820e+00 7.420914173126220703e+00 1.139842495322227478e-01 1.810380965471267700e-01 2.256420068442821503e-02 9.765877723693847656e-01
-2.871006250381469727e+00 2.290290832519531250e+00 7.364075660705566406e+00 1.160536706447601318e-01 1.771701723337173462e-01 2.077456004917621613e-02 9.770929813385009766e-01
-2.917797565460205078e+00 2.298061370849609375e+00 7.313534259796142578e+00 1.193851679563522339e-01 1.732224375009536743e-01 1.695741154253482819e-02 9.774730801582336426e-01
-2.950784921646118164e+00 2.301946878433227539e+00 7.257757663726806641e+00 1.219865456223487854e-01 1.688292920589447021e-01 1.453888881951570511e-02 9.779593944549560547e-01
-2.993615865707397461e+00 2.303915739059448242e+00 7.208723068237304688e+00 1.240877807140350342e-01 1.653500944375991821e-01 1.262337062507867813e-02 9.783160090446472168e-01
-3.032747507095336914e+00 2.307375907897949219e+00 7.164760112762451172e+00 1.268831044435501099e-01 1.620537191629409790e-01 1.007577218115329742e-02 9.785385727882385254e-01
-3.071866750717163086e+00 2.308809280395507812e+00 7.119450092315673828e+00 1.292147189378738403e-01 1.590910851955413818e-01 7.731016725301742554e-03 9.787409305572509766e-01
-3.105663537979125977e+00 2.311753034591674805e+00 7.077548027038574219e+00 1.323412507772445679e-01 1.558822989463806152e-01 5.102782044559717178e-03 9.788566827774047852e-01
-3.134598255157470703e+00 2.316494464874267578e+00 7.038752555847167969e+00 1.357979178428649902e-01 1.527871042490005493e-01 2.387883840128779411e-03 9.788816571235656738e-01
-3.163188457489013672e+00 2.318870306015014648e+00 7.005847454071044922e+00 1.393444985151290894e-01 1.504073441028594971e-01 -2.196293062297627330e-04 9.787546992301940918e-01
-3.189378976821899414e+00 2.323531150817871094e+00 6.974920272827148438e+00 1.434441953897476196e-01 1.480377316474914551e-01 -3.191750263795256615e-03 9.785184860229492188e-01
-3.210699081420898438e+00 2.325190544128417969e+00 6.949461936950683594e+00 1.473879516124725342e-01 1.455935984849929810e-01 -6.139414850622415543e-03 9.782850146293640137e-01
-3.233446121215820312e+00 2.323417425155639648e+00 6.917894363403320312e+00 1.505356281995773315e-01 1.433508247137069702e-01 -9.099447168409824371e-03 9.781138896942138672e-01
-3.253860712051391602e+00 2.322900056838989258e+00 6.894773006439208984e+00 1.540678143501281738e-01 1.414258927106857300e-01 -1.220717839896678925e-02 9.778102040290832520e-01
-3.272166252136230469e+00 2.324129581451416016e+00 6.870490550994873047e+00 1.577394306659698486e-01 1.390858292579650879e-01 -1.455220021307468414e-02 9.775283336639404297e-01
-3.286777973175048828e+00 2.322269439697265625e+00 6.849775314331054688e+00 1.612957864999771118e-01 1.366734206676483154e-01 -1.751515269279479980e-02 9.772396087646484375e-01
-3.306315422058105469e+00 2.325437307357788086e+00 6.841053009033203125e+00 1.654495149850845337e-01 1.350868791341781616e-01 -2.029792778193950653e-02 9.767118692398071289e-01
-3.324920892715454102e+00 2.325641155242919922e+00 6.830486297607421875e+00 1.693020612001419067e-01 1.332865208387374878e-01 -2.358669415116310120e-02 9.762249588966369629e-01
-3.343253850936889648e+00 2.325628995895385742e+00 6.820153236389160156e+00 1.730907708406448364e-01 1.314727813005447388e-01 -2.653582766652107239e-02 9.757306575775146484e-01
-3.356434345245361328e+00 2.325639486312866211e+00 6.818473339080810547e+00 1.767083555459976196e-01 1.298896670341491699e-01 -2.933994680643081665e-02 9.752138257026672363e-01
-3.366384744644165039e+00 2.326442718505859375e+00 6.817886829376220703e+00 1.801987588405609131e-01 1.281776726245880127e-01 -3.162833303213119507e-02 9.747300148010253906e-01
-3.370256900787353516e+00 2.325223207473754883e+00 6.804196357727050781e+00 1.832154989242553711e-01 1.256201267242431641e-01 -3.409413620829582214e-02 9.744173884391784668e-01
-3.381842136383056641e+00 2.331008672714233398e+00 6.798975467681884766e+00 1.873881518840789795e-01 1.234938129782676697e-01 -3.664042428135871887e-02 9.738031029701232910e-01
-3.391601562500000000e+00 2.332745552062988281e+00 6.784979343414306641e+00 1.907393485307693481e-01 1.209990084171295166e-01 -3.974395990371704102e-02 9.733437895774841309e-01
-3.407853841781616211e+00 2.330304622650146484e+00 6.772942066192626953e+00 1.934576779603958130e-01 1.186719834804534912e-01 -4.254747554659843445e-02 9.729751944541931152e-01
-3.417032003402709961e+00 2.330526590347290039e+00 6.750266075134277344e+00 1.962425261735916138e-01 1.153997480869293213e-01 -4.599055275321006775e-02 9.726544022560119629e-01
-3.436568975448608398e+00 2.333827018737792969e+00 6.729331970214843750e+00 1.993427127599716187e-01 1.125344410538673401e-01 -4.868345335125923157e-02 9.722285866737365723e-01
-3.456238985061645508e+00 2.331243753433227539e+00 6.706423759460449219e+00 2.015011161565780640e-01 1.094549521803855896e-01 -5.160170793533325195e-02 9.719846844673156738e-01
-3.478665351867675781e+00 2.328341007232666016e+00 6.675113201141357422e+00 2.032581418752670288e-01 1.064215227961540222e-01 -5.448217689990997314e-02 9.717984795570373535e-01
-3.506506681442260742e+00 2.327873468399047852e+00 6.649399280548095703e+00 2.052196264266967773e-01 1.035542413592338562e-01 -5.705155432224273682e-02 9.715485572814941406e-01
-3.526911973953247070e+00 2.332867383956909180e+00 6.623426914215087891e+00 2.077446281909942627e-01 1.002698540687561035e-01 -5.997063964605331421e-02 9.711805582046508789e-01
-3.555276393890380859e+00 2.332648515701293945e+00 6.582543849945068359e+00 2.090441286563873291e-01 9.723505377769470215e-02 -6.230880692601203918e-02 9.710630774497985840e-01
-3.586808443069458008e+00 2.333747148513793945e+00 6.547237873077392578e+00 2.101813107728958130e-01 9.479901194572448730e-02 -6.468874216079711914e-02 9.709028601646423340e-01
-3.616220951080322266e+00 2.321636438369750977e+00 6.500569820404052734e+00 2.096345722675323486e-01 9.192243218421936035e-02 -6.656219065189361572e-02 9.711709618568420410e-01
-3.654192209243774414e+00 2.319999933242797852e+00 6.461830615997314453e+00 2.099733650684356689e-01 8.983670175075531006e-02 -6.751212477684020996e-02 9.712274074554443359e-01
-3.688533782958984375e+00 2.316483736038208008e+00 6.421621799468994141e+00 2.101222574710845947e-01 8.786258101463317871e-02 -6.860662996768951416e-02 9.712990522384643555e-01
-3.729117393493652344e+00 2.321120738983154297e+00 6.373638629913330078e+00 2.109064906835556030e-01 8.637505769729614258e-02 -6.925249099731445312e-02 9.712166786193847656e-01
-3.763906002044677734e+00 2.327546358108520508e+00 6.327689647674560547e+00 2.115858644247055054e-01 8.498369902372360229e-02 -6.936626881361007690e-02 9.711835384368896484e-01
-3.817765712738037109e+00 2.339573383331298828e+00 6.285804748535156250e+00 2.126751393079757690e-01 8.512654155492782593e-02 -6.843686103820800781e-02 9.709990620613098145e-01
-3.846891164779663086e+00 2.345808029174804688e+00 6.231269836425781250e+00 2.131406664848327637e-01 8.395375311374664307e-02 -6.828405708074569702e-02 9.710098505020141602e-01
-3.893746852874755859e+00 2.341641902923583984e+00 6.168405532836914062e+00 2.117394953966140747e-01 8.474109321832656860e-02 -6.657753884792327881e-02 9.713664054870605469e-01
-3.931760072708129883e+00 2.341469764709472656e+00 6.101806640625000000e+00 2.107804268598556519e-01 8.482270687818527222e-02 -6.437455862760543823e-02 9.717163443565368652e-01
-3.981530189514160156e+00 2.340168237686157227e+00 6.042937278747558594e+00 2.095503062009811401e-01 8.681863546371459961e-02 -6.116998568177223206e-02 9.720130562782287598e-01
-4.028831005096435547e+00 2.336334943771362305e+00 5.971559047698974609e+00 2.073712646961212158e-01 8.907809853553771973e-02 -5.756242573261260986e-02 9.724961519241333008e-01
-4.080110549926757812e+00 2.334850072860717773e+00 5.909568309783935547e+00 2.052734196186065674e-01 9.226831793785095215e-02 -5.257511883974075317e-02 9.729261398315429688e-01
-4.123932838439941406e+00 2.327447414398193359e+00 5.837494850158691406e+00 2.022563070058822632e-01 9.587240219116210938e-02 -4.754662886261940002e-02 9.734681248664855957e-01
-4.171868324279785156e+00 2.328672647476196289e+00 5.766866207122802734e+00 2.000135630369186401e-01 1.008363664150238037e-01 -4.116636887192726135e-02 9.737206697463989258e-01
-4.222431182861328125e+00 2.321871757507324219e+00 5.683701038360595703e+00 1.965530216693878174e-01 1.062667593359947205e-01 -3.439554944634437561e-02 9.741104841232299805e-01
-4.279270172119140625e+00 2.323395490646362305e+00 5.608901023864746094e+00 1.938495039939880371e-01 1.126900017261505127e-01 -2.652458660304546356e-02 9.741764664649963379e-01
-4.340239524841308594e+00 2.319656133651733398e+00 5.515861034393310547e+00 1.898938864469528198e-01 1.197585090994834900e-01 -1.790434122085571289e-02 9.743087887763977051e-01
-4.394745826721191406e+00 2.308898448944091797e+00 5.415446758270263672e+00 1.852408349514007568e-01 1.268094480037689209e-01 -9.509358555078506470e-03 9.744305014610290527e-01
-4.453212261199951172e+00 2.308955192565917969e+00 5.324131011962890625e+00 1.817100346088409424e-01 1.344417929649353027e-01 -5.420326124294660985e-05 9.741184711456298828e-01
-4.518969535827636719e+00 2.302757978439331055e+00 5.229525089263916016e+00 1.773783713579177856e-01 1.429996341466903687e-01 9.732178412377834320e-03 9.736495018005371094e-01
-4.581162929534912109e+00 2.295254945755004883e+00 5.129935741424560547e+00 1.727024912834167480e-01 1.512613445520401001e-01 1.973858289420604706e-02 9.730900526046752930e-01
-4.644440174102783203e+00 2.282040357589721680e+00 5.019722461700439453e+00 1.673247069120407104e-01 1.597585678100585938e-01 2.972544729709625244e-02 9.724176526069641113e-01
-4.717654228210449219e+00 2.278841257095336914e+00 4.913396358489990234e+00 1.631338894367218018e-01 1.688020229339599609e-01 4.021081328392028809e-02 9.712241291999816895e-01
-4.777753829956054688e+00 2.271425962448120117e+00 4.811977863311767578e+00 1.589405983686447144e-01 1.772133111953735352e-01 5.024121701717376709e-02 9.699531793594360352e-01
-4.844651222229003906e+00 2.261471271514892578e+00 4.699716567993164062e+00 1.541836410760879517e-01 1.853678971529006958e-01 5.974021926522254944e-02 9.686574339866638184e-01
-4.913671016693115234e+00 2.252613544464111328e+00 4.579958438873291016e+00 1.498241722583770752e-01 1.931085586547851562e-01 6.952326744794845581e-02 9.671754240989685059e-01
-4.986196994781494141e+00 2.243277549743652344e+00 4.460835933685302734e+00 1.453768014907836914e-01 2.010538727045059204e-01 7.876783609390258789e-02 9.655250310897827148e-01
-5.055826663970947266e+00 2.233441591262817383e+00 4.351058483123779297e+00 1.412604302167892456e-01 2.085696756839752197e-01 8.773049712181091309e-02 9.637673497200012207e-01
-5.115955352783203125e+00 2.231277465820312500e+00 4.245097160339355469e+00 1.382589191198348999e-01 2.151785194873809814e-01 9.633369743824005127e-02 9.619264602661132812e-01
-5.176956176757812500e+00 2.222175121307373047e+00 4.142028808593750000e+00 1.345324963331222534e-01 2.209634929895401001e-01 1.041124314069747925e-01 9.603315591812133789e-01
-5.234535694122314453e+00 2.215586662292480469e+00 4.037052154541015625e+00 1.314857751131057739e-01 2.263491302728652954e-01 1.110868453979492188e-01 9.587165117263793945e-01
-5.292243480682373047e+00 2.204236030578613281e+00 3.940170526504516602e+00 1.282612830400466919e-01 2.311651259660720825e-01 1.174319088459014893e-01 9.572468400001525879e-01
-5.308312416076660156e+00 2.198534727096557617e+00 3.964613437652587891e+00 1.266001313924789429e-01 2.339013814926147461e-01 1.233556047081947327e-01 9.560574889183044434e-01
-5.328298091888427734e+00 2.189785003662109375e+00 3.981618642807006836e+00 1.232814937829971313e-01 2.370265275239944458e-01 1.243710815906524658e-01 9.555898308753967285e-01
-5.339951992034912109e+00 2.183674335479736328e+00 4.006610393524169922e+00 1.213008537888526917e-01 2.381022721529006958e-01 1.257032006978988647e-01 9.554015398025512695e-01
-5.357390403747558594e+00 2.174978256225585938e+00 4.042200088500976562e+00 1.196891367435455322e-01 2.419555932283401489e-01 1.254489421844482422e-01 9.546698927879333496e-01
-5.403333663940429688e+00 2.170630693435668945e+00 3.962717294692993164e+00 1.187339946627616882e-01 2.428491562604904175e-01 1.259786188602447510e-01 9.544925093650817871e-01
-5.423774719238281250e+00 2.160870075225830078e+00 3.997216463088989258e+00 1.175038367509841919e-01 2.467386275529861450e-01 1.251654326915740967e-01 9.537538886070251465e-01
-5.436542510986328125e+00 2.153720855712890625e+00 4.016811847686767578e+00 1.173530966043472290e-01 2.472973018884658813e-01 1.253559589385986328e-01 9.536027312278747559e-01
-5.462317943572998047e+00 2.144291877746582031e+00 4.066673278808593750e+00 1.170311719179153442e-01 2.542560696601867676e-01 1.230050474405288696e-01 9.521172642707824707e-01
-5.496100902557373047e+00 2.143866539001464844e+00 4.032975196838378906e+00 1.181256696581840515e-01 2.540183663368225098e-01 1.234214827418327332e-01 9.519916772842407227e-01
-5.536599159240722656e+00 2.140067338943481445e+00 3.974313974380493164e+00 1.184425503015518188e-01 2.531977295875549316e-01 1.237587705254554749e-01 9.521270990371704102e-01
-5.564205646514892578e+00 2.139992237091064453e+00 3.949496984481811523e+00 1.195606440305709839e-01 2.529477477073669434e-01 1.233950480818748474e-01 9.521010518074035645e-01
-5.594118595123291016e+00 2.144173622131347656e+00 3.956064224243164062e+00 1.214714348316192627e-01 2.539799511432647705e-01 1.229187771677970886e-01 9.516458511352539062e-01
-5.612971782684326172e+00 2.144253730773925781e+00 3.917256593704223633e+00 1.223560422658920288e-01 2.531656920909881592e-01 1.225485131144523621e-01 9.517972469329833984e-01
-5.632915496826171875e+00 2.142763376235961914e+00 3.873694658279418945e+00 1.228558495640754700e-01 2.522607743740081787e-01 1.228167861700057983e-01 9.519385695457458496e-01
-5.650698661804199219e+00 2.137177228927612305e+00 3.830334663391113281e+00 1.226466819643974304e-01 2.516323029994964600e-01 1.230370774865150452e-01 9.521033763885498047e-01
-5.665352821350097656e+00 2.136311054229736328e+00 3.798255681991577148e+00 1.229391247034072876e-01 2.515340745449066162e-01 1.232884451746940613e-01 9.520590901374816895e-01
-5.683709144592285156e+00 2.133711814880371094e+00 3.762568235397338867e+00 1.223361492156982422e-01 2.524433434009552002e-01 1.231296882033348083e-01 9.519166350364685059e-01
-5.701584815979003906e+00 2.133062601089477539e+00 3.734677314758300781e+00 1.220509931445121765e-01 2.540046572685241699e-01 1.232218518853187561e-01 9.515258669853210449e-01
-5.715508460998535156e+00 2.130553245544433594e+00 3.703284978866577148e+00 1.208261474967002869e-01 2.559629976749420166e-01 1.235459148883819580e-01 9.511153697967529297e-01
-5.729771137237548828e+00 2.129863500595092773e+00 3.677289009094238281e+00 1.193697154521942139e-01 2.588658630847930908e-01 1.242084652185440063e-01 9.504270553588867188e-01
-5.739984989166259766e+00 2.128160238265991211e+00 3.653687238693237305e+00 1.176264733076095581e-01 2.626539766788482666e-01 1.244247257709503174e-01 9.495764374732971191e-01
-5.749267578125000000e+00 2.126294612884521484e+00 3.633408069610595703e+00 1.148539036512374878e-01 2.674568891525268555e-01 1.248089820146560669e-01 9.485241770744323730e-01
-5.756985664367675781e+00 2.126167774200439453e+00 3.620850324630737305e+00 1.121185421943664551e-01 2.732175290584564209e-01 1.255748420953750610e-01 9.471074938774108887e-01
-5.763174057006835938e+00 2.125538349151611328e+00 3.603461265563964844e+00 1.084521189332008362e-01 2.792880535125732422e-01 1.267347931861877441e-01 9.456080794334411621e-01
-5.769611835479736328e+00 2.125137090682983398e+00 3.595464706420898438e+00 1.045666337013244629e-01 2.865367531776428223e-01 1.277287304401397705e-01 9.437414407730102539e-01
-5.772666931152343750e+00 2.124932289123535156e+00 3.590284109115600586e+00 1.002291738986968994e-01 2.940690219402313232e-01 1.291532963514328003e-01 9.416989684104919434e-01
-5.772565841674804688e+00 2.124552249908447266e+00 3.589888572692871094e+00 9.550131857395172119e-02 3.021542131900787354e-01 1.304879039525985718e-01 9.394441246986389160e-01
-5.764379501342773438e+00 2.126300811767578125e+00 3.591787338256835938e+00 9.134130924940109253e-02 3.098735511302947998e-01 1.324104219675064087e-01 9.370713233947753906e-01
-5.772755622863769531e+00 2.125353336334228516e+00 3.585406064987182617e+00 8.586818724870681763e-02 3.178429603576660156e-01 1.348142474889755249e-01 9.345735311508178711e-01
-5.776495456695556641e+00 2.126490831375122070e+00 3.576073646545410156e+00 8.078298717737197876e-02 3.258781135082244873e-01 1.360872834920883179e-01 9.320718050003051758e-01
-5.781775474548339844e+00 2.125130653381347656e+00 3.562407016754150391e+00 7.565663009881973267e-02 3.337953388690948486e-01 1.376315653324127197e-01 9.294698834419250488e-01
-5.795312404632568359e+00 2.127009153366088867e+00 3.539527654647827148e+00 7.053788006305694580e-02 3.411971926689147949e-01 1.392844319343566895e-01 9.269351363182067871e-01
-5.809916019439697266e+00 2.124662160873413086e+00 3.512181758880615234e+00 6.511685252189636230e-02 3.482538461685180664e-01 1.419260203838348389e-01 9.243029952049255371e-01
-5.825164794921875000e+00 2.124394893646240234e+00 3.480485916137695312e+00 6.004298850893974304e-02 3.542376756668090820e-01 1.445762664079666138e-01 9.219588637351989746e-01
-5.848443031311035156e+00 2.123250722885131836e+00 3.443848609924316406e+00 5.484533682465553284e-02 3.602075874805450439e-01 1.467949450016021729e-01 9.196160435676574707e-01
-5.873158454895019531e+00 2.121973752975463867e+00 3.401586771011352539e+00 5.002499371767044067e-02 3.653442859649658203e-01 1.487514376640319824e-01 9.175478219985961914e-01
-5.902698516845703125e+00 2.121928930282592773e+00 3.351968050003051758e+00 4.538844153285026550e-02 3.695046603679656982e-01 1.508028060197830200e-01 9.157863855361938477e-01
-5.934438228607177734e+00 2.120121717453002930e+00 3.292851448059082031e+00 4.076761752367019653e-02 3.723466396331787109e-01 1.531530320644378662e-01 9.144616723060607910e-01
-5.963456630706787109e+00 2.116894006729125977e+00 3.235951185226440430e+00 3.628800064325332642e-02 3.738582730293273926e-01 1.553877890110015869e-01 9.136562943458557129e-01
-5.998508930206298828e+00 2.116388320922851562e+00 3.176518917083740234e+00 3.262351825833320618e-02 3.745343089103698730e-01 1.568918079137802124e-01 9.132604598999023438e-01
-6.036448478698730469e+00 2.115535497665405273e+00 3.110787630081176758e+00 2.944009937345981598e-02 3.734371364116668701e-01 1.584178358316421509e-01 9.135544896125793457e-01
-6.075709342956542969e+00 2.111571788787841797e+00 3.033066987991333008e+00 2.550335600972175598e-02 3.706818222999572754e-01 1.590596735477447510e-01 9.146828055381774902e-01
-6.123154163360595703e+00 2.109075546264648438e+00 2.943380355834960938e+00 2.208819054067134857e-02 3.670525252819061279e-01 1.592854261398315430e-01 9.161946773529052734e-01
-6.175092220306396484e+00 2.108258962631225586e+00 2.851174831390380859e+00 1.914358325302600861e-02 3.615044355392456055e-01 1.587334424257278442e-01 9.185596108436584473e-01
-6.233748435974121094e+00 2.105172872543334961e+00 2.752077817916870117e+00 1.614673994481563568e-02 3.552994132041931152e-01 1.578742563724517822e-01 9.211825728416442871e-01
-6.298777580261230469e+00 2.103303909301757812e+00 2.642652511596679688e+00 1.367875188589096069e-02 3.480625152587890625e-01 1.569539159536361694e-01 9.241378903388977051e-01
-6.365587711334228516e+00 2.100013017654418945e+00 2.531466245651245117e+00 1.133985631167888641e-02 3.400726020336151123e-01 1.556361168622970581e-01 9.273615479469299316e-01
-6.437986850738525391e+00 2.102210283279418945e+00 2.418427944183349609e+00 9.870414622128009796e-03 3.314447402954101562e-01 1.532171219587326050e-01 9.308981895446777344e-01
-6.510940551757812500e+00 2.100771665573120117e+00 2.293378353118896484e+00 8.170371875166893005e-03 3.219799995422363281e-01 1.514821648597717285e-01 9.345133900642395020e-01
-6.578753471374511719e+00 2.098702430725097656e+00 2.174972295761108398e+00 6.573186721652746201e-03 3.117564022541046143e-01 1.498492360115051270e-01 9.382483363151550293e-01
-6.643797397613525391e+00 2.099549770355224609e+00 2.069092988967895508e+00 5.296099931001663208e-03 3.016318678855895996e-01 1.472324281930923462e-01 9.419727921485900879e-01
-6.703757286071777344e+00 2.101360321044921875e+00 1.970103859901428223e+00 4.450575448572635651e-03 2.911552488803863525e-01 1.446443796157836914e-01 9.456673860549926758e-01
-6.730011940002441406e+00 2.098612308502197266e+00 1.956957697868347168e+00 3.698293352499604225e-03 2.794052064418792725e-01 1.421283036470413208e-01 9.495886564254760742e-01
-6.776726722717285156e+00 2.100356817245483398e+00 1.887220263481140137e+00 3.466492285951972008e-03 2.690142393112182617e-01 1.391780525445938110e-01 9.530208706855773926e-01
-6.813581943511962891e+00 2.104003429412841797e+00 1.840096950531005859e+00 3.518796060234308243e-03 2.588871121406555176e-01 1.362224370241165161e-01 9.562471508979797363e-01
-6.852141857147216797e+00 2.108433723449707031e+00 1.772130131721496582e+00 3.496663644909858704e-03 2.483370453119277954e-01 1.334913372993469238e-01 9.594250917434692383e-01
-6.889820098876953125e+00 2.112666845321655273e+00 1.710240840911865234e+00 3.801555372774600983e-03 2.384855002164840698e-01 1.304873377084732056e-01 9.623321890830993652e-01
-6.918322086334228516e+00 2.116174697875976562e+00 1.662402868270874023e+00 4.056946840137243271e-03 2.293169200420379639e-01 1.274995207786560059e-01 9.649565219879150391e-01
-6.942806720733642578e+00 2.122302055358886719e+00 1.620393991470336914e+00 4.749142564833164215e-03 2.206130921840667725e-01 1.248922273516654968e-01 9.673206210136413574e-01
-6.960919380187988281e+00 2.130361795425415039e+00 1.585029006004333496e+00 5.744166672229766846e-03 2.124859690666198730e-01 1.220532432198524475e-01 9.694945812225341797e-01
-6.978398799896240234e+00 2.135687828063964844e+00 1.569322705268859863e+00 6.651082076132297516e-03 2.059754729270935059e-01 1.193550303578376770e-01 9.712281823158264160e-01
-6.993102073669433594e+00 2.142385721206665039e+00 1.549870014190673828e+00 7.840798236429691315e-03 2.004400789737701416e-01 1.163245663046836853e-01 9.727439880371093750e-01
-7.001599788665771484e+00 2.144143819808959961e+00 1.542766928672790527e+00 9.001476690173149109e-03 1.958967596292495728e-01 1.134761944413185120e-01 9.739951491355895996e-01
-7.016977787017822266e+00 2.146839857101440430e+00 1.531960964202880859e+00 1.020479388535022736e-02 1.930108964443206787e-01 1.101155802607536316e-01 9.749447107315063477e-01
-7.025427341461181641e+00 2.150222301483154297e+00 1.519211053848266602e+00 1.119289733469486237e-02 1.901402920484542847e-01 1.080720126628875732e-01 9.757263064384460449e-01
-7.034711360931396484e+00 2.161402463912963867e+00 1.494529008865356445e+00 1.344067882746458054e-02 1.879219263792037964e-01 1.062174513936042786e-01 9.763311743736267090e-01
-7.043306827545166016e+00 2.164325952529907227e+00 1.488973379135131836e+00 1.526203658431768417e-02 1.870124787092208862e-01 1.034785434603691101e-01 9.767730236053466797e-01
-7.049158573150634766e+00 2.163933515548706055e+00 1.494361400604248047e+00 1.699177920818328857e-02 1.867011487483978271e-01 1.008995249867439270e-01 9.770737886428833008e-01
-7.051372528076171875e+00 2.167994260787963867e+00 1.484104990959167480e+00 1.933129876852035522e-02 1.862781047821044922e-01 9.884156286716461182e-02 9.773213863372802734e-01
-7.057538986206054688e+00 2.168653249740600586e+00 1.473904252052307129e+00 2.110610529780387878e-02 1.867072582244873047e-01 9.568801522254943848e-02 9.775166511535644531e-01
-7.066455364227294922e+00 2.172971963882446289e+00 1.461994528770446777e+00 2.379109524190425873e-02 1.871720701456069946e-01 9.263393282890319824e-02 9.776602983474731445e-01
-7.073508262634277344e+00 2.181495904922485352e+00 1.436096429824829102e+00 2.701695822179317474e-02 1.873479038476943970e-01 8.993019908666610718e-02 9.777951836585998535e-01
-7.080766677856445312e+00 2.202103853225708008e+00 1.406034946441650391e+00 3.080188482999801636e-02 1.875614523887634277e-01 8.731311559677124023e-02 9.778795242309570312e-01
-7.088891506195068359e+00 2.225365877151489258e+00 1.380752325057983398e+00 3.417938202619552612e-02 1.883178502321243286e-01 8.386685699224472046e-02 9.779235720634460449e-01
-7.068345069885253906e+00 2.261556625366210938e+00 1.392728805541992188e+00 3.794689849019050598e-02 1.889995336532592773e-01 8.025851845741271973e-02 9.779559373855590820e-01
-7.038040161132812500e+00 2.287670850753784180e+00 1.421422958374023438e+00 4.239081218838691711e-02 1.892536878585815430e-01 7.678388059139251709e-02 9.780032038688659668e-01
-7.006777286529541016e+00 2.301847934722900391e+00 1.460457324981689453e+00 4.577367007732391357e-02 1.904800981283187866e-01 7.218934595584869385e-02 9.779625535011291504e-01
-6.975115299224853516e+00 2.313059329986572266e+00 1.516136527061462402e+00 5.016345530748367310e-02 1.913717389106750488e-01 6.733820587396621704e-02 9.779192805290222168e-01
-6.950784206390380859e+00 2.323136329650878906e+00 1.568735480308532715e+00 5.473623052239418030e-02 1.924615353345870972e-01 6.199865043163299561e-02 9.778131842613220215e-01
-6.930202007293701172e+00 2.328645944595336914e+00 1.639472007751464844e+00 5.996973440051078796e-02 1.935296654701232910e-01 5.705850943922996521e-02 9.775961637496948242e-01
-6.892368793487548828e+00 2.333990097045898438e+00 1.707215666770935059e+00 6.576253473758697510e-02 1.927859187126159668e-01 5.087899044156074524e-02 9.777117371559143066e-01
-6.850949764251708984e+00 2.335707902908325195e+00 1.782079458236694336e+00 7.169445604085922241e-02 1.913844496011734009e-01 4.422201961278915405e-02 9.778938293457031250e-01
-6.814036369323730469e+00 2.332756042480468750e+00 1.849695682525634766e+00 7.730672508478164673e-02 1.896757632493972778e-01 3.727748990058898926e-02 9.780885577201843262e-01
-6.770400047302246094e+00 2.329767704010009766e+00 1.938879370689392090e+00 8.388062566518783569e-02 1.872970759868621826e-01 2.985825762152671814e-02 9.782598614692687988e-01
-6.723134517669677734e+00 2.327279090881347656e+00 2.032367229461669922e+00 9.100650995969772339e-02 1.840250641107559204e-01 2.221935614943504333e-02 9.784471988677978516e-01
-6.670916557312011719e+00 2.314667940139770508e+00 2.122187137603759766e+00 9.698215126991271973e-02 1.803407669067382812e-01 1.423184201121330261e-02 9.787078499794006348e-01
-6.621236801147460938e+00 2.311259508132934570e+00 2.226340055465698242e+00 1.044201925396919250e-01 1.761831641197204590e-01 6.462862715125083923e-03 9.787819385528564453e-01
-6.567421436309814453e+00 2.298508644104003906e+00 2.340510845184326172e+00 1.114803105592727661e-01 1.710173040628433228e-01 -1.310514053329825401e-03 9.789400100708007812e-01
-6.508221149444580078e+00 2.285113573074340820e+00 2.450379610061645508e+00 1.178608387708663940e-01 1.661037504673004150e-01 -9.643098339438438416e-03 9.789920449256896973e-01
-6.450825214385986328e+00 2.278132915496826172e+00 2.584235906600952148e+00 1.254944056272506714e-01 1.615816801786422729e-01 -1.752234436571598053e-02 9.786906838417053223e-01
-6.382883548736572266e+00 2.260758638381958008e+00 2.687311410903930664e+00 1.312749385833740234e-01 1.553409099578857422e-01 -2.586425468325614929e-02 9.787579774856567383e-01
-6.326125144958496094e+00 2.248589277267456055e+00 2.803237438201904297e+00 1.377918124198913574e-01 1.501496136188507080e-01 -3.388520702719688416e-02 9.784274697303771973e-01
-6.268882274627685547e+00 2.234589576721191406e+00 2.906368970870971680e+00 1.437671035528182983e-01 1.443146467208862305e-01 -4.176278784871101379e-02 9.781411886215209961e-01
-6.213928699493408203e+00 2.228893995285034180e+00 3.006301641464233398e+00 1.502254456281661987e-01 1.388093829154968262e-01 -4.900681972503662109e-02 9.776310920715332031e-01
-6.161190509796142578e+00 2.212116003036499023e+00 3.096907138824462891e+00 1.555550843477249146e-01 1.334470361471176147e-01 -5.693058297038078308e-02 9.771148562431335449e-01
-6.114103794097900391e+00 2.202455997467041016e+00 3.179710865020751953e+00 1.608272343873977661e-01 1.286676973104476929e-01 -6.379805505275726318e-02 9.764778614044189453e-01
-6.065452098846435547e+00 2.191444396972656250e+00 3.259403467178344727e+00 1.654643863439559937e-01 1.239114701747894287e-01 -7.045511901378631592e-02 9.758604168891906738e-01
-6.014305114746093750e+00 2.182893276214599609e+00 3.332254171371459961e+00 1.700591593980789185e-01 1.188109219074249268e-01 -7.633031904697418213e-02 9.752627611160278320e-01
-5.975711822509765625e+00 2.175720453262329102e+00 3.388346433639526367e+00 1.737710535526275635e-01 1.151714175939559937e-01 -8.166766911745071411e-02 9.746125340461730957e-01
-5.945693492889404297e+00 2.173844575881958008e+00 3.443241357803344727e+00 1.775502264499664307e-01 1.120367646217346191e-01 -8.572283387184143066e-02 9.739482998847961426e-01
-5.908643245697021484e+00 2.154288291931152344e+00 3.490318536758422852e+00 1.792570203542709351e-01 1.085536777973175049e-01 -9.059841185808181763e-02 9.735887050628662109e-01
-5.873335361480712891e+00 2.150576829910278320e+00 3.532966613769531250e+00 1.816169768571853638e-01 1.058076471090316772e-01 -9.398715198040008545e-02 9.731322526931762695e-01
-5.842131614685058594e+00 2.145314216613769531e+00 3.562428951263427734e+00 1.829333156347274780e-01 1.035127118229866028e-01 -9.668872505426406860e-02 9.728678464889526367e-01
-5.826198577880859375e+00 2.144359827041625977e+00 3.590350151062011719e+00 1.839210093021392822e-01 1.028829440474510193e-01 -9.831441938877105713e-02 9.725854396820068359e-01
-5.798399448394775391e+00 2.139754772186279297e+00 3.612733364105224609e+00 1.841442137956619263e-01 1.011981293559074402e-01 -9.995826333761215210e-02 9.725524187088012695e-01
-5.786684036254882812e+00 2.134778976440429688e+00 3.629471540451049805e+00 1.837555617094039917e-01 1.009376049041748047e-01 -1.010639891028404236e-01 9.725387096405029297e-01
-5.774744987487792969e+00 2.132872819900512695e+00 3.643991947174072266e+00 1.834069788455963135e-01 1.006372347474098206e-01 -1.017304658889770508e-01 9.725661873817443848e-01
-5.764594554901123047e+00 2.131780147552490234e+00 3.648724555969238281e+00 1.827604174613952637e-01 9.977144747972488403e-02 -1.020732671022415161e-01 9.727411270141601562e-01
-5.763391494750976562e+00 2.131983280181884766e+00 3.652549505233764648e+00 1.819602251052856445e-01 9.975785017013549805e-02 -1.022349298000335693e-01 9.728755354881286621e-01
-5.756189823150634766e+00 2.130245208740234375e+00 3.657000303268432617e+00 1.807306110858917236e-01 9.970888495445251465e-02 -1.023179739713668823e-01 9.731010198593139648e-01
-5.750101566314697266e+00 2.131962537765502930e+00 3.665899276733398438e+00 1.802979111671447754e-01 9.988894313573837280e-02 -1.020920723676681519e-01 9.731865525245666504e-01
-5.740271091461181641e+00 2.128887653350830078e+00 3.675195455551147461e+00 1.794909983873367310e-01 9.977066516876220703e-02 -1.019820049405097961e-01 9.733593463897705078e-01
-5.715888500213623047e+00 2.127143144607543945e+00 3.688357830047607422e+00 1.792754083871841431e-01 9.801112115383148193e-02 -1.015434190630912781e-01 9.736236929893493652e-01
-5.699346065521240234e+00 2.124938964843750000e+00 3.708307743072509766e+00 1.791708320379257202e-01 9.718660265207290649e-02 -1.009783148765563965e-01 9.737843871116638184e-01
-5.681130886077880859e+00 2.122967720031738281e+00 3.726707935333251953e+00 1.793599873781204224e-01 9.670491516590118408e-02 -1.005557179450988770e-01 9.738411903381347656e-01
-5.660012245178222656e+00 2.113447666168212891e+00 3.750721216201782227e+00 1.788596063852310181e-01 9.663773328065872192e-02 -1.010401323437690735e-01 9.738897681236267090e-01
-5.631643772125244141e+00 2.103756666183471680e+00 3.777338504791259766e+00 1.792734116315841675e-01 9.568656235933303833e-02 -1.015975773334503174e-01 9.738495945930480957e-01
-5.605024337768554688e+00 2.097437858581542969e+00 3.805127620697021484e+00 1.807289421558380127e-01 9.451492875814437866e-02 -1.021735221147537231e-01 9.736347198486328125e-01
-5.562506675720214844e+00 2.088988780975341797e+00 3.827290534973144531e+00 1.826546639204025269e-01 9.184772521257400513e-02 -1.036551222205162048e-01 9.733739495277404785e-01
-5.530208110809326172e+00 2.076453924179077148e+00 3.856843233108520508e+00 1.850554198026657104e-01 8.988678455352783203e-02 -1.056476309895515442e-01 9.728891849517822266e-01
-5.479377269744873047e+00 2.057756900787353516e+00 3.883681297302246094e+00 1.875451952219009399e-01 8.667585998773574829e-02 -1.080899536609649658e-01 9.724354147911071777e-01
-5.422259330749511719e+00 2.041764974594116211e+00 3.917064666748046875e+00 1.914217472076416016e-01 8.299595117568969727e-02 -1.109687313437461853e-01 9.716765880584716797e-01
-5.355281829833984375e+00 2.023445129394531250e+00 3.951296091079711914e+00 1.961870640516281128e-01 7.845525443553924561e-02 -1.146965473890304565e-01 9.706699252128601074e-01
-5.276274681091308594e+00 2.005443096160888672e+00 3.991830825805664062e+00 2.019809782505035400e-01 7.328709214925765991e-02 -1.187022924423217773e-01 9.694031476974487305e-01
-5.197360038757324219e+00 1.976074934005737305e+00 4.011856079101562500e+00 2.069015800952911377e-01 6.809209287166595459e-02 -1.232307553291320801e-01 9.681783914566040039e-01
-5.115863800048828125e+00 1.947308540344238281e+00 4.013473033905029297e+00 2.122738808393478394e-01 6.258962303400039673e-02 -1.278875023126602173e-01 9.667818546295166016e-01
-5.008282184600830078e+00 1.912885904312133789e+00 4.049576282501220703e+00 2.182245403528213501e-01 5.637839064002037048e-02 -1.333454251289367676e-01 9.651002883911132812e-01
-4.900453090667724609e+00 1.881311535835266113e+00 4.070316791534423828e+00 2.246764898300170898e-01 5.023120716214179993e-02 -1.383341550827026367e-01 9.632554054260253906e-01
-4.781656265258789062e+00 1.844275474548339844e+00 4.081439971923828125e+00 2.308629006147384644e-01 4.387211054563522339e-02 -1.438591033220291138e-01 9.612919092178344727e-01
-4.654666423797607422e+00 1.807034969329833984e+00 4.093256473541259766e+00 2.370194643735885620e-01 3.754797205328941345e-02 -1.493236720561981201e-01 9.592259526252746582e-01
-4.507172584533691406e+00 1.785128951072692871e+00 4.117988109588623047e+00 2.432368397712707520e-01 3.103638440370559692e-02 -1.546215415000915527e-01 9.570605158805847168e-01
-4.632911205291748047e+00 1.852959632873535156e+00 4.127187728881835938e+00 2.482580989599227905e-01 2.604998648166656494e-02 -1.598564237356185913e-01 9.550577402114868164e-01
-4.752323150634765625e+00 1.910006999969482422e+00 4.135319232940673828e+00 2.533653080463409424e-01 2.068276517093181610e-02 -1.647947281599044800e-01 9.530062675476074219e-01
-4.877309799194335938e+00 1.968302488327026367e+00 4.139698982238769531e+00 2.586472332477569580e-01 1.609642617404460907e-02 -1.689627319574356079e-01 9.509438276290893555e-01
-4.995965003967285156e+00 2.021365404129028320e+00 4.137102603912353516e+00 2.632660567760467529e-01 1.183784287422895432e-02 -1.732459515333175659e-01 9.489660859107971191e-01
-5.117676734924316406e+00 2.069393634796142578e+00 4.132351875305175781e+00 2.668567299842834473e-01 8.335835300385951996e-03 -1.767227947711944580e-01 9.473579525947570801e-01
-5.234309673309326172e+00 2.107513427734375000e+00 4.118937969207763672e+00 2.689688801765441895e-01 5.412353202700614929e-03 -1.802242547273635864e-01 9.461213946342468262e-01
-5.352269172668457031e+00 2.138134717941284180e+00 4.085556983947753906e+00 2.694982588291168213e-01 3.320604329928755760e-03 -1.832573264837265015e-01 9.453974962234497070e-01
-5.463279724121093750e+00 2.171743154525756836e+00 4.054659843444824219e+00 2.698844671249389648e-01 2.159646712243556976e-03 -1.855370700359344482e-01 9.448458552360534668e-01
-5.568670749664306641e+00 2.201112031936645508e+00 4.031039237976074219e+00 2.693476080894470215e-01 1.780620426870882511e-03 -1.869441717863082886e-01 9.447224736213684082e-01
-5.669012546539306641e+00 2.222570657730102539e+00 4.004398822784423828e+00 2.671166360378265381e-01 2.652336144819855690e-03 -1.881962716579437256e-01 9.451051950454711914e-01
-5.761075496673583984e+00 2.237915039062500000e+00 3.974366664886474609e+00 2.632090449333190918e-01 3.995083738118410110e-03 -1.891537308692932129e-01 9.460052251815795898e-01
-5.858799457550048828e+00 2.254516124725341797e+00 3.942055940628051758e+00 2.587285339832305908e-01 7.020906545221805573e-03 -1.886370927095413208e-01 9.473258852958679199e-01
-5.954677581787109375e+00 2.265763998031616211e+00 3.907827377319335938e+00 2.529020905494689941e-01 1.142838411033153534e-02 -1.874479800462722778e-01 9.490907192230224609e-01
-6.053995609283447266e+00 2.272926807403564453e+00 3.881685495376586914e+00 2.461839020252227783e-01 1.730337552726268768e-02 -1.848317235708236694e-01 9.512787461280822754e-01
-6.142397880554199219e+00 2.275944232940673828e+00 3.853635549545288086e+00 2.381194531917572021e-01 2.356329932808876038e-02 -1.822828948497772217e-01 9.536859393119812012e-01
-6.224565505981445312e+00 2.278446912765502930e+00 3.830000162124633789e+00 2.299551814794540405e-01 3.076153248548507690e-02 -1.791763603687286377e-01 9.560701847076416016e-01
-6.293141365051269531e+00 2.280159473419189453e+00 3.808606863021850586e+00 2.212914675474166870e-01 3.765624016523361206e-02 -1.751885116100311279e-01 9.586037397384643555e-01
-6.358304977416992188e+00 2.276144266128540039e+00 3.785742998123168945e+00 2.114015370607376099e-01 4.550069198012351990e-02 -1.713845133781433105e-01 9.611796736717224121e-01
-6.405325412750244141e+00 2.271583795547485352e+00 3.767739057540893555e+00 2.013532817363739014e-01 5.272119492292404175e-02 -1.674650013446807861e-01 9.636560082435607910e-01
-6.456677913665771484e+00 2.265221595764160156e+00 3.755708456039428711e+00 1.907457113265991211e-01 6.103383749723434448e-02 -1.629592627286911011e-01 9.660927653312683105e-01
-6.497773647308349609e+00 2.259492874145507812e+00 3.742712974548339844e+00 1.798713654279708862e-01 6.931660324335098267e-02 -1.584465950727462769e-01 9.683678150177001953e-01
-6.532900333404541016e+00 2.253606081008911133e+00 3.733946800231933594e+00 1.690991073846817017e-01 7.768681645393371582e-02 -1.540246456861495972e-01 9.703847765922546387e-01
-6.559269428253173828e+00 2.252355098724365234e+00 3.728798627853393555e+00 1.590902507305145264e-01 8.608691394329071045e-02 -1.491232514381408691e-01 9.721324443817138672e-01
-6.578377723693847656e+00 2.248972892761230469e+00 3.720987319946289062e+00 1.488357782363891602e-01 9.405104815959930420e-02 -1.443821340799331665e-01 9.737330675125122070e-01
-6.591469764709472656e+00 2.248065233230590820e+00 3.715666294097900391e+00 1.391199678182601929e-01 1.018828675150871277e-01 -1.397466361522674561e-01 9.750571250915527344e-01
-6.597201824188232422e+00 2.249016046524047852e+00 3.715019464492797852e+00 1.301017552614212036e-01 1.089945286512374878e-01 -1.351997554302215576e-01 9.761735200881958008e-01
-6.596464633941650391e+00 2.251398563385009766e+00 3.711126327514648438e+00 1.217567026615142822e-01 1.156515404582023621e-01 -1.307314038276672363e-01 9.770922660827636719e-01
-6.594922065734863281e+00 2.251057863235473633e+00 3.709404945373535156e+00 1.138178035616874695e-01 1.214882358908653259e-01 -1.266523152589797974e-01 9.778779745101928711e-01
-6.595279693603515625e+00 2.249161720275878906e+00 3.711273670196533203e+00 1.065273359417915344e-01 1.269216984510421753e-01 -1.231271103024482727e-01 9.784592390060424805e-01
-6.599448680877685547e+00 2.248597860336303711e+00 3.712225675582885742e+00 1.003022193908691406e-01 1.322607994079589844e-01 -1.200932636857032776e-01 9.787870645523071289e-01
-6.603621006011962891e+00 2.246593475341796875e+00 3.713364362716674805e+00 9.492605924606323242e-02 1.363414376974105835e-01 -1.174481064081192017e-01 9.790842533111572266e-01
-6.603210449218750000e+00 2.248460531234741211e+00 3.709657669067382812e+00 9.124984592199325562e-02 1.392075419425964355e-01 -1.149987727403640747e-01 9.793211817741394043e-01
-6.609195232391357422e+00 2.247744798660278320e+00 3.716535329818725586e+00 8.843096345663070679e-02 1.420445740222930908e-01 -1.134598925709724426e-01 9.793519377708435059e-01
-6.608191967010498047e+00 2.248765707015991211e+00 3.716516971588134766e+00 8.682527393102645874e-02 1.430930346250534058e-01 -1.118747144937515259e-01 9.795252680778503418e-01
-6.612414836883544922e+00 2.247682571411132812e+00 3.713581323623657227e+00 8.550097793340682983e-02 1.441562175750732422e-01 -1.112429648637771606e-01 9.795578718185424805e-01
-6.608682155609130859e+00 2.246253490447998047e+00 3.712302923202514648e+00 8.536131680011749268e-02 1.436890363693237305e-01 -1.108742132782936096e-01 9.796804189682006836e-01
-6.617897033691406250e+00 2.248737812042236328e+00 3.714979887008666992e+00 8.661305159330368042e-02 1.441204249858856201e-01 -1.108729243278503418e-01 9.795073866844177246e-01
-6.628886699676513672e+00 2.251017093658447266e+00 3.715172529220581055e+00 8.829116821289062500e-02 1.443080008029937744e-01 -1.115740388631820679e-01 9.792502522468566895e-01
-6.637046337127685547e+00 2.249001264572143555e+00 3.709427356719970703e+00 9.039108455181121826e-02 1.429273039102554321e-01 -1.124741435050964355e-01 9.791582226753234863e-01
-6.646057605743408203e+00 2.246607780456542969e+00 3.710469484329223633e+00 9.297052770853042603e-02 1.415041387081146240e-01 -1.139028966426849365e-01 9.789581894874572754e-01
-6.655739307403564453e+00 2.243951797485351562e+00 3.709499597549438477e+00 9.624167531728744507e-02 1.395853310823440552e-01 -1.155781447887420654e-01 9.787212014198303223e-01
-6.665577411651611328e+00 2.243267774581909180e+00 3.705254077911376953e+00 1.005641818046569824e-01 1.369059085845947266e-01 -1.174627766013145447e-01 9.784406423568725586e-01
-6.678160667419433594e+00 2.240131378173828125e+00 3.703470230102539062e+00 1.049369722604751587e-01 1.338838487863540649e-01 -1.194167211651802063e-01 9.781630635261535645e-01
-6.688488483428955078e+00 2.241456747055053711e+00 3.700039625167846680e+00 1.105892211198806763e-01 1.305307596921920776e-01 -1.214586198329925537e-01 9.777420759201049805e-01
-6.705096244812011719e+00 2.240564107894897461e+00 3.698233842849731445e+00 1.164808198809623718e-01 1.275848001241683960e-01 -1.241227537393569946e-01 9.771120548248291016e-01
-6.724906921386718750e+00 2.240819215774536133e+00 3.698579549789428711e+00 1.227894276380538940e-01 1.248713955283164978e-01 -1.269041746854782104e-01 9.763325452804565430e-01
-6.739155769348144531e+00 2.240842580795288086e+00 3.697078943252563477e+00 1.297371536493301392e-01 1.211415827274322510e-01 -1.295026540756225586e-01 9.755623936653137207e-01
-6.753126621246337891e+00 2.239876508712768555e+00 3.691831827163696289e+00 1.368478685617446899e-01 1.169913783669471741e-01 -1.322276294231414795e-01 9.747315049171447754e-01
-6.775588989257812500e+00 2.240987777709960938e+00 3.688210725784301758e+00 1.444001048803329468e-01 1.133633926510810852e-01 -1.350979208946228027e-01 9.736764430999755859e-01
-6.795065879821777344e+00 2.241102457046508789e+00 3.675035715103149414e+00 1.516510099172592163e-01 1.094093769788742065e-01 -1.383624523878097534e-01 9.725674390792846680e-01
-6.808875083923339844e+00 2.238799810409545898e+00 3.671830654144287109e+00 1.591598093509674072e-01 1.047413721680641174e-01 -1.417172104120254517e-01 9.713977575302124023e-01
-6.834469318389892578e+00 2.241036653518676758e+00 3.666737556457519531e+00 1.671573966741561890e-01 1.010841280221939087e-01 -1.449837237596511841e-01 9.699588418006896973e-01
-6.853678226470947266e+00 2.234676599502563477e+00 3.659491062164306641e+00 1.737405359745025635e-01 9.679031372070312500e-02 -1.490845978260040283e-01 9.686173796653747559e-01
-6.882632255554199219e+00 2.236150264739990234e+00 3.653858184814453125e+00 1.814591139554977417e-01 9.330765902996063232e-02 -1.526121646165847778e-01 9.669931530952453613e-01
-6.910426139831542969e+00 2.233197450637817383e+00 3.649231433868408203e+00 1.887235045433044434e-01 8.991397917270660400e-02 -1.562347412109375000e-01 9.653443098068237305e-01
-6.942280769348144531e+00 2.231491088867187500e+00 3.649044275283813477e+00 1.960430592298507690e-01 8.704917877912521362e-02 -1.599203050136566162e-01 9.635429382324218750e-01
-6.974915981292724609e+00 2.224994182586669922e+00 3.649752140045166016e+00 2.027880102396011353e-01 8.412359654903411865e-02 -1.632905751466751099e-01 9.618401527404785156e-01
-7.014627456665039062e+00 2.219612836837768555e+00 3.651032209396362305e+00 2.096457481384277344e-01 8.172421157360076904e-02 -1.661158353090286255e-01 9.600912928581237793e-01
-7.053059101104736328e+00 2.206416606903076172e+00 3.647085905075073242e+00 2.154844999313354492e-01 7.926654815673828125e-02 -1.696641743183135986e-01 9.583826661109924316e-01
-7.104028224945068359e+00 2.199309349060058594e+00 3.653841257095336914e+00 2.228631973266601562e-01 7.815907150506973267e-02 -1.708193868398666382e-01 9.565792679786682129e-01
-7.143404960632324219e+00 2.194808006286621094e+00 3.654058218002319336e+00 2.295934557914733887e-01 7.548681646585464478e-02 -1.732965856790542603e-01 9.547548294067382812e-01
-7.183969497680664062e+00 2.186456441879272461e+00 3.653742313385009766e+00 2.363102734088897705e-01 7.297072559595108032e-02 -1.746638119220733643e-01 9.530609846115112305e-01
-7.222033023834228516e+00 2.185129404067993164e+00 3.654164075851440430e+00 2.428503334522247314e-01 7.013455033302307129e-02 -1.773910373449325562e-01 9.511241912841796875e-01
-7.263612270355224609e+00 2.180083036422729492e+00 3.652031421661376953e+00 2.488875538110733032e-01 6.764961034059524536e-02 -1.792742609977722168e-01 9.493888616561889648e-01
-7.306219100952148438e+00 2.163501024246215820e+00 3.651820659637451172e+00 2.541216313838958740e-01 6.507122516632080078e-02 -1.807739883661270142e-01 9.478969573974609375e-01
-7.349824428558349609e+00 2.164030790328979492e+00 3.651518106460571289e+00 2.603838443756103516e-01 6.300336122512817383e-02 -1.817819625139236450e-01 9.461427330970764160e-01
-7.397456169128417969e+00 2.167465448379516602e+00 3.657167911529541016e+00 2.670166492462158203e-01 6.150216981768608093e-02 -1.818576455116271973e-01 9.443767070770263672e-01
-7.442069053649902344e+00 2.166010141372680664e+00 3.661638498306274414e+00 2.726378440856933594e-01 5.941608175635337830e-02 -1.826545298099517822e-01 9.427490234375000000e-01
-7.487573146820068359e+00 2.154248237609863281e+00 3.658915996551513672e+00 2.766417860984802246e-01 5.714587867259979248e-02 -1.833166331052780151e-01 9.415937066078186035e-01
-7.539250373840332031e+00 2.153678655624389648e+00 3.665763139724731445e+00 2.816577851772308350e-01 5.485860630869865417e-02 -1.838434487581253052e-01 9.401388168334960938e-01
-7.594698429107666016e+00 2.148509979248046875e+00 3.666886806488037109e+00 2.821340560913085938e-01 5.197737738490104675e-02 -1.829343289136886597e-01 9.403370618820190430e-01
-7.656968116760253906e+00 2.144083738327026367e+00 3.675519466400146484e+00 2.839976549148559570e-01 4.970860853791236877e-02 -1.808686703443527222e-01 9.402983188629150391e-01
-7.729117870330810547e+00 2.135296821594238281e+00 3.689346313476562500e+00 2.861618697643280029e-01 4.904593527317047119e-02 -1.777992695569992065e-01 9.402623772621154785e-01
-7.798654079437255859e+00 2.128532409667968750e+00 3.700297355651855469e+00 2.876819074153900146e-01 4.735001921653747559e-02 -1.762602776288986206e-01 9.401752352714538574e-01
-7.867575168609619141e+00 2.120428800582885742e+00 3.704817771911621094e+00 2.872388362884521484e-01 4.504787176847457886e-02 -1.764003485441207886e-01 9.403975009918212891e-01
-7.949302673339843750e+00 2.119188308715820312e+00 3.718783378601074219e+00 2.889458537101745605e-01 4.369920864701271057e-02 -1.755556762218475342e-01 9.400961995124816895e-01
-8.038679122924804688e+00 2.113806247711181641e+00 3.731213569641113281e+00 2.891450226306915283e-01 4.170766472816467285e-02 -1.750554293394088745e-01 9.402187466621398926e-01
-8.143733024597167969e+00 2.101374387741088867e+00 3.749890565872192383e+00 2.890511751174926758e-01 4.093971848487854004e-02 -1.744662821292877197e-01 9.403908252716064453e-01
-8.257269859313964844e+00 2.102004766464233398e+00 3.775124311447143555e+00 2.907705008983612061e-01 4.040205851197242737e-02 -1.730486750602722168e-01 9.401459097862243652e-01
-8.378149032592773438e+00 2.099838733673095703e+00 3.802769899368286133e+00 2.918877899646759033e-01 3.957822546362876892e-02 -1.717871576547622681e-01 9.400660991668701172e-01
-8.512439727783203125e+00 2.090312957763671875e+00 3.839242696762084961e+00 2.936356961727142334e-01 4.009011387825012207e-02 -1.697294712066650391e-01 9.398738145828247070e-01
-8.658312797546386719e+00 2.089318275451660156e+00 3.878344535827636719e+00 2.948872447013854980e-01 3.985973820090293884e-02 -1.687394976615905762e-01 9.396699666976928711e-01
-8.800599098205566406e+00 2.077482223510742188e+00 3.910632371902465820e+00 2.941342592239379883e-01 3.885234147310256958e-02 -1.688444316387176514e-01 9.399293065071105957e-01
-8.931319236755371094e+00 2.068370103836059570e+00 3.951533555984497070e+00 2.943889498710632324e-01 3.531369194388389587e-02 -1.681046038866043091e-01 9.401217699050903320e-01
-9.074185371398925781e+00 2.060160398483276367e+00 3.999703407287597656e+00 2.951134741306304932e-01 3.374577313661575317e-02 -1.677131354808807373e-01 9.400221109390258789e-01
-9.203773498535156250e+00 2.052656173706054688e+00 4.040292263031005859e+00 2.948509752750396729e-01 2.924204058945178986e-02 -1.661937534809112549e-01 9.405250549316406250e-01
-9.342250823974609375e+00 2.046895980834960938e+00 4.090086460113525391e+00 2.947766780853271484e-01 2.675587311387062073e-02 -1.648328900337219238e-01 9.408618211746215820e-01
-9.476146697998046875e+00 2.043170213699340820e+00 4.140841960906982422e+00 2.954066097736358643e-01 2.335418015718460083e-02 -1.636424362659454346e-01 9.409626126289367676e-01
-9.612462997436523438e+00 2.037389039993286133e+00 4.194489955902099609e+00 2.963171899318695068e-01 1.929834671318531036e-02 -1.629246324300765991e-01 9.408928155899047852e-01
-9.746522903442382812e+00 2.031242132186889648e+00 4.252328395843505859e+00 2.971451878547668457e-01 1.523352414369583130e-02 -1.615317612886428833e-01 9.409464001655578613e-01
-9.871963500976562500e+00 2.020570516586303711e+00 4.298496246337890625e+00 2.960120737552642822e-01 1.010266225785017014e-02 -1.592570841312408447e-01 9.417600631713867188e-01
-1.000320243835449219e+01 2.014728784561157227e+00 4.350755691528320312e+00 2.953951358795166016e-01 5.209215916693210602e-03 -1.569799780845642090e-01 9.423756599426269531e-01
-1.013481044769287109e+01 2.008783817291259766e+00 4.404187679290771484e+00 2.946973741054534912e-01 8.041810942813754082e-04 -1.553295552730560303e-01 9.428814649581909180e-01
-1.026219463348388672e+01 2.005527019500732422e+00 4.460608005523681641e+00 2.948380708694458008e-01 -3.919117618352174759e-03 -1.537799835205078125e-01 9.430837035179138184e-01
-1.038462638854980469e+01 1.999929785728454590e+00 4.514379978179931641e+00 2.948465049266815186e-01 -9.154368191957473755e-03 -1.522728949785232544e-01 9.432892799377441406e-01
-1.050780105590820312e+01 1.996066927909851074e+00 4.566101551055908203e+00 2.948069870471954346e-01 -1.389476656913757324e-02 -1.511687487363815308e-01 9.434213042259216309e-01
-1.062784481048583984e+01 1.992135405540466309e+00 4.618042945861816406e+00 2.948361337184906006e-01 -1.927627064287662506e-02 -1.497118622064590454e-01 9.435499310493469238e-01
-1.074525451660156250e+01 1.985428690910339355e+00 4.671299934387207031e+00 2.947990298271179199e-01 -2.481030486524105072e-02 -1.481668949127197266e-01 9.436761140823364258e-01
-1.085564804077148438e+01 1.988243341445922852e+00 4.723841667175292969e+00 2.970183193683624268e-01 -3.067711181938648224e-02 -1.464061141014099121e-01 9.430823326110839844e-01
-1.096767044067382812e+01 1.983822703361511230e+00 4.771642684936523438e+00 2.968910634517669678e-01 -3.562281653285026550e-02 -1.437776833772659302e-01 9.433528780937194824e-01
-1.107838916778564453e+01 1.985520005226135254e+00 4.821974277496337891e+00 2.989057600498199463e-01 -4.045137390494346619e-02 -1.431854814291000366e-01 9.426117539405822754e-01
-1.118720722198486328e+01 1.979909181594848633e+00 4.870285987854003906e+00 2.992588579654693604e-01 -4.573270678520202637e-02 -1.421307772397994995e-01 9.424178600311279297e-01
-1.129195308685302734e+01 1.975274682044982910e+00 4.918730258941650391e+00 3.001269698143005371e-01 -5.116019770503044128e-02 -1.417860388755798340e-01 9.419146180152893066e-01
-1.139382266998291016e+01 1.968270063400268555e+00 4.964416980743408203e+00 3.002674281597137451e-01 -5.618679523468017578e-02 -1.414101123809814453e-01 9.416399002075195312e-01
-1.149755668640136719e+01 1.958995223045349121e+00 5.009372711181640625e+00 2.996342182159423828e-01 -6.047008931636810303e-02 -1.399593353271484375e-01 9.417930245399475098e-01
-1.158703613281250000e+01 1.953919529914855957e+00 5.053181648254394531e+00 3.003358244895935059e-01 -6.560463458299636841e-02 -1.401209682226181030e-01 9.412016868591308594e-01
-1.167050170898437500e+01 1.947510004043579102e+00 5.087878704071044922e+00 2.998704016208648682e-01 -7.068885117769241333e-02 -1.401743292808532715e-01 9.409739375114440918e-01
-1.176192855834960938e+01 1.942710161209106445e+00 5.129738330841064453e+00 3.004545867443084717e-01 -7.474029809236526489e-02 -1.396452039480209351e-01 9.405531287193298340e-01
-1.184982395172119141e+01 1.941222429275512695e+00 5.171136856079101562e+00 3.017565906047821045e-01 -7.857848703861236572e-02 -1.400571912527084351e-01 9.397618770599365234e-01
-1.194286060333251953e+01 1.935803174972534180e+00 5.213074684143066406e+00 3.023699522018432617e-01 -8.133181184530258179e-02 -1.397663950920104980e-01 9.393736720085144043e-01
-1.203202247619628906e+01 1.926452875137329102e+00 5.243134975433349609e+00 3.013710379600524902e-01 -8.342862129211425781e-02 -1.385486125946044922e-01 9.396911263465881348e-01
-1.213081932067871094e+01 1.919486284255981445e+00 5.282854080200195312e+00 3.013016879558563232e-01 -8.431538194417953491e-02 -1.374416947364807129e-01 9.397968053817749023e-01
-1.222339439392089844e+01 1.923007845878601074e+00 5.319745063781738281e+00 3.022381067276000977e-01 -8.493836969137191772e-02 -1.364240497350692749e-01 9.395882487297058105e-01
-1.230993938446044922e+01 1.910278916358947754e+00 5.359948635101318359e+00 3.022823035717010498e-01 -8.584728091955184937e-02 -1.358253806829452515e-01 9.395781159400939941e-01
-1.239932918548583984e+01 1.911893844604492188e+00 5.397531986236572266e+00 3.037638664245605469e-01 -8.541211485862731934e-02 -1.350060850381851196e-01 9.392579793930053711e-01
-1.248925685882568359e+01 1.896079897880554199e+00 5.442746162414550781e+00 3.035962581634521484e-01 -8.573126047849655151e-02 -1.341316848993301392e-01 9.394084215164184570e-01
-1.258866596221923828e+01 1.891114473342895508e+00 5.481487274169921875e+00 3.035030663013458252e-01 -8.512347191572189331e-02 -1.330423653125762939e-01 9.396486282348632812e-01
-1.269591522216796875e+01 1.876044750213623047e+00 5.523595809936523438e+00 3.026950061321258545e-01 -8.443209528923034668e-02 -1.318625360727310181e-01 9.401378631591796875e-01
-1.281413841247558594e+01 1.876719355583190918e+00 5.571224689483642578e+00 3.037614822387695312e-01 -8.286222815513610840e-02 -1.306207031011581421e-01 9.401069283485412598e-01
-1.294328117370605469e+01 1.864762306213378906e+00 5.619503021240234375e+00 3.030717372894287109e-01 -8.059445768594741821e-02 -1.288774162530899048e-01 9.407670497894287109e-01
-1.307107448577880859e+01 1.863020539283752441e+00 5.674249172210693359e+00 3.040876090526580811e-01 -7.891897112131118774e-02 -1.271380335092544556e-01 9.408179521560668945e-01
-1.320315551757812500e+01 1.853330492973327637e+00 5.720085620880126953e+00 3.030774295330047607e-01 -7.651838660240173340e-02 -1.250429302453994751e-01 9.416226744651794434e-01
-1.333558273315429688e+01 1.851574659347534180e+00 5.778210163116455078e+00 3.043043017387390137e-01 -7.377887517213821411e-02 -1.228663176298141479e-01 9.417321681976318359e-01
-1.346790409088134766e+01 1.843692421913146973e+00 5.821362018585205078e+00 3.034064173698425293e-01 -7.079286873340606689e-02 -1.204731240868568420e-01 9.425598978996276855e-01
-1.358994674682617188e+01 1.834156870841979980e+00 5.870700836181640625e+00 3.026384413242340088e-01 -6.857743859291076660e-02 -1.181049868464469910e-01 9.432700276374816895e-01
-1.372699260711669922e+01 1.836462020874023438e+00 5.918063640594482422e+00 3.029898107051849365e-01 -6.373538076877593994e-02 -1.149582639336585999e-01 9.438853859901428223e-01
-1.384924793243408203e+01 1.820271611213684082e+00 5.966586589813232422e+00 3.013336956501007080e-01 -6.175411120057106018e-02 -1.124413684010505676e-01 9.448499083518981934e-01
-1.397515487670898438e+01 1.817746758460998535e+00 6.016861915588378906e+00 3.014444112777709961e-01 -5.889781191945075989e-02 -1.091502085328102112e-01 9.453827142715454102e-01
-1.410311031341552734e+01 1.809991359710693359e+00 6.055903434753417969e+00 3.002004623413085938e-01 -5.524486675858497620e-02 -1.057122498750686646e-01 9.463892579078674316e-01
-1.422747993469238281e+01 1.810757160186767578e+00 6.099039077758789062e+00 2.997258007526397705e-01 -5.206036940217018127e-02 -1.020240783691406250e-01 9.471247196197509766e-01
-1.435947227478027344e+01 1.813633799552917480e+00 6.139352798461914062e+00 2.994711399078369141e-01 -4.733560979366302490e-02 -9.730838239192962646e-02 9.479491114616394043e-01
-1.448143672943115234e+01 1.805022358894348145e+00 6.170858383178710938e+00 2.969944775104522705e-01 -4.435500130057334900e-02 -9.308473020792007446e-02 9.492955803871154785e-01
-1.460669612884521484e+01 1.809536337852478027e+00 6.207753181457519531e+00 2.963992357254028320e-01 -4.045068100094795227e-02 -8.837497979402542114e-02 9.501058459281921387e-01
-1.473879051208496094e+01 1.804522871971130371e+00 6.236108779907226562e+00 2.940939366817474365e-01 -3.556872159242630005e-02 -8.331400156021118164e-02 9.514738321304321289e-01
-1.486708068847656250e+01 1.808637142181396484e+00 6.257107257843017578e+00 2.925421297550201416e-01 -3.065336495637893677e-02 -7.820536196231842041e-02 9.525562524795532227e-01
-1.499149894714355469e+01 1.811678409576416016e+00 6.282176017761230469e+00 2.913709878921508789e-01 -2.678890340030193329e-02 -7.318773865699768066e-02 9.534300565719604492e-01
-1.511454868316650391e+01 1.819803237915039062e+00 6.293405532836914062e+00 2.901056110858917236e-01 -2.330615930259227753e-02 -6.792421638965606689e-02 9.542965292930603027e-01
-1.523189544677734375e+01 1.834567904472351074e+00 6.264252185821533203e+00 2.880568504333496094e-01 -1.991016604006290436e-02 -6.304204463958740234e-02 9.553285241127014160e-01
-1.526554679870605469e+01 1.865531682968139648e+00 6.162353515625000000e+00 2.861876487731933594e-01 -1.600636541843414307e-02 -5.789323151111602783e-02 9.562890529632568359e-01
-1.520734691619873047e+01 1.893530249595642090e+00 6.069662570953369141e+00 2.850742638111114502e-01 -1.191909983754158020e-02 -5.284317955374717712e-02 9.569734334945678711e-01
-1.511219215393066406e+01 1.912175536155700684e+00 5.987483024597167969e+00 2.834581732749938965e-01 -1.077812816947698593e-02 -4.877838492393493652e-02 9.576825499534606934e-01
-1.502558898925781250e+01 1.934713721275329590e+00 5.912958145141601562e+00 2.828024625778198242e-01 -7.200219668447971344e-03 -4.462222009897232056e-02 9.581125974655151367e-01
-1.493446540832519531e+01 1.950239062309265137e+00 5.838793277740478516e+00 2.814924418926239014e-01 -4.858918022364377975e-03 -4.088439792394638062e-02 9.586797356605529785e-01
-1.484289455413818359e+01 1.965189099311828613e+00 5.771255016326904297e+00 2.804474830627441406e-01 -2.218252513557672501e-03 -3.757626190781593323e-02 9.591310024261474609e-01
-1.475020027160644531e+01 1.985693216323852539e+00 5.712732315063476562e+00 2.809602618217468262e-01 6.589151598745957017e-05 -3.458663076162338257e-02 9.590960144996643066e-01
-1.464766025543212891e+01 1.989449858665466309e+00 5.649346351623535156e+00 2.792280316352844238e-01 8.320691995322704315e-04 -3.284163028001785278e-02 9.596626758575439453e-01
-1.455589675903320312e+01 2.007308959960937500e+00 5.592061042785644531e+00 2.798615694046020508e-01 2.971622627228498459e-03 -3.100707381963729858e-02 9.595348834991455078e-01
-1.445476341247558594e+01 2.022972106933593750e+00 5.535456657409667969e+00 2.806616425514221191e-01 3.807696746662259102e-03 -3.032692335546016693e-02 9.593199491500854492e-01
-1.436759185791015625e+01 2.039012670516967773e+00 5.489339351654052734e+00 2.828673422336578369e-01 5.478775594383478165e-03 -3.024010173976421356e-02 9.586665630340576172e-01
