1.0 0.0 0.0 0.0 0.0 -1.0 0.0 0.0 0.0 0.0 -1.0 0.0
0.9998972086949485 0.0060276615774275165 0.01300920212612276 -0.00019172945758327842 0.00578438560017517 -0.9998091992349423 0.018657599213501266 0.08365871757268906 0.013119181654310573 -0.01858043113308087 -0.9997412938613817 -0.09162690490484238
0.9996286440813005 0.010171210186540635 0.025280830989545887 -0.09012625366449356 0.009175837953828593 -0.9991899790206411 0.03918149847282564 0.12408968061208725 0.02565887624245946 -0.03893497538296604 -0.9989122532844925 -0.1646682769060135
0.9990626828340687 0.015519492673738257 0.04040917118108948 -0.2091142237186432 0.012972880646524314 -0.99795830297678 0.06253742789271236 0.15123748779296875 0.041297217050593645 -0.06195458713327809 -0.9972242320546674 -0.1943144053220749
0.9982130350117264 0.021656319408003763 0.055693272146428933 -0.3197585344314575 0.016731327933289415 -0.9960306753837342 0.08742400334125015 0.16964921355247498 0.05736548961062223 -0.08633595730818479 -0.9946131424214204 -0.2104676365852356
0.9970836413560017 0.02789301914748679 0.07103655131757279 -0.42266035079956055 0.01972045851869076 -0.9933703754483395 0.1132537005904779 0.18050791323184967 0.07372459329198645 -0.11152253881822702 -0.9910234142942679 -0.2377309948205948
0.995834093882088 0.03272390102378004 0.08510936354964938 -0.5103272199630737 0.020547345496218433 -0.9899105531199595 0.1401959464991579 0.1823212206363678 0.08883841542429474 -0.13786313185011267 -0.9864590679908511 -0.2519068717956543
0.9941490399988322 0.04077269212889891 0.10002636575404947 -0.5916524529457092 0.023563142092306942 -0.9855817306025572 0.16755127763525623 0.19185148179531097 0.10541567532458637 -0.164214006342428 -0.9807758640570388 -0.2682506740093231
0.9923288343878224 0.047491527517110436 0.11414043655338532 -0.6618083715438843 0.024618408353056724 -0.9806897163741376 0.194014468966043 0.19379666447639465 0.12115039584197809 -0.18971619596677838 -0.9743358489633988 -0.28358572721481323
0.9901056340341358 0.05532585004651526 0.12895690664129933 -0.7255762219429016 0.025933531316705574 -0.9753082632179687 0.21931995725924086 0.19748730957508087 0.13790679971382025 -0.21380561736161258 -0.967093000996963 -0.29743692278862
0.9877463583562912 0.0637843052007088 0.14243838655344368 -0.7776429653167725 0.02745328492245274 -0.969450377737053 0.24374634818280227 0.2051723748445511 0.15363413911254245 -0.23684916617026136 -0.9593221689211607 -0.30832797288894653
0.9853224499763608 0.07135661344443597 0.15507386398205014 -0.8206040263175964 0.027707677613549378 -0.9632474277718223 0.267182854038637 0.2067834436893463 0.16843976422996343 -0.2589645277035241 -0.9510864415064727 -0.3164213001728058
0.9828429193489441 0.07975611003270731 0.1663092264370673 -0.8512746691703796 0.028896334806087925 -0.9571239845730943 0.28823372458769947 0.21013325452804565 0.18216695013206846 -0.2784827482401271 -0.9430071904350499 -0.3301512897014618
0.9799355067163233 0.0876782765305554 0.17899419683680687 -0.8859863877296448 0.028966431632429485 -0.9511609027215828 0.3073335044741246 0.21544960141181946 0.19719875383760896 -0.2959821902724798 -0.9346160679800017 -0.33444616198539734
0.9775949408002711 0.09391649239362238 0.18838212276697938 -0.9010699987411499 0.02831632342671405 -0.9454888888519368 0.3244209408856397 0.2118424028158188 0.20858168076153846 -0.3118179813833844 -0.9269645240982436 -0.3392466902732849
0.9752105213028559 0.1014552368384786 0.19665013109138785 -0.9064214825630188 0.029679829257037778 -0.9406396420158447 0.3381067458711473 0.22002598643302917 0.21927960889121656 -0.3238887135828473 -0.9203328497550021 -0.34332481026649475
0.9732471117700402 0.10649806150514213 0.20358836491047727 -0.9201204180717468 0.029438243307275784 -0.9365844340711947 0.34920336150518533 0.21995806694030762 0.22786717460454087 -0.3338678791845458 -0.9146632112349097 -0.34392207860946655
0.9717874621982032 0.11117698354598526 0.2080115541117631 -0.9300177097320557 0.031796181312384486 -0.9356367838880628 0.35152924699027854 0.222549170255661 0.2337052228092586 -0.33499774173151975 -0.9127750992804615 -0.354200154542923
0.9706163395667461 0.11421307643095446 0.21180012874932014 -0.9503520727157593 0.03327103247110719 -0.9354249874004247 0.35195614974769557 0.22070637345314026 0.2383211273982191 -0.33456758079511045 -0.9117387641844289 -0.3600313067436218
0.9698168589915126 0.116386076914414 0.21426511875783505 -0.9748478531837463 0.03441001838831439 -0.9352637204826926 0.3522750683533939 0.22371791303157806 0.24139430533952727 -0.33426943361507727 -0.9110393707740094 -0.367380291223526
0.9697252712839994 0.1161209891397142 0.21482275045811064 -1.0077030658721924 0.03387992110123088 -0.9351736583575583 0.3525654260705593 0.22238752245903015 0.2418368234561223 -0.3346134256053618 -0.9107956994986839 -0.37574052810668945
0.9704812293940428 0.11415218257041296 0.21245108285965084 -1.040565013885498 0.035547378704467086 -0.9389761825563652 0.3421404864366633 0.2152889519929886 0.23854259003596887 -0.3244888408039427 -0.9153165708827984 -0.38705694675445557
0.9714293563020701 0.11180485049479022 0.20934345253765158 -1.0813533067703247 0.038341536695991385 -0.9444277040499826 0.3264754789975333 0.21390272676944733 0.234211298357565 -0.3091213147434458 -0.921731566397152 -0.3993597626686096
0.9731481034190106 0.10720406394819323 0.20369108346948864 -1.121446132659912 0.040452446130908565 -0.950801250664365 0.30714911905637177 0.20682822167873383 0.22659737071291988 -0.2906617800951322 -0.9296071004343289 -0.41682708263397217
0.975051327653668 0.10210716884187061 0.19710158424507168 -1.1716207265853882 0.04295996154959013 -0.9579402493532673 0.28373389006718575 0.202346533536911 0.21778280497889885 -0.2681876297298178 -0.9384274319921734 -0.43697288632392883
0.9772037516024255 0.09678848532960183 0.18895718287947336 -1.2252639532089233 0.045914231101333684 -0.9653172235619583 0.25701078046845766 0.2005935162305832 0.20727930730422325 -0.24247607511305908 -0.9477555812345542 -0.46110430359840393
0.9796228394281336 0.09050491091944818 0.1792985040936597 -1.2816798686981201 0.04815749027622862 -0.9725196879557813 0.2277856726589384 0.19680652022361755 0.19498704726482805 -0.21450948146376386 -0.9570609874825592 -0.4828718602657318
0.9821783941102037 0.08225120131881516 0.16899805331634057 -1.3421436548233032 0.048461251736901634 -0.979582190948454 0.19511596105065104 0.18427352607250214 0.18159600552653574 -0.18344882408518803 -0.9661104593774813 -0.5198585987091064
0.9845989194625634 0.07657150956561913 0.15716797293340495 -1.3973320722579956 0.051053689250071796 -0.9857291965963454 0.1604103232073336 0.1899164319038391 0.16720792028821574 -0.14991582605037543 -0.974457159906234 -0.5582187175750732
0.9868693508791471 0.06974826166989034 0.14568481145747333 -1.460641622543335 0.051596775725523264 -0.9908324062706686 0.12485557824385352 0.19505754113197327 0.15305769183579473 -0.11569927691176587 -0.9814209190209844 -0.6007649302482605
0.98928491099335 0.062047990914914704 0.13215676942291585 -1.5121797323226929 0.050602548958539516 -0.9948103177098601 0.08827125136138952 0.20176436007022858 0.1369479715796393 -0.08063794765139837 -0.9872906231089164 -0.6532709002494812
0.9914273565608293 0.05543778326322181 0.1183150406738992 -1.5633246898651123 0.0495682928429345 -0.9974166714843965 0.05199007395286673 0.2127908617258072 0.12089160850713943 -0.04567970700264515 -0.9916141302748308 -0.7197518348693848
0.9933150602378581 0.049262072826887 0.10439559035447142 -1.614630103111267 0.047736055413738356 -0.9987141555835354 0.017067643381620246 0.2310446947813034 0.10510214135875932 -0.011970113527621418 -0.994389388652121 -0.7831133604049683
0.9949367509499203 0.04271504503555259 0.0909740981644052 -1.662727952003479 0.04443883920875281 -0.9988673390786937 -0.017006719014212884 0.2505688965320587 0.09014461258996422 0.020963393080808496 -0.9957080319910776 -0.8649100661277771
0.996292348601264 0.03498018783259689 0.07859988917150891 -1.7158912420272827 0.03893510068415494 -0.9980218290708849 -0.049360780309067966 0.2666197121143341 0.07671775578894342 0.05223806234156848 -0.995683469175574 -0.9439179301261902
0.997451289869796 0.030275487587091525 0.06460897142382119 -1.7497769594192505 0.035420345847612895 -0.9961628148011057 -0.08003152820966103 0.3057391047477722 0.06193806129607035 0.08211602315566763 -0.9946962527847294 -1.0269500017166138
0.9983754814208421 0.025701131221699054 0.05085125319622494 -1.7808525562286377 0.031089212004423012 -0.9936454990880019 -0.10817616668702747 0.3478480279445648 0.0477478690063296 0.10958135788573035 -0.9928303314309419 -1.11842679977417
0.9989571935811046 0.020772287520531386 0.04065756342586145 -1.8174047470092773 0.02599998320217683 -0.9908289106330159 -0.13259740090694572 0.38615500926971436 0.037530337942124806 0.13351622345226494 -0.9903357470115854 -1.2066373825073242
0.9994196900169212 0.012749449088613437 0.031586939617793866 -1.8550758361816406 0.01745752532229085 -0.9879817501637234 -0.15358156189155073 0.4128883481025696 0.029249239581617764 0.1540438667761995 -0.9876309883213132 -1.3073680400848389
0.9996986325899165 0.007345776594786959 0.0234239954762218 -1.8904205560684204 0.011238714829386398 -0.9852639591597264 -0.17067109324629087 0.45621001720428467 0.02182510680006651 0.17088291414626527 -0.9850495898004553 -1.412818193435669
0.9998382504696631 -0.0014220459565060862 0.017929045793367737 -1.9269102811813354 0.001870786059096633 -0.9832388059102938 -0.18231278263363943 0.4883718192577362 0.017887790732345407 0.18231683503559715 -0.983077107151478 -1.5284299850463867
0.9998699357333146 -0.006019704326046521 0.014962445538217465 -1.9690830707550049 -0.003087123188486032 -0.9820132988640927 -0.18878652103495372 0.531836748123169 0.015829759539432643 0.18871577574195772 -0.9819041575933135 -1.6477123498916626
0.9998291989491367 -0.011155495499651108 0.0147352586975854 -2.0168685913085938 -0.00814291031948724 -0.9816276468662005 -0.19063277766285308 0.5773842334747314 0.016591140414579417 0.1904802294939904 -0.9815508220319823 -1.7654825448989868
0.9996975847663656 -0.016531467922773126 0.01820575679870392 -2.0688533782958984 -0.01284238428478125 -0.982316185946567 -0.18678860777165063 0.6100335717201233 0.02097169945849011 0.1864983147261869 -0.9822314220315469 -1.8906197547912598
0.9994385558471757 -0.022277061512912054 0.02502609870639169 -2.1113498210906982 -0.017440085166811746 -0.983670341218088 -0.17913264146231062 0.6334762573242188 0.028607979926700177 0.1785956111953491 -0.9835065791067559 -2.029322862625122
0.9991533800866446 -0.027183752319742484 0.03087987485810008 -2.1206836700439453 -0.02168891527796112 -0.9858705779002555 -0.16609874949764572 0.6528081297874451 0.03495874733880565 0.16528837599914623 -0.9856255063380139 -2.1713292598724365
0.998547471221608 -0.03505211089939735 0.04091817735955993 -2.122744560241699 -0.02859128760319713 -0.9884245049951934 -0.14899508783244622 0.6573634743690491 0.045667121544096904 0.14760876480244475 -0.9879909749402438 -2.318268299102783
0.997792329898461 -0.04163588219451627 0.05173895736951777 -2.112640619277954 -0.03466634846969716 -0.9910416127788539 -0.12897583504077642 0.669594407081604 0.0566454824286804 0.12689749822030538 -0.9902970838419396 -2.459911823272705
0.9970225309250165 -0.045371094269674526 0.06235011333306991 -2.0859079360961914 -0.03845750717376894 -0.9934146267205821 -0.10792775157291995 0.6877604722976685 0.06683631475368661 0.10520857009948725 -0.9922016245742431 -2.6153130531311035
0.9960463111302155 -0.04845782544067406 0.07445525661396206 -2.0575852394104004 -0.04213015659058886 -0.9955472277371346 -0.08432536540423831 0.7085550427436829 0.07820994814946651 0.08085515752546037 -0.9936526795173405 -2.769792318344116
0.9946395873184533 -0.051770280764008636 0.08950938145576266 -2.033162832260132 -0.046689367521144706 -0.9972267506390473 -0.057956110724956364 0.7224317789077759 0.09226155374506213 0.05346630564667473 -0.9942983253838074 -2.9369897842407227
0.9929954836820415 -0.05375540700414944 0.10521561483395217 -2.009978771209717 -0.05072707171648685 -0.9982234729275138 -0.031251596624862744 0.7387340068817139 0.10670863874185038 0.025695414266965488 -0.9939582547086724 -3.1048777103424072
0.9911031249116604 -0.05282237387254649 0.12216543131676363 -1.9945321083068848 -0.053064612370833354 -0.998590270681514 -0.0012720904661196316 0.7594611048698425 0.12206040596473197 -0.00522188842179823 -0.9925089365728832 -3.280066967010498
0.9884884107543362 -0.051182444610834946 0.14237632938106443 -1.9917396306991577 -0.05607245937522075 -0.9979593391061544 0.03054565092483162 0.7753555178642273 0.1405223864869251 -0.03817741288335631 -0.9893411666566557 -3.46379017829895
0.985837006593875 -0.04749563002463156 0.16084017395722772 -1.99290132522583 -0.057966185411031546 -0.9964505382191339 0.061042986752718055 0.797747790813446 0.1573700027925331 -0.06950172667899637 -0.985090956313028 -3.6504037380218506
0.9826319614510458 -0.043436463512510834 0.18040981672956874 -2.0094213485717773 -0.06067716555141173 -0.9939849818181076 0.09117092464543122 0.8169238567352295 0.17536450585998536 -0.10053422082844549 -0.9793570138243256 -3.838783025741577
0.9785809820598257 -0.037086559895703704 0.20249407059449695 -2.05844783782959 -0.06297249956147019 -0.990415411234776 0.12292996985125251 0.8322135806083679 0.19599419851058694 -0.13304848839333575 -0.9715371191500821 -4.033687591552734
0.974295850595274 -0.03061328564497976 0.22318248644293448 -2.1366703510284424 -0.06616665898512009 -0.9859132030538441 0.15361357128475575 0.8408616781234741 0.21533594393778893 -0.16443230456977967 -0.9625967216141414 -4.217257499694824
0.9694999415756209 -0.022414258619146834 0.24406446749869512 -2.245671510696411 -0.06914314663354086 -0.9803741993431212 0.1846230065185447 0.8411433696746826 0.23513631909698737 -0.19586737929754391 -0.952022521355788 -4.393495559692383
0.963667538327106 -0.013545036106348655 0.26676095586021137 -2.383533239364624 -0.07308726109697253 -0.9739698236032437 0.2145717478504789 0.8309212923049927 0.2569107390513657 -0.22627265567704868 -0.939573071907096 -4.554848670959473
0.957432176324766 -0.0009839989910710376 0.2886566463534287 -2.532830238342285 -0.0740667093612783 -0.9673522933806495 0.2423709204000969 0.8161646723747253 0.2789941761084176 -0.253433565727162 -0.9262470930914719 -4.709167003631592
0.9510198984994641 0.011983609747669238 0.3088973061641763 -2.6808810234069824 -0.07506537712332056 -0.9603878380140879 0.26836614866998404 0.7853605151176453 0.2998772112305351 -0.278409040248412 -0.9124483900432699 -4.8670525550842285
0.9433273284647274 0.025286957550313308 0.33089895912415423 -2.830806255340576 -0.07821673778352178 -0.9520621553628046 0.29573602123589 0.7290317416191101 0.3225146404461413 -0.3048577079618943 -0.896128386222709 -5.031387805938721
0.9356522149256946 0.041542469094028894 0.35046990736183514 -2.9513161182403564 -0.07771838972528877 -0.94441725533798 0.3194305866982446 0.6587592959403992 0.3442597632648198 -0.3261138928065596 -0.8804174829678258 -5.213261127471924
0.9283274085754228 0.057402099442627336 0.367305351808572 -3.0345332622528076 -0.0766437904095009 -0.9372320331392269 0.34017913729295 0.5679734945297241 0.363777338325664 -0.3439492913748914 -0.8656586700792671 -5.415550231933594
0.9198530858022721 0.07432263473412333 0.38515769044148124 -3.1074039936065674 -0.06960680483625857 -0.935376741775147 0.34673512032471837 0.46783754229545593 0.38603781325217973 -0.3457549665764586 -0.8552358211786893 -5.6306891441345215
0.9095109756542125 0.0687777750695649 0.4099504882555976 -3.2215235233306885 -0.09372418172803709 -0.9268908706611726 0.36344063015076217 0.2919556200504303 0.40497600289885377 -0.3689755161815666 -0.8365712794105556 -5.784265041351318
0.9006908191837479 0.08476010577990822 0.42611239445278715 -3.2866432666778564 -0.08741744483014102 -0.9253699876582586 0.3688476328793823 0.18679465353488922 0.4255751855753318 -0.36946733334563303 -0.8260627403611598 -6.013268947601318
0.8918583038422425 0.10321585636652544 0.4403808043752169 -3.356245517730713 -0.0791456696074152 -0.9229834338276852 0.376613255027022 0.10581114888191223 0.4453366466506346 -0.3707398924774344 -0.8150013517018166 -6.258750915527344
0.8832038615132786 0.12361415946558423 0.45240521503144804 -3.4387502670288086 -0.06779185004565581 -0.9208580963792071 0.3839591532966109 0.06657745689153671 0.464063793109763 -0.3697835933522202 -0.8049253940658717 -6.512718677520752
0.8755879637465598 0.14256758222449822 0.4615411165224758 -3.5448741912841797 -0.057725070805983755 -0.9177284712115512 0.3929914367109705 0.06279554218053818 0.4795972622342592 -0.3707410654707265 -0.7953222796018187 -6.774778842926025
0.8679734402889551 0.16124747023054803 0.46970348124876005 -3.668858766555786 -0.04691962350901703 -0.9149606173481876 0.40080620957215174 0.09439444541931152 0.4943891745201626 -0.36992745511258296 -0.7865958441736137 -7.0386457443237305
0.8618864050757353 0.1797810821680499 0.4741630386693071 -3.7928683757781982 -0.036387143348236756 -0.9107098832785512 0.4114407421460872 0.14620812237262726 0.5057942274725769 -0.3718686206084792 -0.778386747357743 -7.294758319854736
0.8565141990201063 0.1979342993271619 0.4766607179397217 -3.9119880199432373 -0.023830248817264962 -0.9073889679262169 0.4196157529539398 0.20646241307258606 0.5155730269498713 -0.37076579404748233 -0.7724747114605676 -7.540494918823242
0.8510993677833768 0.21407173236374538 0.479377888060684 -4.030341148376465 -0.01256426941702024 -0.9045259558352367 0.4262334270729695 0.26093411445617676 0.5248542705292139 -0.3687900332481029 -0.7671518142350381 -7.778501033782959
0.8462072550423608 0.23059744974996985 0.4803728735914249 -4.14003849029541 7.408045810078367e-05 -0.9015604374251652 0.4326531777091559 0.3125818371772766 0.5328538974482205 -0.36607867165208474 -0.7629240657730535 -8.015135765075684
0.842486951995063 0.2462224542730867 0.47915575623152695 -4.24310302734375 0.011448824003014849 -0.8974215927383534 0.44102540665579043 0.3536260426044464 0.5385950799506218 -0.3660723806826937 -0.758884939865253 -8.25133228302002
0.8406089076615689 0.2573921573722602 0.4765773197323574 -4.337169170379639 0.020682541689506145 -0.8944859435661158 0.4466174305061296 0.3694935142993927 0.5412475374810363 -0.36557376011673665 -0.757236375965144 -8.503767013549805
0.8422425913460208 0.26456324414813864 0.4697166243263619 -4.404609680175781 0.02999734340894611 -0.8929491561784748 0.4491569479241706 0.36691638827323914 0.5382634826097215 -0.3642088608559143 -0.7600160057280976 -8.76485538482666
0.842620113175054 0.2758332372867971 0.462501210896517 -4.45778226852417 0.04187503254019356 -0.8898174581380668 0.4543912112293406 0.36842381954193115 0.5368778506537747 -0.36351192057564635 -0.7613286130684883 -9.000948905944824
0.8434248074233855 0.288054162065711 0.45349685107996807 -4.482810020446777 0.05630455091466684 -0.8868567490920961 0.4586010293665914 0.3776257038116455 0.5342886783089488 -0.36126154833641044 -0.7642157430493411 -9.23749828338623
0.8467407274521244 0.29662852167225273 0.441635212142761 -4.483432292938232 0.07936669019680775 -0.8912745740350871 0.4464645138930736 0.3662545680999756 0.5260523443166579 -0.34298856221324414 -0.7782209051611504 -9.477511405944824
0.8503008332897604 0.30528727507400677 0.4287052280817518 -4.451969623565674 0.10360059922799347 -0.8957228408673337 0.43237426864714545 0.3626462519168854 0.5159994270794686 -0.32323408240227536 -0.7932618226205135 -9.712141990661621
0.8546136091896107 0.31514384109562266 0.4126983624966352 -4.3893208503723145 0.1308493982065296 -0.8998266827149833 0.41616147835081707 0.3675614297389984 0.5025077252907623 -0.30165593064557095 -0.8102405109160232 -9.935681343078613
0.8602687988522768 0.3215070484051422 0.3956902975144511 -4.305636882781982 0.15600122070757189 -0.904872597684631 0.39606716740625675 0.36078470945358276 0.4853876933534767 -0.27899605693500745 -0.8285891547417874 -10.142264366149902
0.8672731061545627 0.32687263740257727 0.37548853279228117 -4.201229572296143 0.1813138036416166 -0.9098386645259915 0.3732544830843563 0.34904971718788147 0.46364066252867214 -0.255632320826307 -0.848345125876804 -10.346748352050781
0.8724961864704207 0.33557852667186244 0.3551583548662695 -4.092692852020264 0.20849655469415423 -0.9130539017956117 0.3505164177274399 0.3483024537563324 0.44190450470123116 -0.2317749444020033 -0.866603013999033 -10.528559684753418
0.8799616490372333 0.33934104371785806 0.3324381931609961 -3.977077007293701 0.23213091040401984 -0.9177242621792152 0.32233122567107236 0.33294644951820374 0.41446681008094477 -0.20646993644618 -0.8863337005243772 -10.716625213623047
0.88494416948608 0.34559856357796004 0.31214651967536566 -3.86623477935791 0.25699401299053337 -0.9213877027040194 0.291545500038728 0.3382563292980194 0.38836567070174244 -0.1777817036667753 -0.9041934370817593 -10.877067565917969
0.8908475667990589 0.3508608555182041 0.28859534437206447 -3.745910882949829 0.2795036180187027 -0.9240818579619382 0.2606730659275473 0.3348185420036316 0.35814569694839515 -0.1515565236162607 -0.9212829532270216 -11.035493850708008
0.8968318595585075 0.35483319878345343 0.26417043120291017 -3.6285970211029053 0.2996789750794411 -0.9265888821862115 0.22721257734606726 0.3360508680343628 0.325399950178492 -0.1246051541871726 -0.937330479592884 -11.19247055053711
0.9009592399817412 0.3611112903140141 0.24056409519974375 -3.5107498168945312 0.3208719756792662 -0.9276967885130827 0.1908398381004276 0.3436073660850525 0.2920849587281207 -0.09474863898896291 -0.9516874866753957 -11.335762023925781
0.9045297693880733 0.36786265397348666 0.2156454592666893 -3.4030141830444336 0.3401829631061573 -0.9274602312777435 0.1552194285859513 0.3585704267024994 0.257102018473355 -0.06704168262966856 -0.9640559967590624 -11.491353988647461
0.9072026704491067 0.3746435279437647 0.19137800735679855 -3.3155722618103027 0.35774594072815474 -0.9263792070608969 0.11764100738157318 0.36780425906181335 0.22136204874037657 -0.03825953077434866 -0.9744408918361287 -11.642739295959473
0.9090857287181388 0.3819879097648815 0.1662780040608716 -3.2470180988311768 0.3736361582982666 -0.9241048103721975 0.08016433533110379 0.3677915334701538 0.18428011030255861 -0.010748778554874092 -0.9828149900700819 -11.802257537841797
0.9103350848841052 0.3887065352623173 0.1421170738279303 -3.1997766494750977 0.38642520685513765 -0.9212484239697505 0.04446235306655028 0.36490553617477417 0.14820793749328212 0.014441979698619711 -0.9888507655285361 -11.968013763427734
0.9098966989197217 0.39755937927117085 0.11846745227493753 -3.153841018676758 0.3993905842890511 -0.9167377371242045 0.008892834960990116 0.3696069121360779 0.1121390140684481 0.03922322380827978 -0.9929181135611547 -12.125903129577637
0.9098757906405963 0.403572456097797 0.0962045647843263 -3.102438449859619 0.40777166229037165 -0.9126524631227881 -0.028066937646542212 0.34968286752700806 0.0764742900529125 0.0647669223840344 -0.9949657927415412 -12.276581764221191
0.9090508922182663 0.4101341490485172 0.07359657017431331 -3.033877372741699 0.4146860646916847 -0.9077468102214303 -0.06349170247632499 0.3332544267177582 0.04076693645220139 0.08823666084495135 -0.9952649640046791 -12.422184944152832
0.907314779339954 0.4170812731341373 0.05313287863552748 -2.9732046127319336 0.42038857922746037 -0.9021001022210103 -0.09741071823962597 0.31772521138191223 0.007302988868111954 0.11071863968478715 -0.9938249590244465 -12.558625221252441
0.9050507434354595 0.4238744835470638 0.03483638908716009 -2.915027618408203 0.42466425626881354 -0.8961640555948189 -0.1286477940250124 0.30642810463905334 -0.0233113975251927 0.13122655088645915 -0.9910782870630686 -12.691009521484375
0.903229067195724 0.4286967284628353 0.01990897229903263 -2.8585479259490967 0.4261501735541768 -0.8904479111893103 -0.1596826447624743 0.29210513830184937 -0.0507275246043664 0.15271421827667392 -0.986967621446447 -12.824411392211914
0.9010810362088886 0.4336090819130226 0.006010845802474123 -2.8064987659454346 0.42705269184345973 -0.8848769865810995 -0.18606105720544394 0.2678144872188568 -0.07535890507412199 0.17022303810500525 -0.9825197976246236 -12.934550285339355
0.8981823205826429 0.4395794643155577 -0.006197866151021615 -2.7585971355438232 0.4285813330745347 -0.8786759211512616 -0.21034891615845583 0.25939586758613586 -0.09791097963371331 0.18627538791002327 -0.977606730708283 -13.055878639221191
0.8949748862760911 0.44579348244643213 -0.016974214072538192 -2.70760440826416 0.43019495787641393 -0.8724832680435082 -0.23174392160708354 0.25058189034461975 -0.11811964761549298 0.20010276857755419 -0.9726287219976539 -13.157833099365234
0.8924804898458796 0.4502778907893789 -0.02698881825362867 -2.6600804328918457 0.4299909897445326 -0.8673022676615196 -0.25078780920870763 0.2398652732372284 -0.1363316690390628 0.21221827813704922 -0.9676657886076008 -13.265005111694336
0.8913150325572587 0.4520204672217334 -0.03514270834893637 -2.609360694885254 0.4269969533664949 -0.862971595881195 -0.27009929011012723 0.21387559175491333 -0.15241756641930723 0.22573772816015744 -0.9621909184418167 -13.35422420501709
0.888672427638796 0.4566937222860378 -0.04113587703079134 -2.5730528831481934 0.42780155796771535 -0.858046185074303 -0.28415237334893156 0.21681292355060577 -0.1650670874370916 0.23492038716117963 -0.9578962722242305 -13.460548400878906
0.8878779719905473 0.4578032384733045 -0.04570450412495086 -2.522282361984253 0.4246608824969039 -0.8536950304039223 -0.30144307910548745 0.2064925879240036 -0.17701932586840277 0.2482357546909813 -0.9523881395534571 -13.556680679321289
0.8869258946480704 0.4591648996766079 -0.05029962532356223 -2.4753406047821045 0.42248500982162285 -0.8504193540631927 -0.31351768484531395 0.20306704938411713 -0.18673209118612533 0.2568161154205727 -0.9482492335781475 -13.65868091583252
0.8871270151036282 0.4583749849010755 -0.05383337524497479 -2.424159288406372 0.4184784712105341 -0.8480827797849962 -0.3250097964145822 0.18777945637702942 -0.19463151904720272 0.26579686200008606 -0.9441772079140048 -13.7562894821167
0.8870875680205493 0.4576590538489449 -0.0601983147062754 -2.3570802211761475 0.4142640879026852 -0.8468447926439554 -0.3335253553269564 0.17119470238685608 -0.2036195278885194 0.27092819639510535 -0.9408171981105319 -13.864306449890137
0.8868738429885447 0.4574962411122486 -0.06443582847216182 -2.299372911453247 0.41110239042364405 -0.8450798298378054 -0.34181121366811834 0.1594439297914505 -0.21083076438389226 0.276653701528589 -0.9375569946514369 -13.974278450012207
0.8870555553821529 0.45689453606826846 -0.06618024309884216 -2.2471327781677246 0.4084286722575987 -0.8434920850624044 -0.34886547853717537 0.1453792154788971 -0.2152172422078564 0.28243315199890945 -0.9348331687035958 -14.092474937438965
0.8877192929706808 0.4552239446055701 -0.06874312434985196 -2.1824324131011963 0.40486091120323037 -0.8429935809225328 -0.35418845986719383 0.12892737984657288 -0.2191850803940003 0.2865885252084417 -0.9326440466499133 -14.207839965820312
0.8876198353897762 0.45533065161174147 -0.0693182914204747 -2.129519462585449 0.403641444831195 -0.8415185591354177 -0.35905445080828036 0.12228374928236008 -0.22182112576851715 0.29072411722022207 -0.9307388870297137 -14.328580856323242
0.8878122611848513 0.45496595315213795 -0.06924861270962716 -2.070777416229248 0.40214607193911167 -0.8401344713183991 -0.36394038924870203 0.11084429919719696 -0.223758632713431 0.29526268232697567 -0.9288444556066937 -14.448062896728516
0.8875532233979903 0.4553915080472359 -0.06976997946324362 -2.012228488922119 0.40160314093953736 -0.8389776200044811 -0.36719404995058746 0.10871850699186325 -0.22575250347080375 0.29788441975048086 -0.9275239509827139 -14.57861614227295
0.8878750769393965 0.45518684452710895 -0.06695359825516811 -1.9596983194351196 0.40134984199570584 -0.8374302173276623 -0.3709837401242355 0.09405989199876785 -0.22493588437571022 0.302515400725315 -0.9262225867706527 -14.700926780700684
0.8874625540681544 0.4559627018665383 -0.06714335137148379 -1.8992830514907837 0.40185040323474475 -0.8368753050070337 -0.37169339150630243 0.09707066416740417 -0.22566893571535562 0.3028823837332747 -0.92592429122318 -14.832491874694824
0.8876515394572322 0.4557690998678181 -0.06594901140187129 -1.8354531526565552 0.4014687618717496 -0.8360179199191875 -0.37402790111856493 0.08549125492572784 -0.2256049151511769 0.3055299742736765 -0.925069649853435 -14.968854904174805
0.8882203835920589 0.45485299034977245 -0.0646011404036024 -1.7759543657302856 0.401195045228664 -0.8364616579691025 -0.3733288502534337 0.08426270633935928 -0.22384612093030873 0.3056806371320406 -0.9254470607371356 -15.107035636901855
0.8899778870873869 0.451680606805443 -0.06264175868650063 -1.7160381078720093 0.39889475561744436 -0.837701871319227 -0.3730127996854331 0.07226597517728806 -0.22095776618252255 0.3069856742978938 -0.9257091667146318 -15.242118835449219
0.8909225234981 0.450007298393146 -0.061241232161671114 -1.6545124053955078 0.39762415779862625 -0.8380544744058356 -0.3735769359359489 0.0683908611536026 -0.21943583631374075 0.3084771131239089 -0.9255753801933306 -15.382600784301758
0.892229033463806 0.44759117251840624 -0.05991238709850456 -1.6029531955718994 0.395983728180384 -0.8392374651441478 -0.3726625338222089 0.06328359246253967 -0.21708118034644663 0.30877600195291016 -0.9260308535666456 -15.525218963623047
0.8931585117951035 0.44582518770674223 -0.05922647055332994 -1.5574333667755127 0.39519400113091 -0.840856897351568 -0.36983966748638203 0.06406721472740173 -0.21468482544907233 0.3069195011441003 -0.9272059348059407 -15.66920280456543
0.8945188109010569 0.44331954512791666 -0.05747936892256597 -1.5238909721374512 0.39385919376522055 -0.8423998002625663 -0.36774653228031806 0.05741140618920326 -0.21144983431246725 0.3063174128664017 -0.9281479462586042 -15.817017555236816
0.8959144228590759 0.44077668626824806 -0.05525630964398148 -1.5002158880233765 0.3924082706532608 -0.8435628600233696 -0.36662985463831316 0.05049428716301918 -0.20821406301209905 0.30678594171111534 -0.9287245500859864 -15.979182243347168
0.897334905264982 0.4381131953605018 -0.0533563102556443 -1.4862375259399414 0.3906752495649685 -0.8447237845038261 -0.3658067485310836 0.03829997777938843 -0.20533610780969674 0.30740617421344124 -0.9291601190779876 -16.139448165893555
0.8989578339904938 0.4350103426925213 -0.05138885538377884 -1.48271644115448 0.38873270485351014 -0.8463403999847254 -0.3641357048285278 0.026139646768569946 -0.20189526216430526 0.3073661157385929 -0.9299270799430333 -16.304040908813477
0.9005264334849522 0.4320252678226517 -0.04905415943258683 -1.4874697923660278 0.3869771376866896 -0.8477990898745958 -0.36260915338091476 0.008759897202253342 -0.19824438832584518 0.3075562894342642 -0.9306493922668936 -16.47745132446289
0.9017914370628223 0.42959316073008647 -0.04713724953902086 -1.4946552515029907 0.38557848530834316 -0.8490311897017028 -0.3612136079676886 -0.0079526137560606 -0.19519589060093862 0.30756422933697175 -0.9312909368853864 -16.643177032470703
0.9028274190412156 0.4277352055391617 -0.0441049358887254 -1.510818600654602 0.38482230061046024 -0.8494723761670795 -0.3609826575916471 -0.02430257759988308 -0.19187091593112832 0.3089324781751294 -0.9315289987694011 -16.801191329956055
0.9040396887715819 0.42546983936136734 -0.0410811017329544 -1.5302945375442505 0.3836734073959765 -0.8500677982482349 -0.3608039008084018 -0.04154572635889053 -0.18843289941764974 0.310419319912937 -0.9317364907750728 -16.95103645324707
0.9048617396026546 0.42365999743360916 -0.04168259562229877 -1.5382335186004639 0.3823111225360053 -0.851788426295315 -0.3581824708365982 -0.05533530190587044 -0.1872523372044188 0.30816989373380593 -0.9327206863834305 -17.104387283325195
0.9060304210745423 0.42130495774299775 -0.040137372468289856 -1.556219220161438 0.38068374787307385 -0.8527451177393185 -0.35763899155023027 -0.07474642246961594 -0.18490202863353683 0.3087521607259237 -0.9329969684057263 -17.252525329589844
0.9064575216737629 0.42057359412215484 -0.03811316476274634 -1.5745826959609985 0.38069876809280406 -0.8528923832451598 -0.3572716481544718 -0.09163360297679901 -0.18276544906978634 0.30934193787710756 -0.9332225651455042 -17.395851135253906
0.9068795091459241 0.41976113492393596 -0.03701547647427039 -1.5903185606002808 0.38030172582124877 -0.8531226345111547 -0.35714474351742437 -0.10869251191616058 -0.18149422367840728 0.3098102001098679 -0.9333153200710123 -17.538984298706055
0.9082785229928239 0.41682115603625675 -0.03592002993557984 -1.6091222763061523 0.3779563109508122 -0.8543323618715966 -0.356742543680106 -0.13403242826461792 -0.17938548347741895 0.3104453886587751 -0.9335119222474209 -17.678014755249023
0.9085627213302129 0.4162952857890415 -0.03481402646719474 -1.6281821727752686 0.3775872983953231 -0.8540129243614035 -0.3578962937978056 -0.15180090069770813 -0.1787221684614405 0.3120258964469202 -0.933112118904763 -17.814027786254883
0.9087213546314308 0.41609047407917377 -0.03307895127397073 -1.6536518335342407 0.37772392583084025 -0.8534738521400214 -0.3590362371240691 -0.18199315667152405 -0.17762357808510443 0.3137691844235844 -0.9327372424291869 -17.947954177856445
0.9073991251736173 0.41896531193920394 -0.0330891980235178 -1.6721729040145874 0.3802376157570936 -0.8519538592400255 -0.35999163502696513 -0.19559484720230103 -0.17901447761986988 0.31407433692951153 -0.9323685578593761 -18.090330123901367
0.9067891771369176 0.42021386099285385 -0.03396614868999229 -1.689585566520691 0.3810611327071517 -0.8514289339220378 -0.3603625724465917 -0.216159850358963 -0.18034910969365683 0.3138297014462797 -0.9321937122309101 -18.24097442626953
0.9071443912517396 0.41936294247540107 -0.03498250847043968 -1.7091091871261597 0.3799977920305808 -0.8520280538611269 -0.3600692620670423 -0.24652279913425446 -0.18080578384663026 0.313341535567812 -0.9322694624493562 -18.40339469909668
0.9067667322887649 0.4200891390105408 -0.03604453494966789 -1.7265679836273193 0.38023430381792656 -0.8516829540275204 -0.3606355778608833 -0.2688898742198944 -0.18219760540262867 0.3133069758309557 -0.9320100704827223 -18.57164192199707
0.9064399103050634 0.42067640067108947 -0.03739057266966467 -1.7429550886154175 0.3803915966071286 -0.8516777916961985 -0.3604818613497306 -0.297477126121521 -0.18349093230137564 0.31253208643258357 -0.9320165088201325 -18.74744415283203
0.906021824244608 0.42139374657378426 -0.03939244015013406 -1.7579612731933594 0.3805827256408021 -0.8519049033127434 -0.3597427200869021 -0.32605722546577454 -0.18515194553741682 0.31094267326987224 -0.9322196152213785 -18.93160057067871
0.90495891051809 0.42350718572370866 -0.04112218275208561 -1.7733441591262817 0.3821238559708005 -0.8514148518937481 -0.35926885291206934 -0.36013099551200867 -0.18716497795239012 0.30940978267522723 -0.9323276556087727 -19.117292404174805
0.9040909215710344 0.42532287703878296 -0.04147355543343334 -1.7893257141113281 0.3837327065455343 -0.850712135208455 -0.35921869792134997 -0.39237552881240845 -0.18806598698349639 0.3088516039727227 -0.9323314170741002 -19.311725616455078
0.9036106800765656 0.42615002859021806 -0.043403824533371785 -1.799375057220459 0.38424041945678705 -0.8511667868313749 -0.35759530345185725 -0.4336591958999634 -0.18933314265399948 0.3064494315995869 -0.9328674648443106 -19.512290954589844
0.9031008196494257 0.4270826355599812 -0.044825572519224616 -1.805638074874878 0.3847425666595781 -0.8510693275700356 -0.35728721929238894 -0.47530364990234375 -0.19074083712916878 0.30542007477018895 -0.932918276688069 -19.722837448120117
0.90293441585615 0.42739820533442396 -0.04516873630539836 -1.8125686645507812 0.3853978184248712 -0.8517224445052237 -0.3550174630625878 -0.5192655324935913 -0.19020505307657595 0.30314955319604125 -0.9337678438354885 -19.937936782836914
0.9020139842910169 0.429320856076463 -0.045325210217026346 -1.81785249710083 0.3876291681121936 -0.8516583636855211 -0.3527345455057515 -0.5612556338310242 -0.19003789141140628 0.30060211925778774 -0.9346250401768792 -20.162302017211914
0.9017228351375892 0.42991507294905906 -0.045485807046079366 -1.817330241203308 0.38885898243742945 -0.8525555438474832 -0.34919584251913555 -0.6076263189315796 -0.18890373307363417 0.2971903004913304 -0.9359451399119063 -20.39483642578125
0.9008946735771834 0.4316533628685617 -0.04543304353135745 -1.8152891397476196 0.39136996951398506 -0.8531288216574215 -0.34496486867511883 -0.6443595886230469 -0.1876654845273441 0.29299588389887216 -0.937515374772828 -20.63060188293457
0.8988774290030098 0.43565581941223874 -0.04715267374380547 -1.8003994226455688 0.3952330156964151 -0.8525009626337271 -0.34210082141393033 -0.6538429856300354 -0.189235913432034 0.2888704133704581 -0.9384794368267876 -20.87646484375
0.8984523210710526 0.4365986850226881 -0.04652972166795989 -1.7959321737289429 0.3976669802960942 -0.8540706320974542 -0.3352973727467017 -0.6738401651382446 -0.1861300608290452 0.2827453688835847 -0.9409626224407966 -21.126726150512695
0.8973197274517651 0.43906362757211376 -0.045171203981146754 -1.8008699417114258 0.40176418566256417 -0.854867207517762 -0.3283102140197293 -0.6655922532081604 -0.18276445454405754 0.27645105978093115 -0.9434892504428513 -21.38314437866211
0.897383117264145 0.4389256221923852 -0.04525305550250874 -1.8022658824920654 0.4031389633232797 -0.8572434330139648 -0.32033212889915247 -0.6588529944419861 -0.17939486363861393 0.2692173745088892 -0.9462238044789527 -21.647396087646484
0.8973182490803033 0.4394017358885018 -0.04178605467892352 -1.830245018005371 0.4062057526956894 -0.8591292838075577 -0.3112776255711955 -0.6452257633209229 -0.17267555224868142 0.2623413581623841 -0.949399897542194 -21.92067527770996
0.8968027401008299 0.44112859538830096 -0.0339176602729019 -1.8794794082641602 0.4117507561595952 -0.8602090800454528 -0.3008349271766117 -0.6188191175460815 -0.1618831682098077 0.25582396474548735 -0.9530728927591293 -22.202743530273438
0.8945935085856308 0.4460157048172452 -0.027792902921910244 -1.925633430480957 0.4200673182024359 -0.8605076594800262 -0.2882186950120002 -0.5695037245750427 -0.15246607024077247 0.24616368341528966 -0.9571611872577955 -22.489234924316406
0.8940765553359326 0.44737866790535796 -0.021896134404508362 -1.9722527265548706 0.42495400648549175 -0.8626822683238656 -0.2742141431281734 -0.5306234359741211 -0.1415669649690969 0.23586358647069106 -0.9614193481549146 -22.778949737548828
0.8932437104402421 0.44931194128078217 -0.015311864074773841 -2.025092601776123 0.43046111858476316 -0.8645999740030236 -0.2591719705923573 -0.49125969409942627 -0.12968769851340514 0.2249125705167815 -0.9657098096622144 -23.063167572021484
0.8920268746633881 0.451966512744063 -0.0037850014846134913 -2.1099929809570312 0.4375658900214802 -0.8656425759631696 -0.24330849259645201 -0.4526538848876953 -0.11324374935499834 0.2153815266865257 -0.9699415710207515 -23.341272354125977
0.8913940875489639 0.45321861970068716 0.003076270364238909 -2.1710803508758545 0.4420983191489292 -0.8679875283327316 -0.22615642123213534 -0.4199939966201782 -0.0998281367573366 0.20295451070483608 -0.9740861407987074 -23.619888305664062
0.8909106975598199 0.4540827478428305 0.009326686709642568 -2.2291104793548584 0.44594569390312205 -0.8706845857699889 -0.20746274410555346 -0.39102935791015625 -0.0860846505640721 0.1889899738453016 -0.9781984577391308 -23.899524688720703
0.8902997689315889 0.45507082295260226 0.016639337054115834 -2.3072948455810547 0.4498514257793522 -0.873239565158017 -0.18731352478377253 -0.37341681122779846 -0.07071079241985023 0.17425041733057137 -0.9821592416179153 -24.170799255371094
0.8905379347583885 0.4543269622177239 0.023004307385342496 -2.393277883529663 0.4515338046960636 -0.8766510494062648 -0.1661329611834809 -0.3623064458370209 -0.055311933368501126 0.15833492658573403 -0.9858349968682026 -24.437511444091797
0.8905963468958169 0.45367757363539013 0.03185602103419228 -2.5051422119140625 0.4532188319397748 -0.8795049057703277 -0.1451337696784352 -0.36285269260406494 -0.037826409702375184 0.1436933537301988 -0.9888990761563063 -24.692378997802734
0.8912154672591139 0.45193687689988 0.03857525393438818 -2.6208107471466064 0.45308789701315927 -0.8830615247385027 -0.12212166518150548 -0.37144505977630615 -0.02112696140746664 0.12631469757907698 -0.9917652185256318 -24.94370460510254
0.8906187451949309 0.4523686487170147 0.04648501226577341 -2.7412755489349365 0.4547361000804679 -0.8851041945190475 -0.09902345241605578 -0.389305979013443 -0.0036510260220393477 0.10933055612558806 -0.9939987422055704 -25.18694496154785
0.8897865179096144 0.4531380891840382 0.05427545188132596 -2.8610236644744873 0.4561749677956837 -0.8866188258982203 -0.07623290837603294 -0.40697866678237915 0.013577602987659143 0.09259011660809308 -0.9956117310496143 -25.424226760864258
0.8890169840149026 0.4536159319543356 0.062300789804353204 -2.9768078327178955 0.45681461848506033 -0.8879622419583598 -0.05332411456960247 -0.43631458282470703 0.031132081064320014 0.07586595503572664 -0.996631903159397 -25.66335678100586
0.8880785704232896 0.4540288029292889 0.07193259946313087 -3.095106840133667 0.4569610228001871 -0.8889586163796426 -0.03064640281988222 -0.45801234245300293 0.05003075450493592 0.06008680782824574 -0.9969385633672108 -25.90757942199707
0.887427601658222 0.4539678476430063 0.07990898023071225 -3.201024293899536 0.455880192112238 -0.8900172279101314 -0.006525677196605864 -0.4777875542640686 0.0681579214387078 0.04221998732284982 -0.9967808035950599 -26.150779724121094
0.8853468875169002 0.45628967177131635 0.0892223301587787 -3.3256118297576904 0.456707816605138 -0.8894568010304675 0.016869183513593445 -0.4834845960140228 0.08705664257197915 0.02581345648052721 -0.9958688701072158 -26.37957763671875
0.8839222867288384 0.45720109916886137 0.09822701228707847 -3.431539535522461 0.4556541799716 -0.8893035436882134 0.038967620635529006 -0.5018264055252075 0.10516966909936365 0.010313200394190354 -0.9944008138568469 -26.61307144165039
0.8826670221551397 0.45788987713880275 0.10599900194619785 -3.527395486831665 0.4540327218182861 -0.8889982110696012 0.05946821195670471 -0.5197320580482483 0.12146281537185288 -0.004363614197061213 -0.9925863908764226 -26.85356330871582
0.8817236667323141 0.45814405026670796 0.11254956565593302 -3.6179685592651367 0.45135837692234154 -0.8886329192093023 0.0812843802927898 -0.5398062467575073 0.1372552042953289 -0.020870172562046038 -0.9903158308292752 -27.08747673034668
0.8802743109186384 0.4589036614585555 0.12051791168389696 -3.71266770362854 0.44908988306189307 -0.8878243930512248 0.1004296969759409 -0.5614416599273682 0.15308629745398944 -0.03428230743627921 -0.9876179974710226 -27.320459365844727
0.8790777474740303 0.45882098714543207 0.12925020561251163 -3.809270143508911 0.4456499610958391 -0.887295715087498 0.11875363641860762 -0.5744258165359497 0.1691698143028549 -0.04679333010437455 -0.9844754736337931 -27.550703048706055
0.877279427185907 0.4601284329948601 0.13661124326372825 -3.901508092880249 0.44342343979764626 -0.8858912076231178 0.1362806710215263 -0.5884970426559448 0.18372931087442268 -0.058979601607240216 -0.9812058636799217 -27.779727935791016
0.877108412453332 0.45877373865639615 0.14215304964308087 -3.985262155532837 0.4387127361132813 -0.8857407627844706 0.15163916484201193 -0.6065666079521179 0.19547881720430452 -0.07063963378456312 -0.9781605564339574 -28.010650634765625
0.8767935564269935 0.45802721147484676 0.14643815403329982 -4.063531398773193 0.43466618010149033 -0.8851554408406821 0.16602758031759823 -0.628200888633728 0.2056656784300269 -0.0819201995768672 -0.9751875253597142 -28.239681243896484
0.8765632083911665 0.4568406040561957 0.15143845013917254 -4.151537895202637 0.4302461620803228 -0.8848189095734407 0.1788399767289739 -0.6483331918716431 0.21569696731789492 -0.09160873182637959 -0.9721536187985031 -28.464231491088867
0.8754032638902015 0.4576760958602574 0.15556900992323328 -4.236969947814941 0.4277668709064652 -0.8833384519506305 0.1916472892069066 -0.6651329398155212 0.22513247150349977 -0.10122139390255708 -0.9690560353721295 -28.68958282470703
0.8746207107308381 0.4575627460903773 0.16023403430893404 -4.328251838684082 0.42475957874164094 -0.882551282142515 0.20169911912506341 -0.6813780665397644 0.23370475525309162 -0.10834928600981045 -0.966251788921116 -28.9107723236084
0.873314980462228 0.45887515892444436 0.16356813082726301 -4.416168689727783 0.4233481338872262 -0.880997091980785 0.21123560650516174 -0.6913321614265442 0.24103382010510876 -0.11522895661883872 -0.9636519003883468 -29.113828659057617
0.8291468770087325 0.5190236019577211 0.2076775311811535 -4.568767070770264 0.4859121999060497 -0.8528082867892932 0.1913304993093734 -0.618598222732544 0.2764141644871497 -0.05772803993159685 -0.959303227908948 -29.252073287963867
0.828537484817866 0.5198918629133055 0.2079377001128406 -4.648768424987793 0.48566448150102504 -0.8520688587695439 0.1952144239637737 -0.6166608333587646 0.27866762937238587 -0.060754512521295254 -0.9584640011749396 -29.465251922607422
0.8281748587317987 0.5205121336927384 0.20783051278192552 -4.73198127746582 0.48525733154891243 -0.8514668693358214 0.1988202519902939 -0.6163175702095032 0.28044914965568035 -0.06380665405808299 -0.9577457832615699 -29.67682647705078
0.8280765010609459 0.5209459116835867 0.20713441406685165 -4.812332630157471 0.4859210683906875 -0.8512240894193179 0.19823789972229308 -0.6166218519210815 0.27958902640252914 -0.0635051705958635 -0.9580172595641878 -29.88556671142578
0.8290444105954966 0.5199379178253528 0.2057909785870174 -4.894041061401367 0.4854093269760337 -0.8518613266594397 0.1967487367855085 -0.6190348267555237 0.2776025045727067 -0.06322058011008694 -0.9586135862303977 -30.095741271972656
0.830495707986597 0.5188166671528194 0.20274650403960592 -4.972754955291748 0.48591914127436486 -0.8527313556559818 0.19165548054854947 -0.6237454414367676 0.27232235890397455 -0.06065064686837418 -0.9602926803196111 -30.303041458129883
0.8319160624063633 0.5181031401772856 0.19870782885615787 -5.050742149353027 0.48773057066683856 -0.8535029805607923 0.183443595175313 -0.6219090819358826 0.2646404268952349 -0.05569379060793095 -0.9627375790631776 -30.507051467895508
0.8339145520023926 0.5167718755996467 0.19373525375592454 -5.127179145812988 0.4898443116030698 -0.8547683990470086 0.1715328959142488 -0.6266217231750488 0.2542421490405629 -0.048143666040686914 -0.9659415702160247 -30.704572677612305
0.8351186145320014 0.5166680338537788 0.18876186705958575 -5.207425594329834 0.4937280831748656 -0.8553506738095379 0.15686874990909616 -0.6236884593963623 0.24250665876759592 -0.03780697828761336 -0.9694127876431881 -30.906444549560547
0.8372251484687343 0.5159346791670727 0.18128832726978247 -5.2804083824157715 0.49745609692500947 -0.8562174246210226 0.13938849811759696 -0.6271613240242004 0.22713758474466875 -0.026516572329649254 -0.9735016122165618 -31.105716705322266
0.8391488094156958 0.5159472673217209 0.17212696767057867 -5.348503112792969 0.5025317917744798 -0.8565346772642135 0.11751657287302197 -0.6193851232528687 0.2080650713410364 -0.012114618736805381 -0.978039959357853 -31.297414779663086
0.8422867676320145 0.5139804517312777 0.1624102715659478 -5.421696186065674 0.5057647004098372 -0.857787708015258 0.0916641467383956 -0.6179359555244446 0.1864271141528527 0.004933884478002026 -0.9824564050850282 -31.494976043701172
0.8441468728102791 0.5138781588168816 0.1527916719445102 -5.499963760375977 0.5105925954150131 -0.8575056612325641 0.06308123700011264 -0.6171303987503052 0.1634357936071154 0.02476446738929755 -0.9862431051839792 -31.68264389038086
0.8483133364452712 0.5103879486706147 0.14095611040637276 -5.573357105255127 0.5114730328173855 -0.8587328161218722 0.031197551442124136 -0.6392248868942261 0.13696649192294177 0.04562995033089842 -0.9895241723793927 -31.869962692260742
0.8508736497366799 0.5096072258165836 0.12772825677706365 -5.638347625732422 0.5141796197105215 -0.8576761054948899 -0.0033191470985713817 -0.6436207294464111 0.1078580124892231 0.06849944130169276 -0.9918036477464834 -32.05160140991211
0.8527325650000813 0.5095707485152751 0.11482519255792321 -5.710395812988281 0.5166319157289742 -0.8552023145989168 -0.04147848544565305 -0.6473197937011719 0.07706254757398089 0.09469241449153848 -0.992519375326835 -32.23921203613281
0.8536402331539906 0.5110096506100961 0.10083396909845455 -5.780670642852783 0.5189521137626554 -0.8509866472768203 -0.08068723429284397 -0.6489566564559937 0.04457640589002718 0.12120587089701526 -0.991625978329543 -32.42236328125
0.8546321666664226 0.5119558050556225 0.08663205739739394 -5.850460529327393 0.5191028606730359 -0.8461885140542736 -0.12040439661279385 -0.6537827253341675 0.01166532211842597 0.14787241917433314 -0.9889376461169853 -32.600868225097656
0.8552895726139241 0.513034643186312 0.07263058493902412 -5.921772480010986 0.5177349849028241 -0.8405552990384396 -0.1594279607411196 -0.66068434715271 -0.02074204390998345 0.17396046720187058 -0.9845341657176471 -32.77952575683594
0.8554298905847317 0.5146312994910315 0.05826086060441092 -5.9895710945129395 0.5151402871200016 -0.833804411658918 -0.1984960646563262 -0.664183497428894 -0.05357412509893786 0.19981198333007555 -0.978368532015204 -32.95391845703125
0.8546831610856113 0.517212147230446 0.044813936604349146 -6.063388347625732 0.5120965022958769 -0.8257429163714068 -0.23644409148628098 -0.6623865962028503 -0.08528696555181278 0.22503384372070645 -0.970611097550017 -33.12588119506836
0.8541511062911914 0.5191840565816216 0.029560159217868746 -6.129180908203125 0.5067780221457602 -0.8182984688966365 -0.27122620093098004 -0.6664045453071594 -0.11662728622224539 0.24664859860309885 -0.9620616118084965 -33.298099517822266
0.8527850445932508 0.5219705365000685 0.017447829203605256 -6.19763708114624 0.5016236430935829 -0.8093291658756905 -0.30554872271453 -0.6690379977226257 -0.14536639366651855 0.26931962477470833 -0.9520165709185955 -33.46895980834961
0.8515903999316773 0.5241851457425993 0.004870700875172149 -6.269722938537598 0.49517035100583817 -0.8013340390478553 -0.33566364317275266 -0.6727796196937561 -0.1720468373117056 0.2882597627940118 -0.941969317401039 -33.631813049316406
0.8493437787015788 0.5278118142918335 -0.005462076060134047 -6.344339370727539 0.4899567672441138 -0.792193328398101 -0.3638297633141576 -0.6734581589698792 -0.19636066768225513 0.3063403648484829 -0.9314494452475012 -33.78744888305664
0.847292769662875 0.530937004422402 -0.01417250196614421 -6.436997413635254 0.48468756845836986 -0.7838469584316806 -0.3881519119356701 -0.6769811511039734 -0.2171932859434818 0.32200907299697246 -0.9214864260794638 -33.9268684387207
0.8454797052791994 0.533540792103682 -0.02232243540418101 -6.48614501953125 0.4793145455888434 -0.7766507723368303 -0.40874337207539585 -0.6837596893310547 -0.23541799920133288 0.3348847577749405 -0.9123763284204935 -33.824737548828125
0.8438133876713835 0.5358917852007478 -0.028265904211600662 -6.4741621017456055 0.47537100004621585 -0.7708809862829279 -0.4239869305798484 -0.6872718930244446 -0.24900076124703788 0.3443290570686943 -0.9052271103742858 -33.664878845214844
0.8428329290756577 0.537098633451485 -0.03402516142937165 -6.4485578536987305 0.4731662061906562 -0.7696624540148548 -0.42864139813948554 -0.689771831035614 -0.25641059842543334 0.3451735285684273 -0.9028337832573238 -33.510921478271484
0.8429080980866648 0.5367646994491628 -0.037277280013051126 -6.423296928405762 0.4712105421123671 -0.769858408000101 -0.4304400732200929 -0.69352787733078 -0.25974326397828035 0.34525597613480896 -0.9018490714976146 -33.36292266845703
0.8430944050886326 0.5364228601147232 -0.03797814180005478 -6.396246910095215 0.4706292225176801 -0.770167300381499 -0.4305234771013984 -0.6941813826560974 -0.26019215787692157 0.345098311455467 -0.9017800155303604 -33.215797424316406
0.843427485434715 0.5359598452180625 -0.037109582685671105 -6.367790699005127 0.4707488727773144 -0.7705581835790867 -0.4296924301150613 -0.6983823180198669 -0.25889298096348995 0.34494511162376185 -0.9022124441475572 -33.07328414916992
0.8444632815680602 0.53450753793881 -0.03440142395154977 -6.336919784545898 0.4743506727584503 -0.7761585268746338 -0.41541470895167376 -0.6994881629943848 -0.24874325184195112 0.3344841297377048 -0.9089813868373222 -32.936553955078125
0.8463269061811872 0.531774872694728 -0.03076121981140803 -6.305800914764404 0.47909576718091196 -0.7851844413904435 -0.39236798909660126 -0.6969301104545593 -0.2328046686454406 0.31733401609169315 -0.9192938096647904 -32.801025390625
0.8469861914902985 0.5311302920602307 -0.02269370575232431 -6.282609462738037 0.48747603976744525 -0.7929852895242195 -0.3654332240654064 -0.6892440319061279 -0.2120884298527554 0.29845425688738875 -0.9305608816559985 -32.667659759521484
0.8505761445017447 0.5256377291681672 -0.015006667833977791 -6.25598669052124 0.4920168419284017 -0.8055944374062881 -0.3300561008053755 -0.6919533610343933 -0.18557922745649363 0.2733543123767732 -0.9438420261048309 -32.539215087890625
0.8528044563112257 0.5222109043569618 -0.004508954024904796 -6.224847793579102 0.4982389088894091 -0.8161828707991653 -0.2925807770218751 -0.6908516883850098 -0.15646900320640422 0.2472676541416551 -0.9562301805793817 -32.413211822509766
0.855147054468719 0.5183347829031181 0.007250383869229847 -6.196186542510986 0.5034520109794717 -0.827098089324624 -0.2498896221860398 -0.6881267428398132 -0.12352970442043307 0.21734259469402986 -0.9682471836558404 -32.29057312011719
0.8561484595787359 0.5163056953014634 0.020934281937296635 -6.173283100128174 0.5092563530500679 -0.836207687091671 -0.2035059481365171 -0.6805112361907959 -0.08756587257089626 0.1848922200852988 -0.9788498786396345 -32.17192840576172
0.856676429949297 0.5146800621652853 0.034784019015420144 -6.1497392654418945 0.5134046897714665 -0.8441048060954783 -0.15460498325467795 -0.6664401888847351 -0.05021074476634788 0.15030472359860494 -0.9873638494364454 -32.06099319458008
0.8576691014605737 0.5117442675281153 0.05021470951747098 -6.125323295593262 0.514097876478614 -0.8514315020175156 -0.10376786965326042 -0.6657626032829285 -0.01034822690082714 0.11481377105691214 -0.9933331325268975 -31.947885513305664
0.8571088499332468 0.5109348366546509 0.06565068208931216 -6.100056171417236 0.5142935274151779 -0.8560134734802746 -0.052374620562719285 -0.660043478012085 0.029437850209559045 0.0786544716651273 -0.9964672032044603 -31.837173461914062
0.8563264255878286 0.5100432901456634 0.08099935195641854 -6.076149940490723 0.5115953308371629 -0.8592245506085318 0.0018409500754346213 -0.655076801776886 0.07053559601780461 0.039862436063957174 -0.996712453963258 -31.731712341308594
0.8549083680592143 0.509609873542784 0.0971054015492367 -6.054502010345459 0.5066177930822585 -0.8604032118900159 0.055179024110672714 -0.6532952785491943 0.11166957488408714 0.002022314775685579 -0.9937433352169741 -31.625091552734375
0.8523485616924596 0.5107899164605645 0.11223007895838347 -6.027111530303955 0.5008887218608851 -0.8590395122463955 0.10564849602357695 -0.6460163593292236 0.15037425874585134 -0.033834562826856436 -0.9880500010955676 -31.524852752685547
0.8499167241043043 0.511043439432103 0.12835951503965073 -6.008784294128418 0.49209825113158406 -0.8569263578192493 0.15335099774006142 -0.6441608667373657 0.1883636730397987 -0.06717008477024919 -0.9797996256331768 -31.434402465820312
0.8469695652085182 0.5117891068401386 0.1439252088074442 -5.998447418212891 0.4821535254113975 -0.8535037512959939 0.19763432003836479 -0.6458011865615845 0.2239877977566057 -0.09799620729109426 -0.9696526232691306 -31.344728469848633
0.8439047395744198 0.5131393961153303 0.1565654836744832 -5.977217674255371 0.47146388238851306 -0.8485964186417466 0.2400123452482222 -0.6429752111434937 0.25602069862997623 -0.12873258493013948 -0.9580612315766793 -31.260414123535156
0.840437868127306 0.5151813693118424 0.16808434350528925 -5.960025310516357 0.4611164512333316 -0.8428043714959074 0.27758315833163827 -0.6398578882217407 0.28466789109347684 -0.15578494183124325 -0.9458833139869994 -31.18209457397461
0.8369190986123956 0.5175493630948628 0.17807043308173676 -5.944122314453125 0.45152526496890166 -0.8367464237926532 0.3098069679090011 -0.6398904323577881 0.3093401969880063 -0.17888006884588228 -0.9339756760735871 -31.100391387939453
0.8345366505511245 0.5185907203839855 0.1860436605169051 -5.9269022941589355 0.4419467748604402 -0.8317375416155661 0.335999568538041 -0.6423416137695312 0.3289857551283426 -0.19818255876568291 -0.9233049584637358 -31.023027420043945
0.8319173075879104 0.5209931398449299 0.19099670565275104 -5.906330585479736 0.4352811725715108 -0.8261855962924994 0.35769772334134026 -0.6398738622665405 0.344156787148609 -0.21443765693862787 -0.9140966016489825 -30.948307037353516
0.8316319080129744 0.5200767575164829 0.19470114500393046 -5.891862392425537 0.42779546560722526 -0.8235346094161762 0.3725342758722261 -0.6449565291404724 0.3540895496630724 -0.22651912366263482 -0.9073641371767538 -30.882183074951172
0.8320581310974627 0.5189249555936057 0.1959493734023447 -5.873845100402832 0.4233234338553411 -0.8223373102525827 0.38020865128961745 -0.651141345500946 0.3584362381561326 -0.23340573820864308 -0.9039055396155941 -30.81722640991211
0.8321425492050146 0.5190102723853982 0.19536405749526917 -5.8599443435668945 0.42365502303267694 -0.8222808004643599 0.37996145415933136 -0.6505383849143982 0.35784801139836164 -0.23341512878587478 -0.9041361503623843 -30.754283905029297
0.8320081716656476 0.5195121592315822 0.19460092161170572 -5.854629993438721 0.42469293189736124 -0.8221514029239363 0.3790817646189623 -0.6480355858802795 0.35692900677587036 -0.23275348994320638 -0.9046698276394809 -30.69822883605957
0.8329396562292071 0.5190113209665166 0.19193430592096214 -5.84648323059082 0.4267954392590897 -0.8233147721180567 0.3741636527508153 -0.6505221128463745 0.352217521012812 -0.22973905789130303 -0.9072831879687873 -30.647796630859375
0.8330020681119947 0.5206697322580605 0.1871111552833204 -5.835529327392578 0.43399694675160394 -0.8246791608121895 0.3626995063856413 -0.6454305052757263 0.34315332539759064 -0.2209237688263126 -0.9129285205513915 -30.596405029296875
0.8335612488090314 0.521688287127999 0.18170573892252986 -5.825379371643066 0.4418392115666478 -0.8270323364859893 0.3475566508192415 -0.646328330039978 0.33159275565984725 -0.20942503546610566 -0.9198844486749025 -30.546310424804688
0.8334843664067363 0.5242507537284925 0.17454213866762636 -5.814260005950928 0.4524013138874518 -0.8288448088488171 0.32916460021891064 -0.6388283967971802 0.3172331353255343 -0.19539045539502536 -0.9280009201461258 -30.499431610107422
0.8338371862063779 0.526199466249812 0.16682226655288773 -5.804209232330322 0.46305420885757276 -0.8312698285858634 0.30752442462691715 -0.6360850930213928 0.3004935050191886 -0.17917754826216947 -0.9368025723918784 -30.452869415283203
0.8355410737991643 0.5257520889429468 0.15954891089151116 -5.795389652252197 0.47201954971673604 -0.8355091196327072 0.2812864299887013 -0.638568639755249 0.28119149823518735 -0.1597161606810862 -0.9462674512723898 -30.406339645385742
0.8375377769937999 0.5249630478707643 0.15147366265632134 -5.787317752838135 0.4807825256156777 -0.8398048529997086 0.25214276103181665 -0.6449400782585144 0.2595739493302317 -0.13835319746350336 -0.9557613497001911 -30.362567901611328
0.8386844367059794 0.5257552657958369 0.14209087273686227 -5.774761199951172 0.4908861824185997 -0.8427577519424008 0.22088487374984345 -0.6417722105979919 0.23587956998788062 -0.11550225984343337 -0.9648938057804044 -30.316205978393555
0.8402939525925129 0.5252073706784567 0.1343997433832154 -5.768392086029053 0.4989618123042227 -0.8461839210593544 0.18710927716899123 -0.6455865502357483 0.21199807333685264 -0.09016645454734805 -0.9731016531564539 -30.274158477783203
0.8418716270421159 0.5246396574086107 0.12651242411572053 -5.760345935821533 0.5063755060396977 -0.848983715400638 0.1510314466181411 -0.6540786027908325 0.18664407428177412 -0.0630862969170321 -0.9803999738253747 -30.23002815246582
0.8433718925647794 0.5240395350809254 0.11877043615256254 -5.751453876495361 0.5127283355632754 -0.8509697573043941 0.11384254944358058 -0.6612088680267334 0.1607280459105244 -0.03511463833600437 -0.9863738933245932 -30.187698364257812
0.8446525280884406 0.5236048013151084 0.1113558208338108 -5.742781162261963 0.5181659757248172 -0.8519395348481756 0.07551854450280507 -0.6712659597396851 0.13441029869379098 -0.006086131976864202 -0.990907074655644 -30.147714614868164
0.845055033770654 0.5243415841847425 0.104632179531507 -5.73137092590332 0.523600387524064 -0.8511750753602444 0.036655494405789094 -0.6756791472434998 0.1082803033036435 0.02380953968722037 -0.9938352387274029 -30.10761070251465
0.8458471120504141 0.5242471245249168 0.09852723209007082 -5.7211833000183105 0.5268843442948491 -0.8499365336971696 -0.0008811491515226567 -0.6838076114654541 0.08327995420844798 0.052657773540064484 -0.9951339649076612 -30.072154998779297
0.8450949647988257 0.5262446876045164 0.09423921285588086 -5.711734771728516 0.5312224286641027 -0.8464115201695934 -0.03728632200163672 -0.6883119344711304 0.060143426539259304 0.08157246650814526 -0.9948510948638967 -30.03120994567871
0.8447079325199678 0.5271639495590419 0.09255635593060868 -5.70605993270874 0.5338080679379298 -0.8423613241396091 -0.07400233913964438 -0.6922001838684082 0.0389545291617819 0.11191769243098407 -0.9929536619493922 -29.99310874938965
0.8443320455763088 0.5280021319038218 0.0911983855007582 -5.697824478149414 0.5354810116522791 -0.8375415945819442 -0.10855488706173319 -0.6941344141960144 0.019065229418430175 0.14049137357913893 -0.9898983235550352 -29.95230484008789
0.8444885964992194 0.5277867756779612 0.09099521856801374 -5.688150882720947 0.5355710124105136 -0.8327279427299014 -0.14045591501394264 -0.6991169452667236 0.0016434866462932823 0.1673478198731251 -0.9858965494083828 -29.913158416748047
0.8438788241583901 0.5286400466070657 0.0916964081103114 -5.677738189697266 0.536350731295908 -0.8267152116354581 -0.16991130594779363 -0.6962194442749023 -0.014015105258181594 0.19256598862161411 -0.9811839362987873 -29.874141693115234
0.8435629433467515 0.5287357412080483 0.09402168144285096 -5.667141914367676 0.5363033642827443 -0.8203031547939059 -0.19869936007490147 -0.7002453804016113 -0.027933171520169622 0.21803956109922135 -0.9755401005209801 -29.83719825744629
0.8432287631101775 0.5288143725451839 0.09654331905069313 -5.655243396759033 0.5360111137058388 -0.8135344700844963 -0.2255077647624674 -0.7042744755744934 -0.04071042922282703 0.24190292551761636 -0.9694460457284416 -29.801105499267578
0.8422821594471442 0.5295376893675929 0.10075018320720838 -5.6457061767578125 0.5365799176876 -0.8058421658471319 -0.250400470600939 -0.7050752639770508 -0.05140774077338698 0.26496837411667457 -0.962885769396631 -29.764850616455078
0.8417260392801764 0.5295263132824065 0.1053525431076515 -5.637331485748291 0.5365448581610991 -0.7986719975984193 -0.27247505469865746 -0.7081148624420166 -0.06014058512014052 0.2858757138927563 -0.9563776378751825 -29.72907829284668
0.841268169636126 0.5291881818702349 0.11057908900853403 -5.627478122711182 0.5364562591418571 -0.7918114557464496 -0.2919748286688643 -0.711394190788269 -0.0669518392921861 0.30494997412290964 -0.9500120865009193 -29.69309425354004
0.8403894374606687 0.5294743677157077 0.11576911218711358 -5.618077754974365 0.53709233649576 -0.7849546511548463 -0.308833317030237 -0.7117353677749634 -0.07264582219278737 0.32171896052676985 -0.9440442229872014 -29.657447814941406
0.8398960977432054 0.5292341678465211 0.1203567222033548 -5.606804847717285 0.5372334969882742 -0.7791361147254655 -0.32299703472981833 -0.7152593731880188 -0.0771667979735153 0.3359436118075557 -0.938715705086587 -29.623260498046875
0.8388978514185965 0.5295033411893663 0.12600240693955167 -5.598819732666016 0.5387072012849713 -0.7746714507157773 -0.3311777388799359 -0.7183793187141418 -0.07774925188692333 0.34570269758162303 -0.9351174785639573 -29.589494705200195
0.8387136490205834 0.5284174316349546 0.13166029352426498 -5.588557720184326 0.5398107914600081 -0.7748135474468573 -0.3290414504528816 -0.7185584306716919 -0.07185905906632159 0.34704320283955226 -0.9350921296818663 -29.556682586669922
0.8380392289625811 0.5280973026556053 0.1371258168532718 -5.583410739898682 0.5415648013545407 -0.7745791657939074 -0.3267027423390133 -0.7187526226043701 -0.06631603617240675 0.3480522300544687 -0.9351266376809568 -29.52263832092285
0.8377596094724548 0.5276199242905066 0.1406273523474006 -5.570854187011719 0.5424569879613936 -0.7747373185742646 -0.3248422746814376 -0.7208738923072815 -0.06244399849795263 0.34842402715662163 -0.9352547483715598 -29.49319839477539
0.837379622927252 0.5270679692124527 0.14489555871894366 -5.565652847290039 0.5435549561736579 -0.774855008201757 -0.322719267915178 -0.7213242053985596 -0.057821939826217035 0.34899723794740356 -0.9353382014970936 -29.466318130493164
0.8371054888643374 0.5266969353610093 0.14779965762652958 -5.560524940490723 0.5442804916156677 -0.7747946776791574 -0.3216394781221017 -0.7212384343147278 -0.05489213932618857 0.34969064288506724 -0.9352557443388534 -29.445411682128906
0.8367576355696755 0.52657022489112 0.15020139005335967 -5.557679176330566 0.5450458106488817 -0.7746222189987242 -0.32075766885235335 -0.7194533348083496 -0.052552103763308745 0.3502630669819584 -0.9351759515184523 -29.42740821838379
0.8366532018848394 0.5265526869996086 0.15084325503428528 -5.550973892211914 0.5452436830274664 -0.7744193133842321 -0.32091128552317755 -0.7200027108192444 -0.05216076968843391 0.3507377864886915 -0.9350199245120518 -29.413524627685547
0.8366808536771497 0.5264973079023597 0.15088317951860702 -5.549622535705566 0.5452099890876033 -0.7744705766906004 -0.3208448123931959 -0.721169650554657 -0.052069346924768334 0.3507077281898667 -0.9350362947494237 -29.403913497924805
0.837064783975248 0.5260483445648805 0.15031861697414511 -5.550487995147705 0.5445261595223518 -0.7744189860712222 -0.3221280733004471 -0.7227680087089539 -0.05304534875282883 0.3514944852952443 -0.9346859460710436 -29.39815330505371
0.8378037278169321 0.5257929140847747 0.14706027728211707 -5.549585819244385 0.5441126444329177 -0.7818840534042306 -0.3043004390407411 -0.7228448987007141 -0.04501492890441584 0.3349613985676728 -0.941155947569434 -29.396060943603516
0.8387840676728926 0.5253520108716982 0.1429914420207705 -5.551681995391846 0.5433126297079511 -0.7905563465725198 -0.28254565877702065 -0.7197560667991638 -0.0353931380064999 0.3146838533623434 -0.9485364506517817 -29.39120101928711
0.8396702665957427 0.5251533244882546 0.1384479294679703 -5.553882598876953 0.5425257706076886 -0.7993911520754593 -0.2581464200991437 -0.7187055945396423 -0.024892400879944147 0.29186944300903406 -0.9561341938326589 -29.386201858520508
0.8409597825692254 0.5247221272990038 0.1321110639724353 -5.55449104309082 0.540899940060232 -0.80861224685819 -0.23145947609416828 -0.716801106929779 -0.01462528440606791 0.26610697727372234 -0.9638325465049851 -29.3787899017334
0.8423069311938519 0.5245033489257758 0.12415824833027359 -5.55347204208374 0.5389758054606448 -0.8175227936155215 -0.20288312657074917 -0.7140225172042847 -0.004910681301515028 0.23780815563121352 -0.9712997304253902 -29.371261596679688
0.844000886153935 0.5238801396722679 0.11494391427273526 -5.5515570640563965 0.5363148948108214 -0.8264953863944495 -0.17108977138551398 -0.7129946947097778 0.005370081510595391 0.20604605195357398 -0.978527560520865 -29.362485885620117
0.8451589551939775 0.5239095822020599 0.10594852586179421 -5.551143169403076 0.5342694600186972 -0.8340172502645411 -0.13773659772371213 -0.7064798474311829 0.016201374841472 0.1730143807261035 -0.9847860374290494 -29.351360321044922
0.8467993616712259 0.52284656679925 0.09778705772975146 -5.551445007324219 0.5311757594048826 -0.8408859745143487 -0.10374531548798009 -0.7040499448776245 0.027984883309577463 0.1397935815811713 -0.9897851286288644 -29.339527130126953
0.8484073122423801 0.5219493978635101 0.0881694879398776 -5.549250602722168 0.5279150731421343 -0.8465276610922672 -0.06853170474306879 -0.7018056511878967 0.038867828380242816 0.10468880109914035 -0.9937452122357264 -29.32617950439453
0.8494597596230814 0.5218289635314491 0.07818343559085957 -5.546797275543213 0.5252783419235575 -0.8503445699334543 -0.031571757802290774 -0.6968169212341309 0.05000780226259408 0.06788700320666605 -0.9964389467039528 -29.31293487548828
0.8515027325607907 0.5199574273374966 0.06773012769867202 -5.540061950683594 0.5209025754962501 -0.8536055037922734 0.004260368166310683 -0.6974813938140869 0.06003001984740542 0.031653082821599614 -0.9976945820565575 -29.29828453063965
0.852685180795563 0.5191970949521085 0.057985852110056316 -5.5370283126831055 0.5176073939191341 -0.8546407769306604 0.04088677252608122 -0.6900637149810791 0.07078536721583396 -0.004849639228682048 -0.9974797806409267 -29.27994728088379
0.8537648502152112 0.5183823671538031 0.04863437016162306 -5.533639430999756 0.5143671011189478 -0.854237731186014 0.07552737189033848 -0.6868677735328674 0.08069737184994494 -0.03946669535432347 -0.9959569840782888 -29.26146697998047
0.8543091219416687 0.5182759485582908 0.03931876540862672 -5.531903266906738 0.5119358074444487 -0.8521098775179923 0.10876803617089112 -0.6781501770019531 0.08987576549579468 -0.07279284155928947 -0.9932892574644452 -29.23973274230957
0.8555573464948593 0.5167628760518739 0.03126910285362954 -5.530395984649658 0.5081044096622 -0.8497331941639387 0.14065350197480725 -0.6749335527420044 0.09925490285372468 -0.1044491678786655 -0.9895649728991783 -29.21858024597168
0.8565127249561127 0.5156198115645209 0.02285086235620768 -5.524763584136963 0.5047290113712467 -0.846030874871961 0.17169852603790203 -0.674165666103363 0.10786369671237017 -0.1355284792416424 -0.9848844877679764 -29.197404861450195
0.8570450819511303 0.5150381445643081 0.01447194344708258 -5.5177812576293945 0.5020695434686832 -0.8411160605402731 0.20112171991697014 -0.6743518114089966 0.11575794151819047 -0.1651044588888106 -0.9794593491465097 -29.174461364746094
0.8570442904211362 0.515186236764187 0.007630576995626422 -5.512422561645508 0.5003282894798381 -0.8356820886210798 0.226510594683977 -0.6728960871696472 0.12307187738354522 -0.19031181835783267 -0.9739788112636869 -29.14878273010254
0.8568608195777406 0.5155460664154182 0.001337638273960634 -5.506458282470703 0.4987899979472266 -0.8296620433104419 0.25073777505144346 -0.6727684140205383 0.13037666133311007 -0.214180174837756 -0.9680541198125755 -29.12289047241211
0.856503145869414 0.5161186942072457 -0.0048841176895056265 -5.494582176208496 0.4979239433580026 -0.8237429238532273 0.27114450396892203 -0.6725845336914062 0.13591948994391473 -0.23466803977436673 -0.9625262611284132 -29.097087860107422
0.85538621043449 0.5179380778325494 -0.007387728314300582 -5.4941534996032715 0.5005505397472224 -0.822832436815724 0.26906493283715277 -0.6730070114135742 0.13328011163443043 -0.2338523646556117 -0.9630937043651009 -29.07098388671875
0.8537197171488807 0.5206141584835113 -0.011114969084101103 -5.485839366912842 0.5042137916137943 -0.8211155613851978 0.2674653009224052 -0.6726183891296387 0.13011954848398632 -0.23394472175618078 -0.9635033836291115 -29.04311180114746
0.851703539513278 0.5238677911447689 -0.012791332286166017 -5.481179237365723 0.5080104755038273 -0.8194423253105324 0.265404657585437 -0.6716800332069397 0.12855519265642104 -0.23254421706584893 -0.964052254574565 -29.01292610168457
0.8492721743303557 0.5277398001918097 -0.015082347353730846 -5.470804691314697 0.5123722390831367 -0.8169793475310203 0.26461185597913334 -0.6716493964195251 0.1273242417025245 -0.23245526236525021 -0.9642370499382296 -28.98356819152832
0.8467666689794467 0.5317486961940987 -0.01515032677300552 -5.462771892547607 0.5163544355962126 -0.8147369633432014 0.26378358061565543 -0.6725283265113831 0.12792304384108996 -0.2311860823193633 -0.9644629024468777 -28.952573776245117
0.8445270129867962 0.5353114377032708 -0.014689758325351292 -5.456126689910889 0.519757669779306 -0.8127668463201491 0.26317678132461714 -0.6756228804588318 0.1289421926336992 -0.22989501557636388 -0.9646357824443158 -28.919279098510742
0.8443849434573133 0.535532689833778 -0.014792071592194388 -5.445889472961426 0.5198493854532242 -0.8123576720097826 0.2642567485812838 -0.6755577325820923 0.12950167453162625 -0.23082406903580308 -0.9643389266472963 -28.884939193725586
0.844333110466322 0.535625018228364 -0.014402722594371607 -5.434247016906738 0.5196978224947786 -0.8120904725844628 0.2653737696753948 -0.6733759045600891 0.1304445164215468 -0.23154892395649065 -0.9640380303443118 -28.85076904296875
0.8445545158671924 0.5353286121411719 -0.01228603887909989 -5.4243574142456055 0.518688977855336 -0.8121734068093259 0.26708819053473654 -0.6757399439811707 0.13300155630562704 -0.23194317039900014 -0.9635937690362787 -28.813262939453125
0.8442980531615389 0.5357982972757606 -0.008999003502103128 -5.417135715484619 0.518024002587777 -0.8117613528516878 0.26961943320045806 -0.6767274141311646 0.13715658996407676 -0.23230086235912523 -0.9629249083789622 -28.77263832092285
0.8444017398074688 0.535670489238834 -0.006544369239839157 -5.401141166687012 0.5169941557278044 -0.8116388732334452 0.2719547432931401 -0.6776366233825684 0.14036646591481122 -0.2330224590355428 -0.962287788986026 -28.734710693359375
0.8445480999080794 0.5354783929150051 -0.0011822279037456834 -5.393486022949219 0.5151495908449903 -0.8118792995105433 0.274723319138563 -0.6793276071548462 0.1461485750662389 -0.2326260813998144 -0.9615225947728296 -28.691680908203125
0.8449607946359261 0.534805042681946 0.0049821531677261 -5.3817830085754395 0.5124113754836677 -0.8121785477258481 0.2789275692520702 -0.6820720434188843 0.1532182685033363 -0.23312994860355163 -0.9602992186089425 -28.649290084838867
0.8456130724748848 0.5336665142091277 0.01177213962985528 -5.372345447540283 0.5086873779562502 -0.8123250008357875 0.2852459369125766 -0.687566339969635 0.16178900817911263 -0.23521935428237506 -0.9583820596210063 -28.604164123535156
0.8466186664932812 0.5318938143572579 0.01805003583445766 -5.360760688781738 0.5051577468294323 -0.8138114752132793 0.2872743177337603 -0.6878921985626221 0.16748875891638115 -0.23409368436519812 -0.9576782667352212 -28.561243057250977
0.8478233361189195 0.5296951333140657 0.024872805945042167 -5.349138259887695 0.5006918069909315 -0.815086443006331 0.291447773776783 -0.6868796348571777 0.17465195431011188 -0.23464261371430636 -0.956263320788253 -28.5183162689209
0.8488591551805402 0.5275231720453116 0.03402113492275756 -5.339262008666992 0.4959631492632363 -0.8170388551585035 0.2940545251040615 -0.684837281703949 0.18291716496565502 -0.23273764653904827 -0.9551829660564477 -28.47237777709961
0.8944653157105814 0.4428705432022578 0.061623704485425215 -5.3460822105407715 0.4158772000869877 -0.8746186570128206 0.24917535843838542 -0.7158089876174927 0.1642496680014226 -0.19725082197250113 -0.9664958146792956 -28.460359573364258
