0.000000000000000000e+00 0.000000000000000000e+00 0.000000000000000000e+00 0.000000000000000000e+00 0.000000000000000000e+00 0.000000000000000000e+00 1.000000000000000000e+00
-5.092411884106695652e-04 8.158084005117416382e-02 -9.286480396986007690e-02 2.697331598028540611e-03 6.423516664654016495e-03 -9.216233156621456146e-03 9.999332427978515625e-01
-8.774979412555694580e-02 1.283290982246398926e-01 -1.621195971965789795e-01 4.827451426535844803e-03 1.256016176193952560e-02 -1.979853771626949310e-02 9.997134208679199219e-01
-2.067535817623138428e-01 1.567780524492263794e-01 -1.908282041549682617e-01 7.242503575980663300e-03 2.027153223752975464e-02 -3.144764155149459839e-02 9.992735981941223145e-01
-3.172689974308013916e-01 1.748714745044708252e-01 -2.070882916450500488e-01 9.717902168631553650e-03 2.812338620424270630e-02 -4.377771541476249695e-02 9.985980987548828125e-01
-4.195839762687683105e-01 1.859245449304580688e-01 -2.345476746559143066e-01 1.204304117709398270e-02 3.604849055409431458e-02 -5.660986527800559998e-02 9.976726770401000977e-01
-5.114547610282897949e-01 1.916054636240005493e-01 -2.498230487108230591e-01 1.397764682769775391e-02 4.410631209611892700e-02 -7.009425759315490723e-02 9.964668154716491699e-01
-5.925492048263549805e-01 2.003426253795623779e-01 -2.667160630226135254e-01 1.669228263199329376e-02 5.196451023221015930e-02 -8.374249190092086792e-02 9.949916005134582520e-01
-6.626390814781188965e-01 2.026354521512985229e-01 -2.814146876335144043e-01 1.877324655652046204e-02 5.964293703436851501e-02 -9.686505049467086792e-02 9.933314919471740723e-01
-7.255316972732543945e-01 2.082940638065338135e-01 -2.941757738590240479e-01 2.131471224129199982e-02 6.755343824625015259e-02 -1.095865517854690552e-01 9.914499521255493164e-01
-7.775493264198303223e-01 2.156974077224731445e-01 -3.047035634517669678e-01 2.382740378379821777e-02 7.508271187543869019e-02 -1.218100264668464661e-01 9.894226193428039551e-01
-8.166983723640441895e-01 2.171115428209304810e-01 -3.131368458271026611e-01 2.596566081047058105e-02 8.184843510389328003e-02 -1.335420757532119751e-01 9.873161315917968750e-01
-8.467200398445129395e-01 2.188612967729568481e-01 -3.269475102424621582e-01 2.827683649957180023e-02 8.841312676668167114e-02 -1.440531313419342041e-01 9.852067232131958008e-01
-8.660309314727783203e-01 2.156467735767364502e-01 -3.388263583183288574e-01 3.010483086109161377e-02 9.408152848482131958e-02 -1.537856012582778931e-01 9.831542968750000000e-01
-8.814560770988464355e-01 2.115055769681930542e-01 -3.438709676265716553e-01 3.156310319900512695e-02 9.955441206693649292e-02 -1.625092029571533203e-01 9.811643362045288086e-01
-8.858810663223266602e-01 2.194046974182128906e-01 -3.477090597152709961e-01 3.379815816879272461e-02 1.045847386121749878e-01 -1.691966503858566284e-01 9.794346690177917480e-01
-8.990291953086853027e-01 2.191285341978073120e-01 -3.488691747188568115e-01 3.505429252982139587e-02 1.086288541555404663e-01 -1.749327331781387329e-01 9.779414534568786621e-01
-9.095689058303833008e-01 2.213854491710662842e-01 -3.584846556186676025e-01 3.681157156825065613e-02 1.113444045186042786e-01 -1.759464442729949951e-01 9.773894548416137695e-01
-9.309731125831604004e-01 2.196038216352462769e-01 -3.648822605609893799e-01 3.794888406991958618e-02 1.136827170848846436e-01 -1.760029941797256470e-01 9.770665764808654785e-01
-9.553535580635070801e-01 2.226102501153945923e-01 -3.715829551219940186e-01 3.882217779755592346e-02 1.151253655552864075e-01 -1.761463284492492676e-01 9.768374562263488770e-01
-9.891819953918457031e-01 2.211420238018035889e-01 -3.800188302993774414e-01 3.850858658552169800e-02 1.154988706111907959e-01 -1.764248013496398926e-01 9.767555594444274902e-01
-1.022198557853698730e+00 2.137963324785232544e-01 -3.911825716495513916e-01 3.834785148501396179e-02 1.138946786522865295e-01 -1.710193753242492676e-01 9.779109358787536621e-01
-1.062998771667480469e+00 2.124983072280883789e-01 -4.038646519184112549e-01 3.838061168789863586e-02 1.118026897311210632e-01 -1.628136783838272095e-01 9.795503020286560059e-01
-1.103089451789855957e+00 2.053892761468887329e-01 -4.212285280227661133e-01 3.765485808253288269e-02 1.082007810473442078e-01 -1.528488695621490479e-01 9.815864562988281250e-01
-1.153150439262390137e+00 2.013455927371978760e-01 -4.415267705917358398e-01 3.693153336644172668e-02 1.040433049201965332e-01 -1.408306956291198730e-01 9.838585853576660156e-01
-1.205952405929565430e+00 1.981201916933059692e-01 -4.675108194351196289e-01 3.604695200920104980e-02 9.899247437715530396e-02 -1.272060871124267578e-01 9.862655401229858398e-01
-1.260882616043090820e+00 1.950532197952270508e-01 -4.887407720088958740e-01 3.495226427912712097e-02 9.318501502275466919e-02 -1.124399304389953613e-01 9.886618256568908691e-01
-1.317486643791198730e+00 1.876274794340133667e-01 -5.238184332847595215e-01 3.323123604059219360e-02 8.666731417179107666e-02 -9.622951596975326538e-02 9.910218715667724609e-01
-1.372809410095214844e+00 1.922171860933303833e-01 -5.636094808578491211e-01 3.229958564043045044e-02 7.985693216323852539e-02 -7.886538654565811157e-02 9.931565523147583008e-01
-1.435445547103881836e+00 1.974502950906753540e-01 -6.063563823699951172e-01 3.064362518489360809e-02 7.323727011680603027e-02 -6.118420511484146118e-02 9.949641823768615723e-01
-1.487545490264892578e+00 2.052024900913238525e-01 -6.586247682571411133e-01 2.844683639705181122e-02 6.580632925033569336e-02 -4.312736913561820984e-02 9.964939951896667480e-01
-1.539184331893920898e+00 2.182961255311965942e-01 -7.255401015281677246e-01 2.668301574885845184e-02 5.819699168205261230e-02 -2.541657723486423492e-02 9.976247549057006836e-01
-1.585872411727905273e+00 2.396635711193084717e-01 -7.927800416946411133e-01 2.492334134876728058e-02 5.036527663469314575e-02 -7.988125085830688477e-03 9.983878731727600098e-01
-1.633327126502990723e+00 2.600884139537811279e-01 -8.746228218078613281e-01 2.245425805449485779e-02 4.320536926388740540e-02 8.833672851324081421e-03 9.987747669219970703e-01
-1.686483860015869141e+00 2.762862741947174072e-01 -9.535183906555175781e-01 1.904015056788921356e-02 3.674711287021636963e-02 2.464008517563343048e-02 9.988393187522888184e-01
-1.731373071670532227e+00 3.082111477851867676e-01 -1.037031292915344238e+00 1.611397042870521545e-02 3.043980151414871216e-02 3.982615843415260315e-02 9.986128807067871094e-01
-1.762136697769165039e+00 3.499802947044372559e-01 -1.128973960876464844e+00 1.382157113403081894e-02 2.347346954047679901e-02 5.374420434236526489e-02 9.981831312179565430e-01
-1.797932624816894531e+00 3.884978294372558594e-01 -1.217242956161499023e+00 1.130049023777246475e-02 1.832918077707290649e-02 6.589417904615402222e-02 9.975942373275756836e-01
-1.837645292282104492e+00 4.143100976943969727e-01 -1.321205854415893555e+00 7.037105970084667206e-03 1.419236324727535248e-02 7.637821137905120850e-02 9.969530701637268066e-01
-1.876859784126281738e+00 4.532114267349243164e-01 -1.427982091903686523e+00 3.865239676088094711e-03 1.072440948337316513e-02 8.482639491558074951e-02 9.963305592536926270e-01
-1.903993606567382812e+00 4.890795052051544189e-01 -1.539981842041015625e+00 -2.554758975747972727e-04 7.094141095876693726e-03 9.108248353004455566e-02 9.958180785179138184e-01
-1.945546269416809082e+00 5.327164530754089355e-01 -1.659721970558166504e+00 -2.648219000548124313e-03 5.831907503306865692e-03 9.436406195163726807e-02 9.955171346664428711e-01
-1.992863893508911133e+00 5.777534842491149902e-01 -1.778394460678100586e+00 -5.239239893853664398e-03 5.992166697978973389e-03 9.523398429155349731e-02 9.954230785369873047e-01
-2.044556379318237305e+00 6.084321737289428711e-01 -1.906726479530334473e+00 -8.124412968754768372e-03 7.706129457801580429e-03 9.354288130998611450e-02 9.955523014068603516e-01
-2.087229251861572266e+00 6.318824887275695801e-01 -2.045990467071533203e+00 -1.070442795753479004e-02 1.143850944936275482e-02 8.958057314157485962e-02 9.958563446998596191e-01
-2.096312046051025391e+00 6.508425474166870117e-01 -2.188256502151489258e+00 -1.301341969519853592e-02 1.454813778400421143e-02 8.287479728460311890e-02 9.963687658309936523e-01
-2.095789194107055664e+00 6.608906388282775879e-01 -2.331638813018798828e+00 -1.601985469460487366e-02 1.919428072869777679e-02 7.457514852285385132e-02 9.969019293785095215e-01
-2.084776163101196289e+00 6.778014898300170898e-01 -2.480963230133056641e+00 -1.823506318032741547e-02 2.468515373766422272e-02 6.431369483470916748e-02 9.974576830863952637e-01
-2.058012723922729492e+00 6.964902281761169434e-01 -2.636713981628417969e+00 -2.010411396622657776e-02 3.001148253679275513e-02 5.361745506525039673e-02 9.979079961776733398e-01
-2.028038978576660156e+00 7.181698083877563477e-01 -2.790660619735717773e+00 -2.171505801379680634e-02 3.576344251632690430e-02 4.165355116128921509e-02 9.982556700706481934e-01
-2.002440452575683594e+00 7.327804565429687500e-01 -2.958015441894531250e+00 -2.366840839385986328e-02 4.301522672176361084e-02 2.825766988098621368e-02 9.983941912651062012e-01
-1.978814721107482910e+00 7.486892342567443848e-01 -3.126518249511718750e+00 -2.522511407732963562e-02 5.060625821352005005e-02 1.453911140561103821e-02 9.982942342758178711e-01
-1.962977647781372070e+00 7.691072225570678711e-01 -3.301246881484985352e+00 -2.559517696499824524e-02 5.875654518604278564e-02 -7.155255880206823349e-04 9.979439377784729004e-01
-1.956311345100402832e+00 7.819411754608154297e-01 -3.483805179595947266e+00 -2.645585313439369202e-02 6.823961436748504639e-02 -1.698813401162624359e-02 9.971734285354614258e-01
-1.957318067550659180e+00 8.013523817062377930e-01 -3.672962188720703125e+00 -2.627872303128242493e-02 7.760918885469436646e-02 -3.296237066388130188e-02 9.960922598838806152e-01
-1.972216963768005371e+00 8.198317289352416992e-01 -3.860569715499877930e+00 -2.611595392227172852e-02 8.703515678644180298e-02 -4.838977754116058350e-02 9.946865439414978027e-01
-2.019964694976806641e+00 8.348194956779479980e-01 -4.055340766906738281e+00 -2.517071738839149475e-02 9.782990813255310059e-02 -6.477212160825729370e-02 9.927740693092346191e-01
-2.096357583999633789e+00 8.437036275863647461e-01 -4.239282131195068359e+00 -2.432736754417419434e-02 1.080530509352684021e-01 -8.044858276844024658e-02 9.905860424041748047e-01
-2.204581737518310547e+00 8.442910313606262207e-01 -4.416250228881835938e+00 -2.295325510203838348e-02 1.187007725238800049e-01 -9.651810675859451294e-02 9.879612922668457031e-01
-2.337664365768432617e+00 8.373797535896301270e-01 -4.577169895172119141e+00 -2.117623388767242432e-02 1.303763985633850098e-01 -1.120720729231834412e-01 9.848824143409729004e-01
-2.487451791763305664e+00 8.193285465240478516e-01 -4.735702037811279297e+00 -1.881737448275089264e-02 1.418514847755432129e-01 -1.270257979631423950e-01 9.815235733985900879e-01
-2.634275913238525391e+00 7.886335253715515137e-01 -4.894131183624267578e+00 -1.577441394329071045e-02 1.528462171554565430e-01 -1.404694318771362305e-01 9.780887365341186523e-01
-2.781366586685180664e+00 7.323325276374816895e-01 -5.056362628936767578e+00 -1.365207601338624954e-02 1.647748947143554688e-01 -1.549263447523117065e-01 9.739921092987060547e-01
-2.903041601181030273e+00 6.711922883987426758e-01 -5.228095531463623047e+00 -8.234745822846889496e-03 1.767262667417526245e-01 -1.674115061759948730e-01 9.698832035064697266e-01
-2.985353231430053711e+00 5.800503492355346680e-01 -5.431941986083984375e+00 -3.843465121462941170e-03 1.866728514432907104e-01 -1.779639124870300293e-01 9.661611318588256836e-01
-3.055767297744750977e+00 4.806791543960571289e-01 -5.647919654846191406e+00 2.376682823523879051e-03 1.975152492523193359e-01 -1.808472275733947754e-01 9.634709954261779785e-01
-3.170074224472045898e+00 3.051587343215942383e-01 -5.802549839019775391e+00 -5.251969210803508759e-03 2.099336683750152588e-01 -1.923727095127105713e-01 9.585890769958496094e-01
-3.234025478363037109e+00 2.005323171615600586e-01 -6.032080650329589844e+00 5.597984418272972107e-04 2.201192975044250488e-01 -1.945218741893768311e-01 9.558809995651245117e-01
-3.299525022506713867e+00 1.216113567352294922e-01 -6.280373573303222656e+00 7.972953841090202332e-03 2.292611300945281982e-01 -1.971643418073654175e-01 9.531537294387817383e-01
-3.381134986877441406e+00 8.339530974626541138e-02 -6.537467002868652344e+00 1.662485860288143158e-02 2.381332218647003174e-01 -1.989628821611404419e-01 9.504892826080322266e-01
-3.487536907196044922e+00 7.983806729316711426e-02 -6.799900054931640625e+00 2.420249767601490021e-02 2.457219213247299194e-01 -2.019421458244323730e-01 9.477627873420715332e-01
-3.610008955001831055e+00 1.117683202028274536e-01 -7.064673423767089844e+00 3.200126066803932190e-02 2.524794042110443115e-01 -2.043582051992416382e-01 9.452342391014099121e-01
-3.733501911163330078e+00 1.636195182800292969e-01 -7.322234153747558594e+00 3.964395076036453247e-02 2.574325501918792725e-01 -2.081002593040466309e-01 9.427890181541442871e-01
-3.850429534912109375e+00 2.248994410037994385e-01 -7.569224834442138672e+00 4.797508567571640015e-02 2.611893713474273682e-01 -2.103094607591629028e-01 9.408764243125915527e-01
-3.963721275329589844e+00 2.822755575180053711e-01 -7.807362079620361328e+00 5.589985102415084839e-02 2.645379602909088135e-01 -2.119098454713821411e-01 9.391427636146545410e-01
-4.071597576141357422e+00 3.341920077800750732e-01 -8.043744087219238281e+00 6.372648477554321289e-02 2.674573957920074463e-01 -2.132047414779663086e-01 9.375229477882385254e-01
-4.175558090209960938e+00 3.709011673927307129e-01 -8.280584335327148438e+00 7.054804265499114990e-02 2.692050635814666748e-01 -2.156373709440231323e-01 9.359765648841857910e-01
-4.267999649047851562e+00 3.871571421623229980e-01 -8.533064842224121094e+00 7.606443762779235840e-02 2.695312798023223877e-01 -2.171801924705505371e-01 9.350935220718383789e-01
-4.333373546600341797e+00 3.933779895305633545e-01 -8.789296150207519531e+00 8.137086033821105957e-02 2.674457430839538574e-01 -2.181714028120040894e-01 9.350148439407348633e-01
-4.385232448577880859e+00 3.958055973052978516e-01 -9.025316238403320312e+00 8.748027682304382324e-02 2.651885747909545898e-01 -2.194737046957015991e-01 9.348013401031494141e-01
-4.409286022186279297e+00 4.045881927013397217e-01 -9.263180732727050781e+00 9.445986896753311157e-02 2.620466053485870361e-01 -2.199628204107284546e-01 9.348931908607482910e-01
-4.408862113952636719e+00 3.976025283336639404e-01 -9.505058288574218750e+00 1.028954982757568359e-01 2.558802664279937744e-01 -2.114886641502380371e-01 9.376621842384338379e-01
-4.376262664794921875e+00 3.947383463382720947e-01 -9.739531517028808594e+00 1.112818941473960876e-01 2.488926947116851807e-01 -2.018050998449325562e-01 9.407143592834472656e-01
-4.312232971191406250e+00 3.998350203037261963e-01 -9.962871551513671875e+00 1.206400915980339050e-01 2.400927394628524780e-01 -1.910863518714904785e-01 9.440802335739135742e-01
-4.226647853851318359e+00 3.896739184856414795e-01 -1.017035865783691406e+01 1.281412094831466675e-01 2.298892736434936523e-01 -1.788496673107147217e-01 9.480208754539489746e-01
-4.120981693267822266e+00 3.776453733444213867e-01 -1.037515354156494141e+01 1.355075538158416748e-01 2.177747339010238647e-01 -1.659599244594573975e-01 9.521917700767517090e-01
-4.010561466217041016e+00 3.813669383525848389e-01 -1.055671119689941406e+01 1.445188224315643311e-01 2.059270441532135010e-01 -1.534541845321655273e-01 9.555941820144653320e-01
-3.894104480743408203e+00 3.660033047199249268e-01 -1.074241161346435547e+01 1.508026868104934692e-01 1.919665187597274780e-01 -1.389807611703872681e-01 9.597352147102355957e-01
-3.782538414001464844e+00 3.716103136539459229e-01 -1.090218162536621094e+01 1.582708358764648438e-01 1.791799515485763550e-01 -1.230086609721183777e-01 9.631789922714233398e-01
-3.660700082778930664e+00 3.666414916515350342e-01 -1.106148338317871094e+01 1.647282540798187256e-01 1.645703762769699097e-01 -1.078361570835113525e-01 9.665156602859497070e-01
-3.543407917022705078e+00 3.636019825935363770e-01 -1.121739101409912109e+01 1.702035367488861084e-01 1.492253243923187256e-01 -9.168931096792221069e-02 9.697193503379821777e-01
-3.424702644348144531e+00 3.709630370140075684e-01 -1.136034202575683594e+01 1.767430603504180908e-01 1.341468840837478638e-01 -7.442630082368850708e-02 9.722279906272888184e-01
-3.314762830734252930e+00 3.834771215915679932e-01 -1.151426982879638672e+01 1.828791499137878418e-01 1.184218972921371460e-01 -5.784256756305694580e-02 9.742616415023803711e-01
-3.226341009140014648e+00 3.927603363990783691e-01 -1.166511249542236328e+01 1.887746602296829224e-01 1.028348207473754883e-01 -4.076672345399856567e-02 9.757700562477111816e-01
-3.155576467514038086e+00 3.972223401069641113e-01 -1.182677745819091797e+01 1.941854357719421387e-01 8.686790615320205688e-02 -2.408835105597972870e-02 9.768140912055969238e-01
-3.107753753662109375e+00 3.941787779331207275e-01 -1.199226951599121094e+01 1.989625841379165649e-01 7.136184722185134888e-02 -8.395085111260414124e-03 9.773693680763244629e-01
-3.060866355895996094e+00 3.985244631767272949e-01 -1.215008258819580078e+01 2.044740319252014160e-01 5.606241896748542786e-02 7.067014928907155991e-03 9.772396683692932129e-01
-3.008365154266357422e+00 3.798762857913970947e-01 -1.229925251007080078e+01 2.082849591970443726e-01 4.154380783438682556e-02 2.272622101008892059e-02 9.769212007522583008e-01
-2.939165830612182617e+00 3.633953630924224854e-01 -1.244455909729003906e+01 2.118222713470458984e-01 2.662716060876846313e-02 3.782610595226287842e-02 9.762127995491027832e-01
-2.877035140991210938e+00 3.482752442359924316e-01 -1.257978343963623047e+01 2.153260707855224609e-01 1.295213587582111359e-02 5.215558409690856934e-02 9.750624299049377441e-01
-2.818322896957397461e+00 3.372283577919006348e-01 -1.271199131011962891e+01 2.184434235095977783e-01 3.981778572779148817e-04 6.550186127424240112e-02 9.736487269401550293e-01
-2.761315345764160156e+00 3.228985965251922607e-01 -1.284517097473144531e+01 2.203403115272521973e-01 -1.047257054597139359e-02 7.907243072986602783e-02 9.721564054489135742e-01
-2.708875656127929688e+00 3.002881705760955811e-01 -1.295494174957275391e+01 2.223296165466308594e-01 -2.044360339641571045e-02 9.004892408847808838e-02 9.705889225006103516e-01
-2.660540580749511719e+00 2.919098436832427979e-01 -1.307607364654541016e+01 2.246368825435638428e-01 -2.945616841316223145e-02 1.006287783384323120e-01 9.687850475311279297e-01
-2.609380483627319336e+00 2.828517854213714600e-01 -1.317785167694091797e+01 2.270478606224060059e-01 -3.752944245934486389e-02 1.099595874547958374e-01 9.669279456138610840e-01
-2.563549041748046875e+00 2.714982628822326660e-01 -1.328392124176025391e+01 2.285030633211135864e-01 -4.480266571044921875e-02 1.182209476828575134e-01 9.652993679046630859e-01
-2.500716686248779297e+00 2.478433102369308472e-01 -1.337635707855224609e+01 2.282312363386154175e-01 -5.261174216866493225e-02 1.261680126190185547e-01 9.639627337455749512e-01
-2.463096857070922852e+00 2.511920630931854248e-01 -1.348202705383300781e+01 2.299825698137283325e-01 -5.760863050818443298e-02 1.324357539415359497e-01 9.624188542366027832e-01
-2.411460638046264648e+00 2.406244128942489624e-01 -1.357791233062744141e+01 2.296006828546524048e-01 -6.200121715664863586e-02 1.404171139001846313e-01 9.611047506332397461e-01
-2.363883018493652344e+00 2.370548248291015625e-01 -1.367959403991699219e+01 2.296195179224014282e-01 -6.579338759183883667e-02 1.459584534168243408e-01 9.600219726562500000e-01
-2.311370611190795898e+00 2.221263498067855835e-01 -1.377598857879638672e+01 2.285275459289550781e-01 -6.885030865669250488e-02 1.514179706573486328e-01 9.592222571372985840e-01
-2.241684436798095703e+00 2.065870761871337891e-01 -1.388243007659912109e+01 2.273978292942047119e-01 -7.306738197803497314e-02 1.550089865922927856e-01 9.586050510406494141e-01
-2.183345556259155273e+00 1.947655081748962402e-01 -1.399178218841552734e+01 2.266841381788253784e-01 -7.610995322465896606e-02 1.587662249803543091e-01 9.579221606254577637e-01
-2.130232334136962891e+00 1.807210594415664673e-01 -1.410934257507324219e+01 2.259863018989562988e-01 -7.779163867235183716e-02 1.621606349945068359e-01 9.573832154273986816e-01
-2.067245483398437500e+00 1.683413088321685791e-01 -1.422580623626708984e+01 2.249279916286468506e-01 -7.948252558708190918e-02 1.644946634769439697e-01 9.570953249931335449e-01
-2.013552665710449219e+00 1.626074165105819702e-01 -1.434658050537109375e+01 2.248950749635696411e-01 -8.044823259115219116e-02 1.667778491973876953e-01 9.566271305084228516e-01
-1.956410288810729980e+00 1.515685915946960449e-01 -1.447237014770507812e+01 2.241877615451812744e-01 -8.052256703376770020e-02 1.700389087200164795e-01 9.562126994132995605e-01
-1.897360801696777344e+00 1.487969458103179932e-01 -1.460916519165039062e+01 2.242747247219085693e-01 -8.124979585409164429e-02 1.714516431093215942e-01 9.558784961700439453e-01
-1.842596054077148438e+00 1.314636766910552979e-01 -1.473088359832763672e+01 2.240878343582153320e-01 -8.030466735363006592e-02 1.738720685243606567e-01 9.555649161338806152e-01
-1.781247735023498535e+00 1.345983892679214478e-01 -1.486190700531005859e+01 2.244948148727416992e-01 -8.058506250381469727e-02 1.741515845060348511e-01 9.553948640823364258e-01
-1.717294096946716309e+00 1.224511712789535522e-01 -1.499786853790283203e+01 2.243737280368804932e-01 -8.020757883787155151e-02 1.755307167768478394e-01 9.552026987075805664e-01
-1.657369375228881836e+00 1.204649209976196289e-01 -1.513519859313964844e+01 2.240407615900039673e-01 -7.937007397413253784e-02 1.752252578735351562e-01 9.554068446159362793e-01
-1.597314834594726562e+00 1.080938875675201416e-01 -1.526972770690917969e+01 2.225203961133956909e-01 -7.800557464361190796e-02 1.753932386636734009e-01 9.558436274528503418e-01
-1.533797621726989746e+00 1.036708503961563110e-01 -1.540956687927246094e+01 2.216829061508178711e-01 -7.733905315399169922e-02 1.759743839502334595e-01 9.559855461120605469e-01
-1.481879949569702148e+00 9.820903837680816650e-02 -1.555169010162353516e+01 2.205109149217605591e-01 -7.632213085889816284e-02 1.757777631282806396e-01 9.563744068145751953e-01
-1.435816884040832520e+00 9.952718019485473633e-02 -1.569482803344726562e+01 2.198201268911361694e-01 -7.542371004819869995e-02 1.744239479303359985e-01 9.568524956703186035e-01
-1.404102444648742676e+00 9.111122786998748779e-02 -1.584529209136962891e+01 2.186107039451599121e-01 -7.391360402107238770e-02 1.738420873880386353e-01 9.573531746864318848e-01
-1.379285335540771484e+00 8.482968807220458984e-02 -1.600618934631347656e+01 2.175740003585815430e-01 -7.252082973718643188e-02 1.733894050121307373e-01 9.577778577804565430e-01
-1.364046216011047363e+00 7.228381931781768799e-02 -1.616320991516113281e+01 2.163486182689666748e-01 -7.113701850175857544e-02 1.732043772935867310e-01 9.581925868988037109e-01
-1.359474301338195801e+00 6.063615530729293823e-02 -1.632743263244628906e+01 2.149590700864791870e-01 -6.971641629934310913e-02 1.726662367582321167e-01 9.587067365646362305e-01
-1.363272905349731445e+00 4.353851824998855591e-02 -1.650069618225097656e+01 2.136225551366806030e-01 -6.812442839145660400e-02 1.722202301025390625e-01 9.592000246047973633e-01
-1.369548678398132324e+00 2.714203670620918274e-02 -1.666666030883789062e+01 2.125365287065505981e-01 -6.678204983472824097e-02 1.717751622200012207e-01 9.596153497695922852e-01
-1.384035944938659668e+00 1.103568449616432190e-02 -1.682524299621582031e+01 2.119746059179306030e-01 -6.512362509965896606e-02 1.722043752670288086e-01 9.597766995429992676e-01
-1.403449416160583496e+00 -6.769753992557525635e-03 -1.697863388061523438e+01 2.109808474779129028e-01 -6.326387822628021240e-02 1.723829507827758789e-01 9.600879549980163574e-01
-1.412655353546142578e+00 -2.073017135262489319e-02 -1.712996482849121094e+01 2.101022303104400635e-01 -6.288671493530273438e-02 1.712073087692260742e-01 9.605156779289245605e-01
-1.429823398590087891e+00 -3.950515389442443848e-02 -1.727790832519531250e+01 2.089988887310028076e-01 -6.189981102943420410e-02 1.711595803499221802e-01 9.608289599418640137e-01
-1.447768330574035645e+00 -5.635139346122741699e-02 -1.742205429077148438e+01 2.087475955486297607e-01 -6.067790463566780090e-02 1.711064726114273071e-01 9.609709978103637695e-01
-1.463095664978027344e+00 -7.312994450330734253e-02 -1.756261062622070312e+01 2.083741873502731323e-01 -6.016322597861289978e-02 1.709516346454620361e-01 9.611119031906127930e-01
-1.481339812278747559e+00 -9.681054949760437012e-02 -1.770071983337402344e+01 2.072536349296569824e-01 -5.939427763223648071e-02 1.709928959608078003e-01 9.613946676254272461e-01
-1.499516487121582031e+00 -1.142722070217132568e-01 -1.783708763122558594e+01 2.070202231407165527e-01 -5.892952531576156616e-02 1.716033816337585449e-01 9.613647460937500000e-01
-1.528769969940185547e+00 -1.467148363590240479e-01 -1.797504615783691406e+01 2.058608978986740112e-01 -5.744376778602600098e-02 1.735002398490905762e-01 9.613631963729858398e-01
-1.547403097152709961e+00 -1.609402000904083252e-01 -1.811762428283691406e+01 2.072172015905380249e-01 -5.753025040030479431e-02 1.741576045751571655e-01 9.609476923942565918e-01
-1.563225507736206055e+00 -1.784913241863250732e-01 -1.826694107055664062e+01 2.082643806934356689e-01 -5.801701173186302185e-02 1.739671826362609863e-01 9.607264995574951172e-01
-1.580366373062133789e+00 -2.090411782264709473e-01 -1.842877197265625000e+01 2.074999660253524780e-01 -5.875546112656593323e-02 1.736475080251693726e-01 9.609048366546630859e-01
-1.595743656158447266e+00 -2.317304611206054688e-01 -1.859555435180664062e+01 2.082138061523437500e-01 -5.973058193922042847e-02 1.737540513277053833e-01 9.606710076332092285e-01
-1.611332416534423828e+00 -2.599672079086303711e-01 -1.877158927917480469e+01 2.083332687616348267e-01 -6.075908243656158447e-02 1.733303070068359375e-01 9.606571793556213379e-01
-1.625461101531982422e+00 -2.882847189903259277e-01 -1.895585060119628906e+01 2.085723578929901123e-01 -6.171480566263198853e-02 1.727257519960403442e-01 9.606532454490661621e-01
-1.641996860504150391e+00 -3.198565840721130371e-01 -1.914472961425781250e+01 2.097467631101608276e-01 -6.196790188550949097e-02 1.732989251613616943e-01 9.602779746055603027e-01
-1.656912446022033691e+00 -3.542001843452453613e-01 -1.933990669250488281e+01 2.101120054721832275e-01 -6.226161122322082520e-02 1.731596440076828003e-01 9.602042436599731445e-01
-1.670326709747314453e+00 -3.869475722312927246e-01 -1.954261207580566406e+01 2.116982936859130859e-01 -6.240317597985267639e-02 1.729771494865417480e-01 9.598794579505920410e-01
-1.675962328910827637e+00 -4.281449019908905029e-01 -1.975254058837890625e+01 2.121637463569641113e-01 -6.316696107387542725e-02 1.723423004150390625e-01 9.598408937454223633e-01
-1.681856751441955566e+00 -4.715630114078521729e-01 -1.996800231933593750e+01 2.123474329710006714e-01 -6.300752609968185425e-02 1.713123023509979248e-01 9.599951505661010742e-01
-1.686375975608825684e+00 -5.133598446846008301e-01 -2.019260406494140625e+01 2.133396118879318237e-01 -6.308943033218383789e-02 1.702297925949096680e-01 9.599623680114746094e-01
-1.685257911682128906e+00 -5.594397187232971191e-01 -2.042540931701660156e+01 2.137281745672225952e-01 -6.278382986783981323e-02 1.683940291404724121e-01 9.602197408676147461e-01
-1.682559013366699219e+00 -5.979288220405578613e-01 -2.066134071350097656e+01 2.147140055894851685e-01 -6.240704283118247986e-02 1.661425381898880005e-01 9.604165554046630859e-01
-1.666891455650329590e+00 -6.070067882537841797e-01 -2.090717506408691406e+01 2.168103605508804321e-01 -6.327088922262191772e-02 1.643634736537933350e-01 9.601951241493225098e-01
-1.659558773040771484e+00 -6.299111247062683105e-01 -2.115645980834960938e+01 2.173116654157638550e-01 -6.249149516224861145e-02 1.606484055519104004e-01 9.607614278793334961e-01
-1.663567662239074707e+00 -6.214432716369628906e-01 -2.141290855407714844e+01 2.189542800188064575e-01 -6.124273315072059631e-02 1.571489721536636353e-01 9.610476493835449219e-01
-1.663997530937194824e+00 -6.143806576728820801e-01 -2.167715454101562500e+01 2.191312313079833984e-01 -6.034539267420768738e-02 1.530859917402267456e-01 9.617195725440979004e-01
-1.691540956497192383e+00 -6.010690331459045410e-01 -2.195060539245605469e+01 2.198345810174942017e-01 -5.755163356661796570e-02 1.488233953714370728e-01 9.623991847038269043e-01
-1.739780426025390625e+00 -5.742729306221008301e-01 -2.223287963867187500e+01 2.216321229934692383e-01 -5.268548801541328430e-02 1.443728506565093994e-01 9.629433751106262207e-01
-1.784903526306152344e+00 -5.172950625419616699e-01 -2.251560020446777344e+01 2.259623259305953979e-01 -4.864200949668884277e-02 1.376187205314636230e-01 9.631386399269104004e-01
-1.831192731857299805e+00 -4.770179688930511475e-01 -2.280530738830566406e+01 2.274550348520278931e-01 -4.420082271099090576e-02 1.312380582094192505e-01 9.638916254043579102e-01
-1.883392095565795898e+00 -4.356978535652160645e-01 -2.308963203430175781e+01 2.293400019407272339e-01 -3.939171135425567627e-02 1.242868080735206604e-01 9.645746350288391113e-01
-1.951432228088378906e+00 -4.037140011787414551e-01 -2.336823081970214844e+01 2.303366959095001221e-01 -3.335271775722503662e-02 1.175912991166114807e-01 9.654039740562438965e-01
-2.010913372039794922e+00 -3.707811236381530762e-01 -2.364722824096679688e+01 2.316697984933853149e-01 -2.807811275124549866e-02 1.098464131355285645e-01 9.661648273468017578e-01
-2.067346811294555664e+00 -3.413887321949005127e-01 -2.392714500427246094e+01 2.327263057231903076e-01 -2.288862131536006927e-02 1.013123095035552979e-01 9.669800400733947754e-01
-2.142661094665527344e+00 -3.221489191055297852e-01 -2.419789314270019531e+01 2.340717017650604248e-01 -1.717637293040752411e-02 9.191752225160598755e-02 9.677120447158813477e-01
-2.227154016494750977e+00 -3.103419840335845947e-01 -2.446506118774414062e+01 2.341255694627761841e-01 -1.154048833996057510e-02 8.225388824939727783e-02 9.686517715454101562e-01
-2.337463617324829102e+00 -3.100344836711883545e-01 -2.472046279907226562e+01 2.342522293329238892e-01 -4.757071845233440399e-03 7.300500571727752686e-02 9.694191813468933105e-01
-2.453148365020751953e+00 -3.183850347995758057e-01 -2.497212791442871094e+01 2.337158918380737305e-01 1.378725748509168625e-03 6.276756525039672852e-02 9.702758193016052246e-01
-2.573085069656372070e+00 -3.372936844825744629e-01 -2.521688079833984375e+01 2.341204881668090820e-01 8.096487261354923248e-03 5.237444117665290833e-02 9.707620739936828613e-01
-2.691758632659912109e+00 -3.542185723781585693e-01 -2.545483016967773438e+01 2.346540689468383789e-01 1.454318966716527939e-02 4.218842461705207825e-02 9.710540771484375000e-01
-2.807247638702392578e+00 -3.836036920547485352e-01 -2.569437026977539062e+01 2.348831444978713989e-01 2.118281088769435883e-02 3.199711069464683533e-02 9.712658524513244629e-01
-2.924365520477294922e+00 -4.065219759941101074e-01 -2.593954849243164062e+01 2.349568903446197510e-01 2.853383310139179230e-02 2.201333828270435333e-02 9.713374376296997070e-01
-3.028958797454833984e+00 -4.248432219028472900e-01 -2.618292617797851562e+01 2.348283231258392334e-01 3.524202853441238403e-02 1.110490504652261734e-02 9.713342785835266113e-01
-3.134388923645019531e+00 -4.413559436798095703e-01 -2.641974830627441406e+01 2.353524565696716309e-01 4.212767630815505981e-02 1.116867526434361935e-03 9.709960222244262695e-01
-3.238621473312377930e+00 -4.594049453735351562e-01 -2.665405654907226562e+01 2.355133146047592163e-01 4.908984154462814331e-02 -8.769474923610687256e-03 9.705909490585327148e-01
-3.335965633392333984e+00 -4.745366275310516357e-01 -2.689656829833984375e+01 2.358703613281250000e-01 5.545896664261817932e-02 -1.774429716169834137e-02 9.700384736061096191e-01
-3.425781965255737305e+00 -4.940662384033203125e-01 -2.713181686401367188e+01 2.354219853878021240e-01 6.127772852778434753e-02 -2.763197943568229675e-02 9.695658683776855469e-01
-3.519137859344482422e+00 -5.142523050308227539e-01 -2.736470222473144531e+01 2.352660596370697021e-01 6.745591014623641968e-02 -3.613696247339248657e-02 9.689136743545532227e-01
-3.614052772521972656e+00 -5.263313651084899902e-01 -2.759543418884277344e+01 2.345205247402191162e-01 7.390612363815307617e-02 -4.419440403580665588e-02 9.682896733283996582e-01
-3.705117702484130859e+00 -5.396217107772827148e-01 -2.782495880126953125e+01 2.345220297574996948e-01 7.964786887168884277e-02 -5.190393701195716858e-02 9.674510955810546875e-01
-3.787168502807617188e+00 -5.539439320564270020e-01 -2.805560111999511719e+01 2.334571331739425659e-01 8.398345857858657837e-02 -5.919814482331275940e-02 9.669229984283447266e-01
-3.867944240570068359e+00 -5.585055947303771973e-01 -2.828066444396972656e+01 2.339945435523986816e-01 8.796573430299758911e-02 -6.685057282447814941e-02 9.659397006034851074e-01
-3.956076860427856445e+00 -5.729330182075500488e-01 -2.850537490844726562e+01 2.331193089485168457e-01 9.217727929353713989e-02 -7.301187515258789062e-02 9.653124213218688965e-01
-4.040758609771728516e+00 -5.875353813171386719e-01 -2.873111724853515625e+01 2.329055666923522949e-01 9.580099582672119141e-02 -7.886475324630737305e-02 9.645504355430603027e-01
-4.131078243255615234e+00 -6.018020510673522949e-01 -2.895306968688964844e+01 2.322888672351837158e-01 9.926218539476394653e-02 -8.322092890739440918e-02 9.639829993247985840e-01
-4.208087444305419922e+00 -6.153129935264587402e-01 -2.917351341247558594e+01 2.316126525402069092e-01 1.010103151202201843e-01 -8.776031434535980225e-02 9.635614156723022461e-01
-4.359181880950927734e+00 -5.406751632690429688e-01 -2.931244277954101562e+01 2.661682069301605225e-01 1.227757185697555542e-01 -6.816665083169937134e-02 9.536424279212951660e-01
-4.437773704528808594e+00 -5.370974540710449219e-01 -2.952611732482910156e+01 2.664224505424499512e-01 1.234777271747589111e-01 -6.999508291482925415e-02 9.533483386039733887e-01
-4.519200325012207031e+00 -5.348761081695556641e-01 -2.973809623718261719e+01 2.666032910346984863e-01 1.239092946052551270e-01 -7.174848765134811401e-02 9.531114101409912109e-01
-4.598186492919921875e+00 -5.336224436759948730e-01 -2.994733238220214844e+01 2.668781280517578125e-01 1.235004961490631104e-01 -7.152464240789413452e-02 9.531043767929077148e-01
-4.679096221923828125e+00 -5.342747569084167480e-01 -3.015796852111816406e+01 2.664868831634521484e-01 1.226746067404747009e-01 -7.084317505359649658e-02 9.533713459968566895e-01
-4.756266117095947266e+00 -5.372914075851440430e-01 -3.036590957641601562e+01 2.661603093147277832e-01 1.203908249735832214e-01 -6.888032704591751099e-02 9.538973569869995117e-01
-4.833191871643066406e+00 -5.337501764297485352e-01 -3.057014083862304688e+01 2.662716507911682129e-01 1.173573508858680725e-01 -6.545084714889526367e-02 9.544856548309326172e-01
-4.908104896545410156e+00 -5.368781089782714844e-01 -3.076813507080078125e+01 2.661857903003692627e-01 1.132208630442619324e-01 -6.025297194719314575e-02 9.553511142730712891e-01
-4.986939430236816406e+00 -5.324530601501464844e-01 -3.097043800354003906e+01 2.669222652912139893e-01 1.087504625320434570e-01 -5.366319790482521057e-02 9.560576081275939941e-01
-5.058846473693847656e+00 -5.342827439308166504e-01 -3.117000770568847656e+01 2.674254477024078369e-01 1.026788130402565002e-01 -4.610329493880271912e-02 9.569823145866394043e-01
-5.125940322875976562e+00 -5.248120427131652832e-01 -3.136175155639648438e+01 2.684854567050933838e-01 9.522086381912231445e-02 -3.660880029201507568e-02 9.578665494918823242e-01
-5.197649478912353516e+00 -5.219940543174743652e-01 -3.155938148498535156e+01 2.684313058853149414e-01 8.688154816627502441e-02 -2.539698220789432526e-02 9.590365886688232422e-01
-5.274805545806884766e+00 -5.196174383163452148e-01 -3.174750137329101562e+01 2.693997621536254883e-01 7.829875499010086060e-02 -1.279398892074823380e-02 9.597548842430114746e-01
-5.342083454132080078e+00 -5.347425937652587891e-01 -3.193374252319335938e+01 2.688609361648559570e-01 6.764472275972366333e-02 4.102178500033915043e-04 9.608005881309509277e-01
-5.409623622894287109e+00 -5.364193320274353027e-01 -3.212351608276367188e+01 2.693086862564086914e-01 5.627296864986419678e-02 1.549082342535257339e-02 9.612836241722106934e-01
-5.484971046447753906e+00 -5.413863062858581543e-01 -3.231158447265625000e+01 2.698648869991302490e-01 4.500573873519897461e-02 3.106664307415485382e-02 9.613440036773681641e-01
-5.553979873657226562e+00 -5.410107970237731934e-01 -3.249515533447265625e+01 2.708695828914642334e-01 3.288535028696060181e-02 4.813595116138458252e-02 9.608491659164428711e-01
-5.622640132904052734e+00 -5.439332723617553711e-01 -3.267414093017578125e+01 2.712637782096862793e-01 2.060441300272941589e-02 6.543441861867904663e-02 9.600571990013122559e-01
-5.693445205688476562e+00 -5.485914945602416992e-01 -3.285426712036132812e+01 2.712436616420745850e-01 8.550721220672130585e-03 8.204758167266845703e-02 9.589692354202270508e-01
-5.760043621063232422e+00 -5.500469207763671875e-01 -3.302877044677734375e+01 2.713077664375305176e-01 -3.793773474171757698e-03 9.907115995883941650e-02 9.573727846145629883e-01
-5.832763671875000000e+00 -5.464962720870971680e-01 -3.320156478881835938e+01 2.716308236122131348e-01 -1.564140245318412781e-02 1.158003732562065125e-01 9.552812576293945312e-01
-5.897519588470458984e+00 -5.489773750305175781e-01 -3.337462615966796875e+01 2.712606787681579590e-01 -2.790364623069763184e-02 1.309704482555389404e-01 9.531452059745788574e-01
-5.964028358459472656e+00 -5.500205755233764648e-01 -3.354571533203125000e+01 2.711798846721649170e-01 -3.892368078231811523e-02 1.461491435766220093e-01 9.505718350410461426e-01
-6.034047603607177734e+00 -5.547015070915222168e-01 -3.370947265625000000e+01 2.705922722816467285e-01 -4.941404610872268677e-02 1.593612134456634521e-01 9.481255412101745605e-01
-6.111035346984863281e+00 -5.529389381408691406e-01 -3.386417007446289062e+01 2.709830701351165771e-01 -5.853203684091567993e-02 1.725144535303115845e-01 9.451882839202880859e-01
-6.202812671661376953e+00 -5.545951724052429199e-01 -3.400420379638671875e+01 2.710938155651092529e-01 -6.654325872659683228e-02 1.836250871419906616e-01 9.425295591354370117e-01
-6.255045890808105469e+00 -5.659477710723876953e-01 -3.390787887573242188e+01 2.702476382255554199e-01 -7.359028607606887817e-02 1.928191781044006348e-01 9.404102563858032227e-01
-6.244274616241455078e+00 -5.706718564033508301e-01 -3.374834442138671875e+01 2.702410519123077393e-01 -7.893437147140502930e-02 1.998532563447952271e-01 9.385083317756652832e-01
-6.219772815704345703e+00 -5.742151737213134766e-01 -3.359424209594726562e+01 2.700693607330322266e-01 -8.251626789569854736e-02 2.014899253845214844e-01 9.378994703292846680e-01
-6.195556640625000000e+00 -5.786658525466918945e-01 -3.344577789306640625e+01 2.695229351520538330e-01 -8.429579436779022217e-02 2.018655687570571899e-01 9.378176331520080566e-01
-6.170646667480468750e+00 -5.803321003913879395e-01 -3.329881286621093750e+01 2.694199979305267334e-01 -8.442354202270507812e-02 2.020249366760253906e-01 9.378013610839843750e-01
-6.136398315429687500e+00 -5.893836617469787598e-01 -3.315745544433593750e+01 2.677335739135742188e-01 -8.477365225553512573e-02 1.994872689247131348e-01 9.387955069541931152e-01
-6.106475353240966797e+00 -5.912870764732360840e-01 -3.302067947387695312e+01 2.677891254425048828e-01 -8.117412030696868896e-02 1.924045681953430176e-01 9.405744075775146484e-01
-6.076285362243652344e+00 -5.894550681114196777e-01 -3.288492965698242188e+01 2.676071524620056152e-01 -7.575459778308868408e-02 1.811183393001556396e-01 9.433153271675109863e-01
-6.053624153137207031e+00 -5.825518965721130371e-01 -3.275167083740234375e+01 2.688961625099182129e-01 -6.794458627700805664e-02 1.682487428188323975e-01 9.459232091903686523e-01
-6.027115345001220703e+00 -5.860912203788757324e-01 -3.262332916259765625e+01 2.676474153995513916e-01 -5.872682854533195496e-02 1.515544354915618896e-01 9.497090578079223633e-01
-5.997171878814697266e+00 -5.769541859626770020e-01 -3.250325393676757812e+01 2.681342661380767822e-01 -4.858790710568428040e-02 1.344895660877227783e-01 9.527096748352050781e-01
-5.969396591186523438e+00 -5.748683214187622070e-01 -3.238029861450195312e+01 2.677937448024749756e-01 -3.676530346274375916e-02 1.150038242340087891e-01 9.558812379837036133e-01
-5.944101333618164062e+00 -5.571263432502746582e-01 -3.226434707641601562e+01 2.688877284526824951e-01 -2.420574426651000977e-02 9.334116429090499878e-02 9.583323597908020020e-01
-5.921182632446289062e+00 -5.442069172859191895e-01 -3.215287780761718750e+01 2.691276669502258301e-01 -1.077832840383052826e-02 7.139432430267333984e-02 9.603941440582275391e-01
-5.897437572479248047e+00 -5.439172983169555664e-01 -3.203950119018554688e+01 2.683504819869995117e-01 3.616388188675045967e-03 4.870166629552841187e-02 9.620826840400695801e-01
-5.872693061828613281e+00 -5.393789410591125488e-01 -3.192876625061035156e+01 2.684029936790466309e-01 1.786711253225803375e-02 2.602482587099075317e-02 9.627893567085266113e-01
-5.849051952362060547e+00 -5.376038551330566406e-01 -3.182133674621582031e+01 2.672053277492523193e-01 3.258201479911804199e-02 2.119500888511538506e-03 9.630863070487976074e-01
-5.827975273132324219e+00 -5.359888076782226562e-01 -3.171391677856445312e+01 2.663252353668212891e-01 4.744980484247207642e-02 -2.145760692656040192e-02 9.624754190444946289e-01
-5.798858165740966797e+00 -5.277373790740966797e-01 -3.161337280273437500e+01 2.658451795578002930e-01 6.134241446852684021e-02 -4.395288974046707153e-02 9.610575437545776367e-01
-5.779994487762451172e+00 -5.263835191726684570e-01 -3.151799392700195312e+01 2.649366259574890137e-01 7.577054202556610107e-02 -6.584659963846206665e-02 9.590263962745666504e-01
-5.770645618438720703e+00 -5.285789370536804199e-01 -3.142836189270019531e+01 2.633601725101470947e-01 8.939108252525329590e-02 -8.546626567840576172e-02 9.567372798919677734e-01
-5.755801200866699219e+00 -5.249022841453552246e-01 -3.135726547241210938e+01 2.619242668151855469e-01 1.012346372008323669e-01 -1.047680005431175232e-01 9.540287852287292480e-01
-5.739371776580810547e+00 -5.225436091423034668e-01 -3.127876472473144531e+01 2.606773972511291504e-01 1.121951341629028320e-01 -1.218194961547851562e-01 9.511148929595947266e-01
-5.723689556121826172e+00 -5.226148962974548340e-01 -3.119776535034179688e+01 2.596420347690582275e-01 1.217341944575309753e-01 -1.368104219436645508e-01 9.481822848320007324e-01
-5.706997871398925781e+00 -5.255700945854187012e-01 -3.112019157409667969e+01 2.582146823406219482e-01 1.293837577104568481e-01 -1.490884721279144287e-01 9.457048773765563965e-01
-5.687538623809814453e+00 -5.240532755851745605e-01 -3.104529762268066406e+01 2.577636539936065674e-01 1.351679265499114990e-01 -1.594436615705490112e-01 9.433267116546630859e-01
-5.673696994781494141e+00 -5.311486721038818359e-01 -3.097899627685546875e+01 2.559174895286560059e-01 1.390337646007537842e-01 -1.667256653308868408e-01 9.420076608657836914e-01
-5.661983489990234375e+00 -5.367982387542724609e-01 -3.091523933410644531e+01 2.545181810855865479e-01 1.412213593721389771e-01 -1.708120107650756836e-01 9.413290023803710938e-01
-5.648556232452392578e+00 -5.366542935371398926e-01 -3.085219573974609375e+01 2.546063065528869629e-01 1.409030258655548096e-01 -1.707638502120971680e-01 9.413616061210632324e-01
-5.643410205841064453e+00 -5.339436531066894531e-01 -3.079615020751953125e+01 2.550074756145477295e-01 1.404238641262054443e-01 -1.703898608684539795e-01 9.413923621177673340e-01
-5.635924816131591797e+00 -5.363485217094421387e-01 -3.074690055847167969e+01 2.553206086158752441e-01 1.384654194116592407e-01 -1.682960987091064453e-01 9.419740438461303711e-01
-5.626206874847412109e+00 -5.400687456130981445e-01 -3.069588279724121094e+01 2.565933167934417725e-01 1.346192955970764160e-01 -1.628605723381042480e-01 9.431405067443847656e-01
-5.617120265960693359e+00 -5.419774651527404785e-01 -3.064572525024414062e+01 2.584755122661590576e-01 1.299524307250976562e-01 -1.555854976177215576e-01 9.445083141326904297e-01
-5.606044769287109375e+00 -5.347753763198852539e-01 -3.059877967834472656e+01 2.615166902542114258e-01 1.239905804395675659e-01 -1.468228548765182495e-01 9.458743929862976074e-01
-5.594814300537109375e+00 -5.372565984725952148e-01 -3.055178833007812500e+01 2.637951970100402832e-01 1.170473694801330566e-01 -1.366043835878372192e-01 9.476556777954101562e-01
-5.586430072784423828e+00 -5.400626659393310547e-01 -3.050525856018066406e+01 2.653695046901702881e-01 1.097598299384117126e-01 -1.243362724781036377e-01 9.497748613357543945e-01
-5.579602241516113281e+00 -5.447949171066284180e-01 -3.046129989624023438e+01 2.671110033988952637e-01 1.017978042364120483e-01 -1.106386259198188782e-01 9.518655538558959961e-01
-5.567367553710937500e+00 -5.420792698860168457e-01 -3.041481590270996094e+01 2.693438529968261719e-01 9.288698434829711914e-02 -9.630969166755676270e-02 9.537034630775451660e-01
-5.561425685882568359e+00 -5.461999177932739258e-01 -3.037266731262207031e+01 2.706844806671142578e-01 8.444514870643615723e-02 -8.074890822172164917e-02 9.555514454841613770e-01
-5.553773880004882812e+00 -5.552276372909545898e-01 -3.032847404479980469e+01 2.719273269176483154e-01 7.555334270000457764e-02 -6.420198827981948853e-02 9.571965932846069336e-01
-5.545456886291503906e+00 -5.626138448715209961e-01 -3.028606796264648438e+01 2.729386985301971436e-01 6.663454324007034302e-02 -4.717109724879264832e-02 9.585610032081604004e-01
-5.537134647369384766e+00 -5.729429125785827637e-01 -3.024574851989746094e+01 2.738705277442932129e-01 5.774708464741706848e-02 -2.964289113879203796e-02 9.595736265182495117e-01
-5.526057720184326172e+00 -5.778337717056274414e-01 -3.020570182800292969e+01 2.752035856246948242e-01 4.909965395927429199e-02 -1.172124221920967102e-02 9.600597620010375977e-01
-5.517497539520263672e+00 -5.836293101310729980e-01 -3.016900062561035156e+01 2.760865092277526855e-01 4.114171862602233887e-02 5.658330395817756653e-03 9.602351784706115723e-01
-5.507422924041748047e+00 -5.892444849014282227e-01 -3.012759780883789062e+01 2.773725390434265137e-01 3.369287028908729553e-02 2.244497649371623993e-02 9.599090814590454102e-01
-5.502092361450195312e+00 -5.933880209922790527e-01 -3.008949279785156250e+01 2.783919572830200195e-01 2.772572450339794159e-02 3.994908556342124939e-02 9.592357873916625977e-01
-5.494390010833740234e+00 -5.956416130065917969e-01 -3.004858398437500000e+01 2.793008685111999512e-01 2.219764143228530884e-02 5.660342425107955933e-02 9.582767486572265625e-01
-5.485074043273925781e+00 -5.991575717926025391e-01 -3.001023483276367188e+01 2.795071005821228027e-01 1.751371659338474274e-02 7.195112109184265137e-02 9.572836756706237793e-01
-5.474990844726562500e+00 -5.964792966842651367e-01 -2.997108650207519531e+01 2.802793085575103760e-01 1.361558027565479279e-02 8.637734502553939819e-02 9.559273123741149902e-01
-5.467833995819091797e+00 -6.019316911697387695e-01 -2.993275451660156250e+01 2.805626094341278076e-01 1.056247949600219727e-02 1.006254255771636963e-01 9.544880986213684082e-01
-5.456515312194824219e+00 -6.059606671333312988e-01 -2.989656257629394531e+01 2.809455692768096924e-01 7.880631834268569946e-03 1.141410470008850098e-01 9.528794884681701660e-01
-5.446910858154296875e+00 -6.088318228721618652e-01 -2.986123657226562500e+01 2.815304696559906006e-01 6.199260242283344269e-03 1.272871345281600952e-01 9.510521292686462402e-01
-5.439157962799072266e+00 -6.115005016326904297e-01 -2.982541275024414062e+01 2.820515930652618408e-01 5.135190207511186600e-03 1.388681828975677490e-01 9.492819309234619141e-01
-5.429344654083251953e+00 -6.152326464653015137e-01 -2.978970146179199219e+01 2.823245227336883545e-01 4.691078793257474899e-03 1.492651104927062988e-01 9.476237893104553223e-01
-5.421091079711914062e+00 -6.181334257125854492e-01 -2.975403976440429688e+01 2.830074131488800049e-01 4.763707984238862991e-03 1.586422324180603027e-01 9.458946585655212402e-01
-5.410386085510253906e+00 -6.218394041061401367e-01 -2.971993446350097656e+01 2.834750115871429443e-01 4.857634194195270538e-03 1.665092706680297852e-01 9.444008469581604004e-01
-5.402723789215087891e+00 -6.252170205116271973e-01 -2.968602752685546875e+01 2.842988371849060059e-01 6.205983925610780716e-03 1.715085506439208984e-01 9.432499408721923828e-01
-5.392701148986816406e+00 -6.257210969924926758e-01 -2.965309524536132812e+01 2.843131721019744873e-01 9.281634353101253510e-03 1.712751835584640503e-01 9.432628154754638672e-01
-5.387812137603759766e+00 -6.261022686958312988e-01 -2.961901855468750000e+01 2.847492098808288574e-01 1.220492366701364517e-02 1.709419041872024536e-01 9.431584477424621582e-01
-5.375443458557128906e+00 -6.284644007682800293e-01 -2.958947563171386719e+01 2.848824560642242432e-01 1.424839906394481659e-02 1.704675108194351196e-01 9.431753754615783691e-01
-5.370429992675781250e+00 -6.290753483772277832e-01 -2.956255912780761719e+01 2.850600481033325195e-01 1.660514809191226959e-02 1.700638532638549805e-01 9.431560039520263672e-01
-5.366131782531738281e+00 -6.299511194229125977e-01 -2.954218482971191406e+01 2.852391004562377930e-01 1.795995421707630157e-02 1.696412116289138794e-01 9.431532025337219238e-01
-5.363374710083007812e+00 -6.286179423332214355e-01 -2.952422332763671875e+01 2.853862345218658447e-01 1.919467002153396606e-02 1.694732159376144409e-01 9.431145787239074707e-01
-5.357945442199707031e+00 -6.296704411506652832e-01 -2.951020431518554688e+01 2.854874134063720703e-01 1.938128098845481873e-02 1.696772575378417969e-01 9.430434107780456543e-01
-5.356797218322753906e+00 -6.295076608657836914e-01 -2.950118446350097656e+01 2.855289280414581299e-01 1.943081989884376526e-02 1.696730405092239380e-01 9.430305957794189453e-01
-5.356461524963378906e+00 -6.298978328704833984e-01 -2.949561500549316406e+01 2.851611971855163574e-01 1.881835982203483582e-02 1.698479205369949341e-01 9.431228041648864746e-01
-5.355367183685302734e+00 -6.289227008819580078e-01 -2.949352836608886719e+01 2.845393717288970947e-01 1.998048089444637299e-02 1.603980362415313721e-01 9.449394941329956055e-01
-5.357428550720214844e+00 -6.257933974266052246e-01 -2.948867225646972656e+01 2.836011946201324463e-01 2.140251733362674713e-02 1.488578170537948608e-01 9.470763802528381348e-01
-5.359684467315673828e+00 -6.247112154960632324e-01 -2.948357582092285156e+01 2.827503681182861328e-01 2.295011281967163086e-02 1.360440105199813843e-01 9.492194652557373047e-01
-5.360313415527343750e+00 -6.228116154670715332e-01 -2.947616004943847656e+01 2.815699577331542969e-01 2.393442951142787933e-02 1.218538880348205566e-01 9.514710307121276855e-01
-5.359358310699462891e+00 -6.200096011161804199e-01 -2.946862983703613281e+01 2.803919315338134766e-01 2.433833293616771698e-02 1.065418571233749390e-01 9.536439776420593262e-01
-5.357787609100341797e+00 -6.189281344413757324e-01 -2.945965003967285156e+01 2.789964973926544189e-01 2.463913336396217346e-02 8.960574865341186523e-02 9.557848572731018066e-01
-5.357393741607666016e+00 -6.124508976936340332e-01 -2.944850158691406250e+01 2.779767811298370361e-01 2.508754841983318329e-02 7.201573252677917480e-02 9.575558900833129883e-01
-5.357752323150634766e+00 -6.101367473602294922e-01 -2.943660926818847656e+01 2.764247953891754150e-01 2.600739337503910065e-02 5.435216799378395081e-02 9.591448307037353516e-01
-5.355649471282958984e+00 -6.079242229461669922e-01 -2.942326354980468750e+01 2.750107347965240479e-01 2.632873877882957458e-02 3.592898696660995483e-02 9.604087471961975098e-01
-5.353136539459228516e+00 -6.031142473220825195e-01 -2.941009712219238281e+01 2.740944623947143555e-01 2.659493684768676758e-02 1.676249317824840546e-02 9.611888527870178223e-01
-5.349124431610107422e+00 -6.001856923103332520e-01 -2.939524459838867188e+01 2.727234661579132080e-01 2.681721746921539307e-02 -2.223294228315353394e-03 9.617160558700561523e-01
-5.346373081207275391e+00 -5.928719043731689453e-01 -2.937680053710937500e+01 2.716231644153594971e-01 2.719044312834739685e-02 -2.138506248593330383e-02 9.617817997932434082e-01
-5.344091415405273438e+00 -5.878815054893493652e-01 -2.935765266418457031e+01 2.708793580532073975e-01 2.753370255231857300e-02 -3.922266885638237000e-02 9.614197015762329102e-01
-5.342192173004150391e+00 -5.792539715766906738e-01 -2.933602333068847656e+01 2.704353928565979004e-01 2.751711383461952209e-02 -5.648792907595634460e-02 9.606854915618896484e-01
-5.338211536407470703e+00 -5.780498981475830078e-01 -2.931496238708496094e+01 2.691747248172760010e-01 2.784824185073375702e-02 -7.325495034456253052e-02 9.598974585533142090e-01
-5.332568645477294922e+00 -5.774831175804138184e-01 -2.929379463195800781e+01 2.683100104331970215e-01 2.799056284129619598e-02 -8.950779587030410767e-02 9.587568044662475586e-01
-5.325760841369628906e+00 -5.778692960739135742e-01 -2.927077674865722656e+01 2.679002881050109863e-01 2.792998962104320526e-02 -1.049779653549194336e-01 9.573029279708862305e-01
-5.320595741271972656e+00 -5.765658020973205566e-01 -2.924496269226074219e+01 2.679581642150878906e-01 2.811799570918083191e-02 -1.182940751314163208e-01 9.557271003723144531e-01
-5.314594268798828125e+00 -5.758564472198486328e-01 -2.921948051452636719e+01 2.680625915527343750e-01 2.849862538278102875e-02 -1.305943131446838379e-01 9.540835618972778320e-01
-5.303129673004150391e+00 -5.756213068962097168e-01 -2.919272613525390625e+01 2.684017419815063477e-01 2.828047424554824829e-02 -1.413470059633255005e-01 9.524608850479125977e-01
-5.303032398223876953e+00 -5.761938095092773438e-01 -2.916663551330566406e+01 2.695403099060058594e-01 2.694991417229175568e-02 -1.406604945659637451e-01 9.522795677185058594e-01
-5.293346881866455078e+00 -5.767039060592651367e-01 -2.913877677917480469e+01 2.713762521743774414e-01 2.491920813918113708e-02 -1.406136453151702881e-01 9.518202543258666992e-01
-5.289034843444824219e+00 -5.760356187820434570e-01 -2.910861778259277344e+01 2.733291685581207275e-01 2.407699264585971832e-02 -1.397496163845062256e-01 9.514102935791015625e-01
-5.278862953186035156e+00 -5.763588547706604004e-01 -2.907927894592285156e+01 2.756457924842834473e-01 2.311234176158905029e-02 -1.395538300275802612e-01 9.507943987846374512e-01
-5.272113323211669922e+00 -5.785441994667053223e-01 -2.904830551147460938e+01 2.774534225463867188e-01 2.309853583574295044e-02 -1.392397582530975342e-01 9.503148794174194336e-01
-5.265807628631591797e+00 -5.815624594688415527e-01 -2.901489830017089844e+01 2.795896232128143311e-01 2.346756868064403534e-02 -1.386935859918594360e-01 9.497594237327575684e-01
-5.253223896026611328e+00 -5.837042927742004395e-01 -2.898184776306152344e+01 2.793044745922088623e-01 2.338180318474769592e-02 -1.387522965669631958e-01 9.498368501663208008e-01
-5.241789817810058594e+00 -5.821681022644042969e-01 -2.894773483276367188e+01 2.791987955570220947e-01 2.366983145475387573e-02 -1.392256319522857666e-01 9.497915506362915039e-01
-5.232298851013183594e+00 -5.846913456916809082e-01 -2.890999603271484375e+01 2.789672911167144775e-01 2.495046332478523254e-02 -1.397781521081924438e-01 9.497456550598144531e-01
-5.225416660308837891e+00 -5.859374403953552246e-01 -2.886937141418457031e+01 2.789204716682434082e-01 2.688942104578018188e-02 -1.406193077564239502e-01 9.495822787284851074e-01
-5.209843635559082031e+00 -5.872286558151245117e-01 -2.883124160766601562e+01 2.786569595336914062e-01 2.843988500535488129e-02 -1.414927393198013306e-01 9.494847655296325684e-01
-5.202340126037597656e+00 -5.890098810195922852e-01 -2.878812789916992188e+01 2.781823873519897461e-01 3.135570138692855835e-02 -1.424050331115722656e-01 9.493956565856933594e-01
-5.191008567810058594e+00 -5.922029018402099609e-01 -2.874574851989746094e+01 2.772874236106872559e-01 3.475446254014968872e-02 -1.436425149440765381e-01 9.493527412414550781e-01
-5.182052612304687500e+00 -5.981727242469787598e-01 -2.870068359375000000e+01 2.760227024555206299e-01 3.872175887227058411e-02 -1.456514447927474976e-01 9.492617249488830566e-01
-5.171157360076904297e+00 -5.988110303878784180e-01 -2.865760612487792969e+01 2.747493982315063477e-01 4.205713793635368347e-02 -1.455524712800979614e-01 9.495043158531188965e-01
-5.159914970397949219e+00 -5.981328487396240234e-01 -2.861455154418945312e+01 2.729993462562561035e-01 4.569420590996742249e-02 -1.468050181865692139e-01 9.496482014656066895e-01
-5.150380134582519531e+00 -5.963105559349060059e-01 -2.856840515136718750e+01 2.711792886257171631e-01 5.035155266523361206e-02 -1.470906138420104980e-01 9.498898983001708984e-01
-5.158217906951904297e+00 -6.272593140602111816e-01 -2.855641937255859375e+01 2.241474092006683350e-01 5.259177833795547485e-02 -1.245373040437698364e-01 9.651334285736083984e-01
