0.000000000000000000e+00 0.000000000000000000e+00 0.000000000000000000e+00 0.000000000000000000e+00 0.000000000000000000e+00 0.000000000000000000e+00 1.000000000000000000e+00
-1.678048819303512573e-02 2.360098296776413918e-03 1.449156552553176880e-02 -1.527751330286264420e-02 1.199035439640283585e-03 7.391698658466339111e-03 9.998552799224853516e-01
-2.968182414770126343e-02 5.414776038378477097e-03 2.595621161162853241e-02 -3.294953331351280212e-02 1.723561086691915989e-03 1.645172946155071259e-02 9.993200898170471191e-01
-4.259655252099037170e-02 6.836643442511558533e-03 3.654502332210540771e-02 -5.220482498407363892e-02 2.431765431538224220e-03 2.548271790146827698e-02 9.983082413673400879e-01
-5.477304756641387939e-02 9.121125563979148865e-03 4.656196758151054382e-02 -7.322369515895843506e-02 2.851611236110329628e-03 3.539827466011047363e-02 9.966830611228942871e-01
-4.613762721419334412e-02 2.220689505338668823e-02 4.799637570977210999e-02 -9.523700177669525146e-02 3.341504372656345367e-03 4.559887200593948364e-02 9.944040775299072266e-01
-3.534736484289169312e-02 3.260486200451850891e-02 5.765634402632713318e-02 -1.190499365329742432e-01 3.363215131685137749e-03 5.661740154027938843e-02 9.912670254707336426e-01
-2.151022292673587799e-02 5.441921204328536987e-02 7.365725934505462646e-02 -1.434135138988494873e-01 2.310818759724497795e-03 6.836706399917602539e-02 9.872958660125732422e-01
-1.461101695895195007e-02 8.464179933071136475e-02 9.521375596523284912e-02 -1.687014251947402954e-01 7.278866833075881004e-04 7.909382134675979614e-02 9.824883937835693359e-01
5.573114380240440369e-03 7.843103259801864624e-02 9.902341663837432861e-02 -1.951019316911697388e-01 -1.334193861111998558e-03 9.000163525342941284e-02 9.766438007354736328e-01
2.448379807174205780e-02 8.264537155628204346e-02 1.126289367675781250e-01 -2.217940837144851685e-01 -4.015419166535139084e-03 1.008736267685890198e-01 9.698534607887268066e-01
2.204648964107036591e-02 1.179500818252563477e-01 1.464746445417404175e-01 -2.485722601413726807e-01 -6.631848867982625961e-03 1.109396442770957947e-01 9.622163176536560059e-01
3.355918079614639282e-02 1.349583119153976440e-01 1.605885028839111328e-01 -2.748351097106933594e-01 -1.082045491784811020e-02 1.203547045588493347e-01 9.538675546646118164e-01
5.578885972499847412e-02 1.514568030834197998e-01 1.761774271726608276e-01 -3.010156154632568359e-01 -1.626684144139289856e-02 1.295894086360931396e-01 9.446330666542053223e-01
6.944172084331512451e-02 1.700938791036605835e-01 1.951145827770233154e-01 -3.266114294528961182e-01 -2.284516952931880951e-02 1.375540643930435181e-01 9.348165392875671387e-01
9.559500962495803833e-02 1.869862675666809082e-01 2.135810405015945435e-01 -3.516908586025238037e-01 -3.091366961598396301e-02 1.450743675231933594e-01 9.242896437644958496e-01
9.998563677072525024e-02 2.069928944110870361e-01 2.344470024108886719e-01 -3.758504986763000488e-01 -3.907379880547523499e-02 1.503908336162567139e-01 9.135602116584777832e-01
1.143811196088790894e-01 2.301512360572814941e-01 2.555950880050659180e-01 -3.988282978534698486e-01 -4.907385259866714478e-02 1.548657268285751343e-01 9.025210738182067871e-01
1.391491293907165527e-01 2.536092102527618408e-01 2.787929773330688477e-01 -4.207149147987365723e-01 -6.091099232435226440e-02 1.586734652519226074e-01 8.911293745040893555e-01
1.537571251392364502e-01 2.758282423019409180e-01 3.037193119525909424e-01 -4.410966932773590088e-01 -7.368987798690795898e-02 1.603012681007385254e-01 8.799471855163574219e-01
1.664732694625854492e-01 3.020053505897521973e-01 3.299118578433990479e-01 -4.599965512752532959e-01 -8.735042810440063477e-02 1.602183878421783447e-01 8.689666986465454102e-01
1.841846704483032227e-01 3.221510052680969238e-01 3.528986573219299316e-01 -4.772130846977233887e-01 -1.035607382655143738e-01 1.587259769439697266e-01 8.581077456474304199e-01
1.995952874422073364e-01 3.463110327720642090e-01 3.720664680004119873e-01 -4.923459887504577637e-01 -1.210746541619300842e-01 1.556268483400344849e-01 8.477715849876403809e-01
2.164996117353439331e-01 3.664910495281219482e-01 3.944310843944549561e-01 -5.060321092605590820e-01 -1.397393047809600830e-01 1.509530246257781982e-01 8.376261591911315918e-01
2.262960523366928101e-01 3.890521526336669922e-01 4.119068086147308350e-01 -5.176852941513061523e-01 -1.590376198291778564e-01 1.448044478893280029e-01 8.280945420265197754e-01
2.409572750329971313e-01 4.132127165794372559e-01 4.300325214862823486e-01 -5.276944041252136230e-01 -1.791364550590515137e-01 1.382245719432830811e-01 8.187445402145385742e-01
2.541623115539550781e-01 4.327339529991149902e-01 4.474061131477355957e-01 -5.360360741615295410e-01 -1.997368335723876953e-01 1.307736486196517944e-01 8.097338080406188965e-01
2.687270343303680420e-01 4.520555734634399414e-01 4.634255468845367432e-01 -5.426779985427856445e-01 -2.200179100036621094e-01 1.227402091026306152e-01 8.012662529945373535e-01
2.803803682327270508e-01 4.733654558658599854e-01 4.760379195213317871e-01 -5.474348068237304688e-01 -2.400953471660614014e-01 1.144311875104904175e-01 7.934575676918029785e-01
2.881505489349365234e-01 4.919398427009582520e-01 4.860866069793701172e-01 -5.506070256233215332e-01 -2.596447765827178955e-01 1.054877862334251404e-01 7.863134145736694336e-01
2.983493208885192871e-01 5.115019083023071289e-01 4.967412650585174561e-01 -5.493512153625488281e-01 -2.780045270919799805e-01 9.783122688531875610e-02 7.818924188613891602e-01
3.043179512023925781e-01 5.320649147033691406e-01 5.084255337715148926e-01 -5.433624386787414551e-01 -2.947962880134582520e-01 9.145639091730117798e-02 7.806972265243530273e-01
3.131829202175140381e-01 5.503756999969482422e-01 5.241616964340209961e-01 -5.376076698303222656e-01 -3.110063672065734863e-01 8.539976924657821655e-02 7.790762782096862793e-01
3.201438784599304199e-01 5.707383155822753906e-01 5.386963486671447754e-01 -5.318757295608520508e-01 -3.261287808418273926e-01 7.957368344068527222e-02 7.774420976638793945e-01
3.324970006942749023e-01 5.896745324134826660e-01 5.534139871597290039e-01 -5.261514186859130859e-01 -3.404316604137420654e-01 7.432799041271209717e-02 7.757230401039123535e-01
3.369795382022857666e-01 6.052984595298767090e-01 5.626494288444519043e-01 -5.210390090942382812e-01 -3.523826897144317627e-01 6.928765028715133667e-02 7.743022441864013672e-01
3.427469134330749512e-01 6.172198057174682617e-01 5.704113841056823730e-01 -5.164124965667724609e-01 -3.625892102718353271e-01 6.473968178033828735e-02 7.730821371078491211e-01
3.502202630043029785e-01 6.334332227706909180e-01 5.784659385681152344e-01 -5.121361613273620605e-01 -3.714655339717864990e-01 6.103469431400299072e-02 7.720134258270263672e-01
3.532598614692687988e-01 6.472002267837524414e-01 5.830370783805847168e-01 -5.086116790771484375e-01 -3.780342042446136475e-01 5.774043127894401550e-02 7.714080214500427246e-01
3.606317043304443359e-01 6.642969846725463867e-01 5.972280502319335938e-01 -5.063480138778686523e-01 -3.831472396850585938e-01 5.601732060313224792e-02 7.705010771751403809e-01
3.639536499977111816e-01 6.790722608566284180e-01 6.037669777870178223e-01 -5.052053332328796387e-01 -3.851817250251770020e-01 5.541876330971717834e-02 7.702800631523132324e-01
3.694157898426055908e-01 6.927108764648437500e-01 6.124807596206665039e-01 -4.950840473175048828e-01 -3.832993805408477783e-01 6.030765920877456665e-02 7.773907184600830078e-01
3.737174272537231445e-01 7.096964120864868164e-01 6.247454881668090820e-01 -4.844929873943328857e-01 -3.782920837402343750e-01 6.742698699235916138e-02 7.858849763870239258e-01
3.803417682647705078e-01 7.308489084243774414e-01 6.316663026809692383e-01 -4.724536240100860596e-01 -3.710976243019104004e-01 7.683084905147552490e-02 7.957205176353454590e-01
3.839260041713714600e-01 7.473873496055603027e-01 6.467875242233276367e-01 -4.604416489601135254e-01 -3.608161509037017822e-01 8.732856065034866333e-02 8.063367009162902832e-01
3.862000107765197754e-01 7.635031342506408691e-01 6.553270816802978516e-01 -4.472033679485321045e-01 -3.476836681365966797e-01 9.904950112104415894e-02 8.181163668632507324e-01
3.880385160446166992e-01 7.741345763206481934e-01 6.647602915763854980e-01 -4.336512088775634766e-01 -3.315554559230804443e-01 1.115615889430046082e-01 8.304045200347900391e-01
4.037833213806152344e-01 7.886795997619628906e-01 6.867902278900146484e-01 -4.194856882095336914e-01 -3.141760528087615967e-01 1.252279728651046753e-01 8.424031734466552734e-01
4.100974500179290771e-01 7.961237430572509766e-01 7.032392024993896484e-01 -4.043142795562744141e-01 -2.940176129341125488e-01 1.385934352874755859e-01 8.549125790596008301e-01
4.114625453948974609e-01 7.977486848831176758e-01 7.152693271636962891e-01 -3.880409300327301025e-01 -2.720229327678680420e-01 1.521037966012954712e-01 8.673477768898010254e-01
4.048360288143157959e-01 8.025758266448974609e-01 7.267387509346008301e-01 -3.712545037269592285e-01 -2.470472007989883423e-01 1.653055846691131592e-01 8.796657323837280273e-01
4.050693511962890625e-01 8.164185285568237305e-01 7.390083670616149902e-01 -3.536666333675384521e-01 -2.207928001880645752e-01 1.791531592607498169e-01 8.911086320877075195e-01
4.171703159809112549e-01 8.202306628227233887e-01 7.543947696685791016e-01 -3.360592722892761230e-01 -1.931705623865127563e-01 1.926777362823486328e-01 9.014568924903869629e-01
4.135828614234924316e-01 8.190824985504150391e-01 7.702416181564331055e-01 -3.178825974464416504e-01 -1.636966019868850708e-01 2.047274410724639893e-01 9.111754894256591797e-01
3.992375135421752930e-01 8.109601736068725586e-01 7.772071957588195801e-01 -2.990136444568634033e-01 -1.321575045585632324e-01 2.152625620365142822e-01 9.202104210853576660e-01
4.148446917533874512e-01 8.113137483596801758e-01 7.872642278671264648e-01 -2.796209752559661865e-01 -1.009953171014785767e-01 2.252206802368164062e-01 9.278403520584106445e-01
4.133986234664916992e-01 8.161411285400390625e-01 7.984485030174255371e-01 -2.599297165870666504e-01 -6.884051114320755005e-02 2.336426377296447754e-01 9.344028234481811523e-01
4.123764038085937500e-01 8.200132250785827637e-01 8.095580935478210449e-01 -2.402594089508056641e-01 -3.626504912972450256e-02 2.405946552753448486e-01 9.397204518318176270e-01
4.193525910377502441e-01 8.066793084144592285e-01 8.110033869743347168e-01 -2.207381874322891235e-01 -3.479876322671771049e-03 2.462078481912612915e-01 9.437395334243774414e-01
4.211777448654174805e-01 7.942047715187072754e-01 8.140811920166015625e-01 -2.014123648405075073e-01 2.913604862987995148e-02 2.499046474695205688e-01 9.466423988342285156e-01
4.091100692749023438e-01 8.262529969215393066e-01 8.398609757423400879e-01 -1.821674704551696777e-01 6.221390888094902039e-02 2.511996328830718994e-01 9.486006498336791992e-01
3.811188638210296631e-01 8.268319368362426758e-01 8.587878942489624023e-01 -1.639171391725540161e-01 9.563180059194564819e-02 2.500061988830566406e-01 9.494643807411193848e-01
3.730612397193908691e-01 8.150929808616638184e-01 8.535824418067932129e-01 -1.459434777498245239e-01 1.272301971912384033e-01 2.470093816518783569e-01 9.494732022285461426e-01
3.769685328006744385e-01 8.074510097503662109e-01 8.557912111282348633e-01 -1.289063692092895508e-01 1.582755893468856812e-01 2.430990785360336304e-01 9.482799172401428223e-01
3.620266616344451904e-01 7.919888496398925781e-01 8.564389348030090332e-01 -1.123275533318519592e-01 1.883281618356704712e-01 2.373928427696228027e-01 9.463401436805725098e-01
3.793480992317199707e-01 8.235055804252624512e-01 8.624665141105651855e-01 -9.723624587059020996e-02 2.155812829732894897e-01 2.289925366640090942e-01 9.442628026008605957e-01
3.539916872978210449e-01 8.566036224365234375e-01 8.718231320381164551e-01 -8.146405220031738281e-02 2.428796142339706421e-01 2.190317064523696899e-01 9.414872527122497559e-01
3.492836654186248779e-01 8.793676495552062988e-01 8.929484486579895020e-01 -6.728729605674743652e-02 2.689826786518096924e-01 2.088758647441864014e-01 9.378120899200439453e-01
3.336584866046905518e-01 8.973436355590820312e-01 9.175332188606262207e-01 -5.655618011951446533e-02 2.931808531284332275e-01 1.921597272157669067e-01 9.348374605178833008e-01
3.290578722953796387e-01 9.188076853752136230e-01 9.464465975761413574e-01 -4.657357558608055115e-02 3.156025707721710205e-01 1.759176105260848999e-01 9.312781095504760742e-01
3.384961783885955811e-01 9.400853514671325684e-01 9.824068546295166016e-01 -3.788844123482704163e-02 3.363644480705261230e-01 1.604073643684387207e-01 9.271962642669677734e-01
3.520417213439941406e-01 9.690971970558166504e-01 1.013774275779724121e+00 -3.004678338766098022e-02 3.545585274696350098e-01 1.456036269664764404e-01 9.231386184692382812e-01
3.716977834701538086e-01 9.966650009155273438e-01 1.045027375221252441e+00 -2.287019789218902588e-02 3.702548742294311523e-01 1.323556602001190186e-01 9.191682338714599609e-01
3.948937952518463135e-01 1.037930250167846680e+00 1.088690876960754395e+00 -1.650445349514484406e-02 3.845374286174774170e-01 1.197712570428848267e-01 9.151576161384582520e-01
4.182621538639068604e-01 1.069773674011230469e+00 1.133158922195434570e+00 -1.127549167722463608e-02 3.963453471660614014e-01 1.096337810158729553e-01 9.114623665809631348e-01
4.404066801071166992e-01 1.114551067352294922e+00 1.180801868438720703e+00 -6.734432186931371689e-03 4.056548774242401123e-01 1.004848405718803406e-01 9.084610939025878906e-01
4.664973318576812744e-01 1.169698834419250488e+00 1.220369219779968262e+00 -3.216336248442530632e-03 4.115218520164489746e-01 9.271092712879180908e-02 9.066664576530456543e-01
4.881384074687957764e-01 1.211884379386901855e+00 1.269887566566467285e+00 -4.879387415712699294e-05 4.153608679771423340e-01 8.863028138875961304e-02 9.053286910057067871e-01
5.153152346611022949e-01 1.269247174263000488e+00 1.308812975883483887e+00 2.628127345815300941e-03 4.151431024074554443e-01 8.595281094312667847e-02 9.056828618049621582e-01
5.400084853172302246e-01 1.322346329689025879e+00 1.350202918052673340e+00 4.215185530483722687e-03 4.121148288249969482e-01 8.616026490926742554e-02 9.070391654968261719e-01
5.721329450607299805e-01 1.394103884696960449e+00 1.394492864608764648e+00 5.483574233949184418e-03 4.058883786201477051e-01 8.829361945390701294e-02 9.096311330795288086e-01
5.998913049697875977e-01 1.458110332489013672e+00 1.441195249557495117e+00 1.701498986221849918e-03 3.966887891292572021e-01 8.654765039682388306e-02 9.138624668121337891e-01
6.313940882682800293e-01 1.527643203735351562e+00 1.489531278610229492e+00 -3.095382126048207283e-03 3.843520879745483398e-01 8.582387119531631470e-02 9.191834330558776855e-01
6.809414029121398926e-01 1.608740925788879395e+00 1.536472439765930176e+00 -9.648647159337997437e-03 3.688856959342956543e-01 8.606038987636566162e-02 9.254317283630371094e-01
7.059536576271057129e-01 1.682321548461914062e+00 1.592993736267089844e+00 -1.728739589452743530e-02 3.520882725715637207e-01 8.850475400686264038e-02 9.316125512123107910e-01
7.495810985565185547e-01 1.768552541732788086e+00 1.661780118942260742e+00 -2.502872422337532043e-02 3.332020640373229980e-01 9.172549098730087280e-02 9.380492568016052246e-01
7.994503378868103027e-01 1.862394094467163086e+00 1.719825983047485352e+00 -3.439789637923240662e-02 3.117270171642303467e-01 9.574170410633087158e-02 9.447097778320312500e-01
8.509697318077087402e-01 1.955556631088256836e+00 1.777188777923583984e+00 -4.379986226558685303e-02 2.884732186794281006e-01 1.009732261300086975e-01 9.511409997940063477e-01
9.071941971778869629e-01 2.041049957275390625e+00 1.837730765342712402e+00 -5.456442758440971375e-02 2.642689347267150879e-01 1.083970367908477783e-01 9.567835330963134766e-01
9.959450364112854004e-01 2.174452781677246094e+00 1.923420906066894531e+00 -6.448277831077575684e-02 2.389611154794692993e-01 1.151828765869140625e-01 9.620147943496704102e-01
1.069375514984130859e+00 2.299850702285766602e+00 2.002544641494750977e+00 -7.337983697652816772e-02 2.129824906587600708e-01 1.225189268589019775e-01 9.665624499320983887e-01
1.135971307754516602e+00 2.425968408584594727e+00 2.082872152328491211e+00 -8.370066434144973755e-02 1.860319972038269043e-01 1.296636462211608887e-01 9.703471660614013672e-01
1.184997677803039551e+00 2.543108224868774414e+00 2.157279729843139648e+00 -9.639555960893630981e-02 1.588108539581298828e-01 1.368059962987899780e-01 9.730216860771179199e-01
1.216158509254455566e+00 2.641045570373535156e+00 2.226780652999877930e+00 -1.073267161846160889e-01 1.328526288270950317e-01 1.441677510738372803e-01 9.747034907341003418e-01
1.246066451072692871e+00 2.768352746963500977e+00 2.303062915802001953e+00 -1.181101724505424500e-01 1.058460250496864319e-01 1.488486379384994507e-01 9.760587811470031738e-01
1.264417290687561035e+00 2.901998758316040039e+00 2.380925893783569336e+00 -1.287083774805068970e-01 8.131115883588790894e-02 1.558275669813156128e-01 9.759817719459533691e-01
1.298912525177001953e+00 3.007641553878784180e+00 2.425387620925903320e+00 -1.384420245885848999e-01 5.675317719578742981e-02 1.623908877372741699e-01 9.753164052963256836e-01
1.339404940605163574e+00 3.123223543167114258e+00 2.479100704193115234e+00 -1.471467167139053345e-01 3.300927951931953430e-02 1.676782518625259399e-01 9.742392897605895996e-01
1.366239190101623535e+00 3.267748117446899414e+00 2.560919523239135742e+00 -1.554290503263473511e-01 1.183955743908882141e-02 1.719737052917480469e-01 9.726904630661010742e-01
1.431819200515747070e+00 3.416486024856567383e+00 2.627533197402954102e+00 -1.627444475889205933e-01 -8.349816314876079559e-03 1.761373132467269897e-01 9.707832932472229004e-01
1.502261042594909668e+00 3.597007036209106445e+00 2.721125125885009766e+00 -1.696237474679946899e-01 -2.610530145466327667e-02 1.799986660480499268e-01 9.685798287391662598e-01
1.577806353569030762e+00 3.772911787033081055e+00 2.802181482315063477e+00 -1.756003499031066895e-01 -4.165896400809288025e-02 1.837905794382095337e-01 9.662557244300842285e-01
1.649834990501403809e+00 3.950072050094604492e+00 2.885142087936401367e+00 -1.807098537683486938e-01 -5.429949983954429626e-02 1.864572614431381226e-01 9.641727805137634277e-01
1.751045346260070801e+00 4.122982025146484375e+00 2.973955154418945312e+00 -1.858788579702377319e-01 -6.603667140007019043e-02 1.893086582422256470e-01 9.618993997573852539e-01
1.846063256263732910e+00 4.309835433959960938e+00 3.057370185852050781e+00 -1.901856064796447754e-01 -7.478102296590805054e-02 1.911081224679946899e-01 9.600598216056823730e-01
1.941313624382019043e+00 4.504643917083740234e+00 3.150063753128051758e+00 -1.938172876834869385e-01 -8.212698251008987427e-02 1.928112506866455078e-01 9.583912491798400879e-01
2.062573909759521484e+00 4.690152645111083984e+00 3.235569477081298828e+00 -1.973252147436141968e-01 -8.822004497051239014e-02 1.946502476930618286e-01 9.567608237266540527e-01
2.170289516448974609e+00 4.898156642913818359e+00 3.349104881286621094e+00 -2.010049819946289062e-01 -9.300500899553298950e-02 1.976343542337417603e-01 9.549281597137451172e-01
2.276592016220092773e+00 5.096354961395263672e+00 3.449446678161621094e+00 -2.035051137208938599e-01 -9.644634276628494263e-02 1.992196440696716309e-01 9.537270665168762207e-01
2.397253990173339844e+00 5.281644821166992188e+00 3.547313451766967773e+00 -2.060299664735794067e-01 -9.837617725133895874e-02 2.008485943078994751e-01 9.526455998420715332e-01
2.502318143844604492e+00 5.474316596984863281e+00 3.673112869262695312e+00 -2.079562544822692871e-01 -9.995965659618377686e-02 2.022784948348999023e-01 9.517592191696166992e-01
2.488949775695800781e+00 5.355396747589111328e+00 3.646484136581420898e+00 -2.096394300460815430e-01 -1.015761643648147583e-01 2.044424414634704590e-01 9.507559537887573242e-01
2.360597610473632812e+00 5.170370578765869141e+00 3.568589448928833008e+00 -2.117528021335601807e-01 -1.011550873517990112e-01 2.050614506006240845e-01 9.501990675926208496e-01
2.258480787277221680e+00 4.991563320159912109e+00 3.499147176742553711e+00 -2.149551063776016235e-01 -1.019024848937988281e-01 2.069575041532516479e-01 9.489883184432983398e-01
2.191946029663085938e+00 4.832771778106689453e+00 3.424938440322875977e+00 -2.180406600236892700e-01 -1.044164374470710754e-01 2.102077007293701172e-01 9.472951889038085938e-01
2.067061424255371094e+00 4.644979000091552734e+00 3.346634149551391602e+00 -2.230103909969329834e-01 -1.026555299758911133e-01 2.121018022298812866e-01 9.459075331687927246e-01
1.930202007293701172e+00 4.474503517150878906e+00 3.282243490219116211e+00 -2.271082997322082520e-01 -1.022201851010322571e-01 2.142161428928375244e-01 9.445021152496337891e-01
1.820313215255737305e+00 4.303383350372314453e+00 3.208364009857177734e+00 -2.317067980766296387e-01 -1.038437336683273315e-01 2.166327834129333496e-01 9.426551461219787598e-01
1.715071201324462891e+00 4.116178989410400391e+00 3.122879266738891602e+00 -2.370596081018447876e-01 -1.052355915307998657e-01 2.189322710037231445e-01 9.406363964080810547e-01
1.608097553253173828e+00 3.930894136428833008e+00 3.040898084640502930e+00 -2.434937506914138794e-01 -1.074540615081787109e-01 2.212883532047271729e-01 9.381875395774841309e-01
1.500936269760131836e+00 3.756141185760498047e+00 2.965001106262207031e+00 -2.505567967891693115e-01 -1.107120737433433533e-01 2.243201732635498047e-01 9.352243542671203613e-01
1.397999882698059082e+00 3.577509880065917969e+00 2.890669107437133789e+00 -2.586880028247833252e-01 -1.145304292440414429e-01 2.283803373575210571e-01 9.315609335899353027e-01
1.295814871788024902e+00 3.397006511688232422e+00 2.806270599365234375e+00 -2.675577700138092041e-01 -1.189129501581192017e-01 2.337721288204193115e-01 9.271586537361145020e-01
1.172456383705139160e+00 3.216318607330322266e+00 2.708466053009033203e+00 -2.758018076419830322e-01 -1.234284639358520508e-01 2.382020801305770874e-01 9.230160117149353027e-01
1.048282861709594727e+00 3.037744522094726562e+00 2.616302967071533203e+00 -2.849929630756378174e-01 -1.279489248991012573e-01 2.428578734397888184e-01 9.183834195137023926e-01
9.274824261665344238e-01 2.855873823165893555e+00 2.526539087295532227e+00 -2.948127686977386475e-01 -1.333772540092468262e-01 2.484401911497116089e-01 9.130024313926696777e-01
7.741466760635375977e-01 2.674879550933837891e+00 2.427441120147705078e+00 -3.038334250450134277e-01 -1.377596855163574219e-01 2.532259225845336914e-01 9.080661535263061523e-01
6.585525274276733398e-01 2.500702857971191406e+00 2.349695920944213867e+00 -3.141076564788818359e-01 -1.452631503343582153e-01 2.597644329071044922e-01 9.015306234359741211e-01
5.375385284423828125e-01 2.322076559066772461e+00 2.272748947143554688e+00 -3.248538076877593994e-01 -1.510726511478424072e-01 2.660746276378631592e-01 8.949030041694641113e-01
4.151569604873657227e-01 2.139679431915283203e+00 2.193874359130859375e+00 -3.349376022815704346e-01 -1.574691236019134521e-01 2.720192372798919678e-01 8.882712125778198242e-01
2.970759868621826172e-01 1.959101796150207520e+00 2.112873554229736328e+00 -3.440658450126647949e-01 -1.637646853923797607e-01 2.775610089302062988e-01 8.819068670272827148e-01
1.833070963621139526e-01 1.778844952583312988e+00 2.035883188247680664e+00 -3.530122637748718262e-01 -1.703723520040512085e-01 2.832239866256713867e-01 8.752941489219665527e-01
7.277379184961318970e-02 1.592170000076293945e+00 1.960437059402465820e+00 -3.613579869270324707e-01 -1.761435121297836304e-01 2.881713211536407471e-01 8.691093921661376953e-01
-4.373461008071899414e-02 1.410274147987365723e+00 1.884974479675292969e+00 -3.687640428543090820e-01 -1.809069216251373291e-01 2.927272915840148926e-01 8.634793162345886230e-01
-1.512845754623413086e-01 1.234500408172607422e+00 1.813173532485961914e+00 -3.755350708961486816e-01 -1.854856908321380615e-01 2.975928485393524170e-01 8.579084873199462891e-01
-2.661299705505371094e-01 1.053603053092956543e+00 1.739767789840698242e+00 -3.811906576156616211e-01 -1.886737942695617676e-01 3.012189865112304688e-01 8.534418940544128418e-01
-3.687269687652587891e-01 8.705255389213562012e-01 1.672777295112609863e+00 -3.862902224063873291e-01 -1.912957131862640381e-01 3.049031794071197510e-01 8.492466807365417480e-01
-4.956719577312469482e-01 6.885747909545898438e-01 1.596325278282165527e+00 -3.891503810882568359e-01 -1.920318007469177246e-01 3.072117865085601807e-01 8.469395637512207031e-01
-6.131396889686584473e-01 5.044659376144409180e-01 1.520497083663940430e+00 -3.909911215305328369e-01 -1.912428587675094604e-01 3.090645670890808105e-01 8.455951809883117676e-01
-7.285141348838806152e-01 3.267617523670196533e-01 1.448553442955017090e+00 -3.913870751857757568e-01 -1.897944211959838867e-01 3.104216456413269043e-01 8.452411293983459473e-01
-8.502007722854614258e-01 1.497201025485992432e-01 1.373893380165100098e+00 -3.899667561054229736e-01 -1.863383054733276367e-01 3.106660246849060059e-01 8.465757966041564941e-01
-9.711346626281738281e-01 -2.887618541717529297e-02 1.305443763732910156e+00 -3.870382010936737061e-01 -1.813855022192001343e-01 3.100567162036895752e-01 8.492146730422973633e-01
-1.084951519966125488e+00 -2.042028456926345825e-01 1.238258838653564453e+00 -3.826760649681091309e-01 -1.752490401268005371e-01 3.090894520282745361e-01 8.528250455856323242e-01
-1.196402192115783691e+00 -3.774409890174865723e-01 1.172504663467407227e+00 -3.769921958446502686e-01 -1.675745993852615356e-01 3.074106872081756592e-01 8.574930429458618164e-01
-1.316513657569885254e+00 -5.566312074661254883e-01 1.106407284736633301e+00 -3.703168034553527832e-01 -1.581404954195022583e-01 3.046872019767761230e-01 8.631470203399658203e-01
-1.428936958312988281e+00 -7.453016042709350586e-01 1.043338537216186523e+00 -3.625801503658294678e-01 -1.475803107023239136e-01 3.013289570808410645e-01 8.694576025009155273e-01
-1.539125323295593262e+00 -9.184172749519348145e-01 9.866386055946350098e-01 -3.535670042037963867e-01 -1.365635097026824951e-01 2.978132665157318115e-01 8.761552572250366211e-01
-1.663246035575866699e+00 -1.096683502197265625e+00 9.267572164535522461e-01 -3.437577486038208008e-01 -1.243213340640068054e-01 2.933486700057983398e-01 8.833580017089843750e-01
-1.774137020111083984e+00 -1.285467624664306641e+00 8.699303865432739258e-01 -3.336385488510131836e-01 -1.114393025636672974e-01 2.887603640556335449e-01 8.904403448104858398e-01
-1.890339612960815430e+00 -1.470933437347412109e+00 8.129746317863464355e-01 -3.220188915729522705e-01 -9.850467741489410400e-02 2.834821641445159912e-01 8.979078531265258789e-01
-2.005692481994628906e+00 -1.646535634994506836e+00 7.688226699829101562e-01 -3.102507889270782471e-01 -8.582331240177154541e-02 2.783709764480590820e-01 9.049245119094848633e-01
-2.107520580291748047e+00 -1.843084573745727539e+00 7.252731323242187500e-01 -2.987885177135467529e-01 -7.271812856197357178e-02 2.729111909866333008e-01 9.115684032440185547e-01
-2.232563018798828125e+00 -2.053461790084838867e+00 6.889224052429199219e-01 -2.871651649475097656e-01 -5.875511467456817627e-02 2.665718197822570801e-01 9.181631207466125488e-01
-2.359430313110351562e+00 -2.221448898315429688e+00 6.616824865341186523e-01 -2.746145129203796387e-01 -4.571363702416419983e-02 2.604966163635253906e-01 9.244666695594787598e-01
-2.488683223724365234e+00 -2.391030550003051758e+00 6.406169533729553223e-01 -2.616535425186157227e-01 -3.353969007730484009e-02 2.542374432086944580e-01 9.304707646369934082e-01
-2.597228765487670898e+00 -2.605308055877685547e+00 6.184945702552795410e-01 -2.501445412635803223e-01 -2.105478569865226746e-02 2.478088289499282837e-01 9.357217550277709961e-01
-2.715435028076171875e+00 -2.781279563903808594e+00 6.223124861717224121e-01 -2.379536926746368408e-01 -1.117174327373504639e-02 2.420016825199127197e-01 9.405787587165832520e-01
-2.833201408386230469e+00 -2.922060966491699219e+00 6.572127342224121094e-01 -2.259063720703125000e-01 -1.079769222997128963e-03 2.365127056837081909e-01 9.450010061264038086e-01
-2.954119205474853516e+00 -3.083305597305297852e+00 6.887365579605102539e-01 -2.144258767366409302e-01 8.070926181972026825e-03 2.309214621782302856e-01 9.490161538124084473e-01
-3.056220769882202148e+00 -3.192006349563598633e+00 7.539126873016357422e-01 -2.040150314569473267e-01 1.526756212115287781e-02 2.266353368759155273e-01 9.522505998611450195e-01
-3.156702280044555664e+00 -3.321081876754760742e+00 8.111900687217712402e-01 -1.955627202987670898e-01 2.119539491832256317e-02 2.225751280784606934e-01 9.548645615577697754e-01
-3.257781267166137695e+00 -3.448108196258544922e+00 8.695315718650817871e-01 -1.894922703504562378e-01 2.496500872075557709e-02 2.198470383882522583e-01 9.566277861595153809e-01
-3.359780788421630859e+00 -3.576375007629394531e+00 9.269082546234130859e-01 -1.855362206697463989e-01 2.714479155838489532e-02 2.179975956678390503e-01 9.577664136886596680e-01
-3.458576917648315430e+00 -3.715471744537353516e+00 9.761942028999328613e-01 -1.833301633596420288e-01 2.788903191685676575e-02 2.170803844928741455e-01 9.583780169486999512e-01
-3.559960842132568359e+00 -3.858154773712158203e+00 1.025570511817932129e+00 -1.825909465551376343e-01 2.752718143165111542e-02 2.166219949722290039e-01 9.586332440376281738e-01
-3.661748170852661133e+00 -4.001083374023437500e+00 1.074422240257263184e+00 -1.832143515348434448e-01 2.515443414449691772e-02 2.168211191892623901e-01 9.585344791412353516e-01
-3.763267755508422852e+00 -4.141727447509765625e+00 1.124582171440124512e+00 -1.850005090236663818e-01 2.248535305261611938e-02 2.178560346364974976e-01 9.580229520797729492e-01
-3.877564907073974609e+00 -4.278858661651611328e+00 1.183276653289794922e+00 -1.902067065238952637e-01 1.785458438098430634e-02 2.197084575891494751e-01 9.566769599914550781e-01
-3.989493370056152344e+00 -4.410418033599853516e+00 1.241879105567932129e+00 -1.984643191099166870e-01 1.217581424862146378e-02 2.223279774188995361e-01 9.544809460639953613e-01
-4.096105575561523438e+00 -4.537709712982177734e+00 1.297769069671630859e+00 -2.078177928924560547e-01 5.604684352874755859e-03 2.249936163425445557e-01 9.519234299659729004e-01
-4.201481342315673828e+00 -4.660760402679443359e+00 1.350423455238342285e+00 -2.178400307893753052e-01 1.928634883370250463e-04 2.284000813961029053e-01 9.488830566406250000e-01
-4.306583881378173828e+00 -4.776589870452880859e+00 1.403007388114929199e+00 -2.279596179723739624e-01 -7.217233069241046906e-03 2.312280386686325073e-01 9.457885026931762695e-01
-4.414779663085937500e+00 -4.920534610748291016e+00 1.436437487602233887e+00 -2.382409572601318359e-01 -1.516669988632202148e-02 2.345313578844070435e-01 9.423408508300781250e-01
-4.550137996673583984e+00 -5.016482830047607422e+00 1.484163522720336914e+00 -2.490440756082534790e-01 -2.241974137723445892e-02 2.377116233110427856e-01 9.385987520217895508e-01
-4.683262348175048828e+00 -5.113569259643554688e+00 1.521799921989440918e+00 -2.597995996475219727e-01 -2.942249737679958344e-02 2.407460063695907593e-01 9.347084164619445801e-01
-4.833149909973144531e+00 -5.222394943237304688e+00 1.542890548706054688e+00 -2.700937092304229736e-01 -3.594163432717323303e-02 2.432718575000762939e-01 9.309008121490478516e-01
-4.976889133453369141e+00 -5.325993061065673828e+00 1.533271312713623047e+00 -2.793000340461730957e-01 -4.186874628067016602e-02 2.460262179374694824e-01 9.272052645683288574e-01
-5.117339611053466797e+00 -5.428322792053222656e+00 1.508414864540100098e+00 -2.878234088420867920e-01 -4.649550840258598328e-02 2.481891959905624390e-01 9.237954020500183105e-01
-5.278010368347167969e+00 -5.547170162200927734e+00 1.466346740722656250e+00 -2.953846454620361328e-01 -5.058529227972030640e-02 2.500107586383819580e-01 9.206973910331726074e-01
-5.439270019531250000e+00 -5.643841266632080078e+00 1.420564651489257812e+00 -3.020006120204925537e-01 -5.421876907348632812e-02 2.512173056602478027e-01 9.180118441581726074e-01
-5.595241546630859375e+00 -5.766485691070556641e+00 1.267627954483032227e+00 -3.054091334342956543e-01 -5.427311733365058899e-02 2.509170472621917725e-01 9.169625639915466309e-01
-5.706389427185058594e+00 -5.857863903045654297e+00 1.050362467765808105e+00 -3.055858910083770752e-01 -5.403484404087066650e-02 2.510009109973907471e-01 9.168947935104370117e-01
-5.808979034423828125e+00 -5.949818611145019531e+00 8.242177963256835938e-01 -3.049726486206054688e-01 -5.225193500518798828e-02 2.503555715084075928e-01 9.173786044120788574e-01
-5.860532283782958984e+00 -6.040595531463623047e+00 5.765787363052368164e-01 -3.025202751159667969e-01 -4.971767589449882507e-02 2.498275339603424072e-01 9.184747338294982910e-01
-5.899923324584960938e+00 -6.145428657531738281e+00 3.209192752838134766e-01 -2.984822094440460205e-01 -4.644501581788063049e-02 2.488371878862380981e-01 9.202343821525573730e-01
-5.941444873809814453e+00 -6.248927593231201172e+00 6.548032164573669434e-02 -2.933309674263000488e-01 -4.287087544798851013e-02 2.482744306325912476e-01 9.222140908241271973e-01
-6.014904022216796875e+00 -6.314979553222656250e+00 -1.683517098426818848e-01 -2.881135344505310059e-01 -4.013626277446746826e-02 2.482926994562149048e-01 9.239752888679504395e-01
-6.132472038269042969e+00 -6.384850978851318359e+00 -3.999402821063995361e-01 -2.825573086738586426e-01 -3.654859215021133423e-02 2.477625012397766113e-01 9.259801506996154785e-01
-6.261889934539794922e+00 -6.446776390075683594e+00 -6.303180456161499023e-01 -2.763127982616424561e-01 -3.301145881414413452e-02 2.473016977310180664e-01 9.281181693077087402e-01
-6.393891811370849609e+00 -6.506576061248779297e+00 -8.583148717880249023e-01 -2.696993052959442139e-01 -2.886842563748359680e-02 2.466046214103698730e-01 9.303843379020690918e-01
-6.496682643890380859e+00 -6.588360786437988281e+00 -1.104861140251159668e+00 -2.623918652534484863e-01 -2.500788681209087372e-02 2.461825013160705566e-01 9.326946735382080078e-01
-6.587161540985107422e+00 -6.715427398681640625e+00 -1.352145433425903320e+00 -2.550702691078186035e-01 -2.059782296419143677e-02 2.449521571397781372e-01 9.351541996002197266e-01
-6.654108047485351562e+00 -6.877998352050781250e+00 -1.571714043617248535e+00 -2.485260665416717529e-01 -1.616986654698848724e-02 2.433999925851821899e-01 9.374058842658996582e-01
-6.703682422637939453e+00 -7.058395385742187500e+00 -1.791144609451293945e+00 -2.417096495628356934e-01 -1.218174491077661514e-02 2.422108799219131470e-01 9.395541548728942871e-01
-6.784120559692382812e+00 -7.243138790130615234e+00 -1.996460556983947754e+00 -2.355217784643173218e-01 -9.177826344966888428e-03 2.409720122814178467e-01 9.414763450622558594e-01
-6.882181167602539062e+00 -7.412293910980224609e+00 -2.197957277297973633e+00 -2.295058965682983398e-01 -7.341507356613874435e-03 2.402927875518798828e-01 9.431503415107727051e-01
-7.004093170166015625e+00 -7.594493389129638672e+00 -2.406100749969482422e+00 -2.237957119941711426e-01 -5.538053344935178757e-03 2.393744289875030518e-01 9.447669982910156250e-01
-7.131795883178710938e+00 -7.773232460021972656e+00 -2.611605882644653320e+00 -2.181865870952606201e-01 -4.973920527845621109e-03 2.391186356544494629e-01 9.461459517478942871e-01
-7.252721309661865234e+00 -7.952921867370605469e+00 -2.805996656417846680e+00 -2.132666707038879395e-01 -6.467036437243223190e-03 2.395878136157989502e-01 9.471394419670104980e-01
-7.397072792053222656e+00 -8.154304504394531250e+00 -2.983718156814575195e+00 -2.095769941806793213e-01 -8.459252305328845978e-03 2.397084832191467285e-01 9.479165077209472656e-01
-7.542543411254882812e+00 -8.357651710510253906e+00 -3.150564193725585938e+00 -2.067657411098480225e-01 -1.235630456358194351e-02 2.402428686618804932e-01 9.483557939529418945e-01
-7.702501296997070312e+00 -8.560121536254882812e+00 -3.303830385208129883e+00 -2.047016769647598267e-01 -1.772337220609188080e-02 2.417157292366027832e-01 9.483441114425659180e-01
-7.867623805999755859e+00 -8.769464492797851562e+00 -3.453598260879516602e+00 -2.033607214689254761e-01 -2.469205670058727264e-02 2.435882091522216797e-01 9.479976296424865723e-01
-8.037901878356933594e+00 -8.996371269226074219e+00 -3.572289705276489258e+00 -2.042232453823089600e-01 -3.362612426280975342e-02 2.446195334196090698e-01 9.472715854644775391e-01
-8.178554534912109375e+00 -9.210720062255859375e+00 -3.718361616134643555e+00 -2.043870538473129272e-01 -4.410132020711898804e-02 2.471692115068435669e-01 9.461439847946166992e-01
-8.308182716369628906e+00 -9.425262451171875000e+00 -3.852820634841918945e+00 -2.058294564485549927e-01 -5.571463331580162048e-02 2.499307543039321899e-01 9.444918036460876465e-01
-8.433813095092773438e+00 -9.647899627685546875e+00 -3.975574731826782227e+00 -2.087116092443466187e-01 -6.778824329376220703e-02 2.521446049213409424e-01 9.424793124198913574e-01
-8.494216918945312500e+00 -9.889042854309082031e+00 -4.105092525482177734e+00 -2.132950872182846069e-01 -8.290438354015350342e-02 2.540104091167449951e-01 9.397397041320800781e-01
-8.589544296264648438e+00 -1.012008190155029297e+01 -4.244214057922363281e+00 -2.173703759908676147e-01 -9.580350667238235474e-02 2.559458315372467041e-01 9.370504617691040039e-01
-8.680992126464843750e+00 -1.034391593933105469e+01 -4.397817611694335938e+00 -2.209752351045608521e-01 -1.081159412860870361e-01 2.583155632019042969e-01 9.342130422592163086e-01
-8.727126121520996094e+00 -1.056647968292236328e+01 -4.577845573425292969e+00 -2.240694612264633179e-01 -1.215693280100822449e-01 2.614823579788208008e-01 9.309354424476623535e-01
-8.765687942504882812e+00 -1.078070735931396484e+01 -4.749211311340332031e+00 -2.277416437864303589e-01 -1.349532902240753174e-01 2.653067409992218018e-01 9.271103739738464355e-01
-8.778725624084472656e+00 -1.100635623931884766e+01 -4.937181472778320312e+00 -2.311629652976989746e-01 -1.484781950712203979e-01 2.683564126491546631e-01 9.233107566833496094e-01
-8.789633750915527344e+00 -1.120552253723144531e+01 -5.110668182373046875e+00 -2.342117279767990112e-01 -1.620101034641265869e-01 2.721513509750366211e-01 9.191470146179199219e-01
-8.748913764953613281e+00 -1.142838001251220703e+01 -5.294464111328125000e+00 -2.381918430328369141e-01 -1.757739186286926270e-01 2.758222520351409912e-01 9.144890308380126953e-01
-8.702070236206054688e+00 -1.161251640319824219e+01 -5.441399097442626953e+00 -2.414259016513824463e-01 -1.896542310714721680e-01 2.798950374126434326e-01 9.096172451972961426e-01
-8.628738403320312500e+00 -1.182448291778564453e+01 -5.570492267608642578e+00 -2.447221726179122925e-01 -2.027706503868103027e-01 2.834410369396209717e-01 9.047963023185729980e-01
-8.566153526306152344e+00 -1.204915046691894531e+01 -5.526259899139404297e+00 -2.479557693004608154e-01 -2.143753767013549805e-01 2.861136496067047119e-01 9.003888964653015137e-01
-8.582497596740722656e+00 -1.209188652038574219e+01 -5.294075965881347656e+00 -2.502808570861816406e-01 -2.254619598388671875e-01 2.891798317432403564e-01 8.960476517677307129e-01
-8.607876777648925781e+00 -1.207773590087890625e+01 -5.049937725067138672e+00 -2.524618506431579590e-01 -2.366947233676910400e-01 2.923892438411712646e-01 8.914859294891357422e-01
-8.635843276977539062e+00 -1.205525684356689453e+01 -4.815183639526367188e+00 -2.547396123409271240e-01 -2.470132857561111450e-01 2.950161397457122803e-01 8.871626853942871094e-01
-8.666420936584472656e+00 -1.203410339355468750e+01 -4.592957496643066406e+00 -2.569803595542907715e-01 -2.554841935634613037e-01 2.971612811088562012e-01 8.833935260772705078e-01
-8.711293220520019531e+00 -1.199770355224609375e+01 -4.387511253356933594e+00 -2.581868469715118408e-01 -2.623606026172637939e-01 2.994530797004699707e-01 8.802467584609985352e-01
-8.752839088439941406e+00 -1.196426868438720703e+01 -4.186596870422363281e+00 -2.591257691383361816e-01 -2.682454586029052734e-01 3.014234900474548340e-01 8.775203824043273926e-01
-8.793410301208496094e+00 -1.192573738098144531e+01 -3.991568803787231445e+00 -2.600571811199188232e-01 -2.733596861362457275e-01 3.033571839332580566e-01 8.749966621398925781e-01
-8.851717948913574219e+00 -1.190296173095703125e+01 -3.830505847930908203e+00 -2.597574591636657715e-01 -2.755572497844696045e-01 3.044777214527130127e-01 8.740066289901733398e-01
-8.909742355346679688e+00 -1.186350345611572266e+01 -3.659819126129150391e+00 -2.590356767177581787e-01 -2.777995169162750244e-01 3.055744767189025879e-01 8.731278181076049805e-01
-8.954691886901855469e+00 -1.183363819122314453e+01 -3.495346546173095703e+00 -2.583922147750854492e-01 -2.793145179748535156e-01 3.063342869281768799e-01 8.725687265396118164e-01
-8.995663642883300781e+00 -1.179764747619628906e+01 -3.345827817916870117e+00 -2.571422457695007324e-01 -2.796716094017028809e-01 3.074971437454223633e-01 8.724145293235778809e-01
-9.034463882446289062e+00 -1.177912998199462891e+01 -3.204991340637207031e+00 -2.557637989521026611e-01 -2.787501215934753418e-01 3.081109821796417236e-01 8.728979825973510742e-01
-9.062947273254394531e+00 -1.176260948181152344e+01 -3.065377235412597656e+00 -2.547625303268432617e-01 -2.773520946502685547e-01 3.086770772933959961e-01 8.734359145164489746e-01
-9.092035293579101562e+00 -1.173386001586914062e+01 -2.932051181793212891e+00 -2.526132762432098389e-01 -2.750742137432098389e-01 3.094096183776855469e-01 8.745206594467163086e-01
-9.113072395324707031e+00 -1.170209503173828125e+01 -2.807493448257446289e+00 -2.498272508382797241e-01 -2.721775472164154053e-01 3.100430965423583984e-01 8.760017156600952148e-01
-9.137159347534179688e+00 -1.166723442077636719e+01 -2.687723159790039062e+00 -2.467007488012313843e-01 -2.686374783515930176e-01 3.106019496917724609e-01 8.777807950973510742e-01
-9.185559272766113281e+00 -1.164698505401611328e+01 -2.597785234451293945e+00 -2.421630024909973145e-01 -2.620912194252014160e-01 3.098820149898529053e-01 8.812709450721740723e-01
-9.210091590881347656e+00 -1.162909698486328125e+01 -2.498633146286010742e+00 -2.385089397430419922e-01 -2.561352849006652832e-01 3.096002340316772461e-01 8.841130733489990234e-01
-9.234944343566894531e+00 -1.161025238037109375e+01 -2.412469387054443359e+00 -2.339042574167251587e-01 -2.490631639957427979e-01 3.091577589511871338e-01 8.875121474266052246e-01
-9.254641532897949219e+00 -1.157801723480224609e+01 -2.332761526107788086e+00 -2.281845957040786743e-01 -2.415172308683395386e-01 3.093116879463195801e-01 8.910261392593383789e-01
-9.290436744689941406e+00 -1.156098461151123047e+01 -2.268851518630981445e+00 -2.219638079404830933e-01 -2.318816930055618286e-01 3.081101775169372559e-01 8.955618739128112793e-01
-9.315279006958007812e+00 -1.153774547576904297e+01 -2.208726167678833008e+00 -2.155814170837402344e-01 -2.218409925699234009e-01 3.072712123394012451e-01 8.999420404434204102e-01
-9.336793899536132812e+00 -1.151993751525878906e+01 -2.148693084716796875e+00 -2.089596688747406006e-01 -2.115025967359542847e-01 3.056941032409667969e-01 9.045184254646301270e-01
-9.345319747924804688e+00 -1.150305557250976562e+01 -2.087651252746582031e+00 -2.029670029878616333e-01 -2.009645253419876099e-01 3.048089444637298584e-01 9.085753560066223145e-01
-9.365969657897949219e+00 -1.150278854370117188e+01 -2.046394348144531250e+00 -1.960329711437225342e-01 -1.887058168649673462e-01 3.021530508995056152e-01 9.135998487472534180e-01
-9.381316184997558594e+00 -1.149513530731201172e+01 -2.018222332000732422e+00 -1.870951652526855469e-01 -1.764181554317474365e-01 2.990745306015014648e-01 9.189268350601196289e-01
-9.394778251647949219e+00 -1.149000549316406250e+01 -1.995604276657104492e+00 -1.787663847208023071e-01 -1.632876843214035034e-01 2.964787781238555908e-01 9.238398671150207520e-01
-9.404619216918945312e+00 -1.149459171295166016e+01 -1.981625080108642578e+00 -1.705654710531234741e-01 -1.496064364910125732e-01 2.932156920433044434e-01 9.287356734275817871e-01
-9.401471138000488281e+00 -1.149652576446533203e+01 -1.976054787635803223e+00 -1.620925068855285645e-01 -1.360237151384353638e-01 2.907866835594177246e-01 9.330951571464538574e-01
-9.402359962463378906e+00 -1.149523067474365234e+01 -1.968039989471435547e+00 -1.541507691144943237e-01 -1.223255470395088196e-01 2.884940803050994873e-01 9.370406270027160645e-01
-9.396974563598632812e+00 -1.149730777740478516e+01 -1.962860822677612305e+00 -1.457115411758422852e-01 -1.088679209351539612e-01 2.861622273921966553e-01 9.407587647438049316e-01
-9.407320976257324219e+00 -1.150380039215087891e+01 -1.959883093833923340e+00 -1.368015408515930176e-01 -9.457740187644958496e-02 2.829525172710418701e-01 9.446048736572265625e-01
-9.408656120300292969e+00 -1.150565910339355469e+01 -1.951360464096069336e+00 -1.283656656742095947e-01 -8.106381446123123169e-02 2.805431783199310303e-01 9.477586150169372559e-01
-9.416032791137695312e+00 -1.150762653350830078e+01 -1.940957069396972656e+00 -1.198517605662345886e-01 -6.742751598358154297e-02 2.780526280403137207e-01 9.506712555885314941e-01
-9.427742004394531250e+00 -1.151181030273437500e+01 -1.929552674293518066e+00 -1.113151833415031433e-01 -5.435292050242424011e-02 2.755592465400695801e-01 9.532690048217773438e-01
-9.436820030212402344e+00 -1.151659202575683594e+01 -1.917604923248291016e+00 -1.030783429741859436e-01 -4.187796264886856079e-02 2.736397981643676758e-01 9.553754925727844238e-01
-9.454994201660156250e+00 -1.152076053619384766e+01 -1.898473143577575684e+00 -9.557396173477172852e-02 -2.994270622730255127e-02 2.724183201789855957e-01 9.569520950317382812e-01
-9.478617668151855469e+00 -1.151795387268066406e+01 -1.866796731948852539e+00 -8.805443346500396729e-02 -1.884726062417030334e-02 2.709678709506988525e-01 9.583671689033508301e-01
-9.491244316101074219e+00 -1.152566814422607422e+01 -1.850394487380981445e+00 -8.104779571294784546e-02 -8.314617909491062164e-03 2.700949907302856445e-01 9.593804478645324707e-01
-9.514897346496582031e+00 -1.152092456817626953e+01 -1.811658501625061035e+00 -7.445626705884933472e-02 9.988433448597788811e-04 2.695183455944061279e-01 9.601120352745056152e-01
-9.528922080993652344e+00 -1.152851867675781250e+01 -1.783898949623107910e+00 -6.934494525194168091e-02 9.430824778974056244e-03 2.707871198654174805e-01 9.600920081138610840e-01
-9.544588088989257812e+00 -1.154171276092529297e+01 -1.763683438301086426e+00 -6.453388929367065430e-02 1.686706580221652985e-02 2.717413902282714844e-01 9.600560069084167480e-01
-9.572673797607421875e+00 -1.155296421051025391e+01 -1.730443477630615234e+00 -6.023351475596427917e-02 2.278261817991733551e-02 2.727843821048736572e-01 9.599174857139587402e-01
-9.589348793029785156e+00 -1.156002330780029297e+01 -1.694119095802307129e+00 -6.045557186007499695e-02 2.713866531848907471e-02 2.745233774185180664e-01 9.592942595481872559e-01
-9.617032051086425781e+00 -1.155741024017333984e+01 -1.637231230735778809e+00 -6.065908819437026978e-02 3.071371652185916901e-02 2.764883339405059814e-01 9.586091041564941406e-01
-9.654690742492675781e+00 -1.153921127319335938e+01 -1.565101385116577148e+00 -6.024102866649627686e-02 3.233320266008377075e-02 2.797166109085083008e-01 9.576451182365417480e-01
-9.682636260986328125e+00 -1.152811336517333984e+01 -1.496975302696228027e+00 -6.030550599098205566e-02 3.249045088887214661e-02 2.836085855960845947e-01 9.564903974533081055e-01
-9.711355209350585938e+00 -1.152762794494628906e+01 -1.437669754028320312e+00 -6.053472310304641724e-02 3.193148225545883179e-02 2.879328429698944092e-01 9.552018642425537109e-01
-9.749880790710449219e+00 -1.150599765777587891e+01 -1.354141354560852051e+00 -5.978703498840332031e-02 2.955493330955505371e-02 2.927707135677337646e-01 9.538539052009582520e-01
-9.780909538269042969e+00 -1.149888610839843750e+01 -1.279591441154479980e+00 -5.990300700068473816e-02 2.675769291818141937e-02 2.972585260868072510e-01 9.525402784347534180e-01
-9.823730468750000000e+00 -1.146543407440185547e+01 -1.169835090637207031e+00 -5.969264358282089233e-02 2.229181677103042603e-02 3.028767108917236328e-01 9.508972167968750000e-01
-9.853270530700683594e+00 -1.144094657897949219e+01 -1.069275021553039551e+00 -6.036680191755294800e-02 1.677618734538555145e-02 3.102645874023437500e-01 9.485833048820495605e-01
-9.881946563720703125e+00 -1.142374897003173828e+01 -9.895030260086059570e-01 -6.226688995957374573e-02 1.000497024506330490e-02 3.162859380245208740e-01 9.465653300285339355e-01
-9.913186073303222656e+00 -1.142949962615966797e+01 -9.229860901832580566e-01 -6.811806559562683105e-02 3.065724391490221024e-03 3.230074346065521240e-01 9.439368247985839844e-01
-9.955000877380371094e+00 -1.139583301544189453e+01 -8.039677739143371582e-01 -7.453496009111404419e-02 -5.364160053431987762e-03 3.291977941989898682e-01 9.412993788719177246e-01
-9.999807357788085938e+00 -1.138267803192138672e+01 -7.079488039016723633e-01 -8.182705938816070557e-02 -1.474897284060716629e-02 3.359476923942565918e-01 9.382035732269287109e-01
-1.004877567291259766e+01 -1.135765171051025391e+01 -5.975649356842041016e-01 -8.987317234277725220e-02 -2.499016933143138885e-02 3.418838083744049072e-01 9.351009726524353027e-01
-1.009874153137207031e+01 -1.134683704376220703e+01 -4.973464906215667725e-01 -9.919142723083496094e-02 -3.595844656229019165e-02 3.479582667350769043e-01 9.315541386604309082e-01
-1.015065956115722656e+01 -1.131709098815917969e+01 -3.772231042385101318e-01 -1.091790646314620972e-01 -4.811950027942657471e-02 3.537746667861938477e-01 9.276895523071289062e-01
-1.020462417602539062e+01 -1.129935264587402344e+01 -2.633849978446960449e-01 -1.206163242459297180e-01 -6.069449335336685181e-02 3.590283095836639404e-01 9.235077500343322754e-01
-1.025754737854003906e+01 -1.128102397918701172e+01 -1.427930295467376709e-01 -1.333719193935394287e-01 -7.384825497865676880e-02 3.644431829452514648e-01 9.186618328094482422e-01
-1.031382369995117188e+01 -1.126232814788818359e+01 -2.645439654588699341e-02 -1.467082649469375610e-01 -8.793354779481887817e-02 3.691287338733673096e-01 9.135033488273620605e-01
-1.037502479553222656e+01 -1.124235343933105469e+01 9.211890399456024170e-02 -1.612162142992019653e-01 -1.024619117379188538e-01 3.735521137714385986e-01 9.077277779579162598e-01
-1.042960929870605469e+01 -1.122899150848388672e+01 2.102774679660797119e-01 -1.773318052291870117e-01 -1.174810305237770081e-01 3.777554333209991455e-01 9.011395573616027832e-01
-1.048732662200927734e+01 -1.121459770202636719e+01 3.259841203689575195e-01 -1.940559297800064087e-01 -1.327331960201263428e-01 3.810919225215911865e-01 8.941438198089599609e-01
-1.054781723022460938e+01 -1.119818782806396484e+01 4.436916112899780273e-01 -2.113814502954483032e-01 -1.481390744447708130e-01 3.837545812129974365e-01 8.866257071495056152e-01
-1.061268997192382812e+01 -1.118593788146972656e+01 5.584378242492675781e-01 -2.293118685483932495e-01 -1.635267734527587891e-01 3.857538402080535889e-01 8.785607814788818359e-01
-1.068060874938964844e+01 -1.117796230316162109e+01 6.745635271072387695e-01 -2.477657943964004517e-01 -1.791797280311584473e-01 3.875257074832916260e-01 8.696727156639099121e-01
-1.075633335113525391e+01 -1.118255519866943359e+01 7.757450938224792480e-01 -2.657606005668640137e-01 -1.937907040119171143e-01 3.879810273647308350e-01 8.609803318977355957e-01
-1.082532691955566406e+01 -1.117957592010498047e+01 8.866473436355590820e-01 -2.840067148208618164e-01 -2.087661474943161011e-01 3.881160616874694824e-01 8.515414595603942871e-01
-1.089392185211181641e+01 -1.117283344268798828e+01 9.993386864662170410e-01 -3.016975224018096924e-01 -2.232563942670822144e-01 3.875639736652374268e-01 8.419794440269470215e-01
-1.097748756408691406e+01 -1.118510341644287109e+01 1.097592234611511230e+00 -3.188527822494506836e-01 -2.369987517595291138e-01 3.861663341522216797e-01 8.324902653694152832e-01
-1.106448268890380859e+01 -1.120075988769531250e+01 1.191032409667968750e+00 -3.345735967159271240e-01 -2.504366934299468994e-01 3.824968934059143066e-01 8.240376710891723633e-01
-1.114966583251953125e+01 -1.121439743041992188e+01 1.286441802978515625e+00 -3.494978249073028564e-01 -2.631903290748596191e-01 3.781596720218658447e-01 8.158292770385742188e-01
-1.123574161529541016e+01 -1.123021984100341797e+01 1.378720998764038086e+00 -3.632487952709197998e-01 -2.750514745712280273e-01 3.733459413051605225e-01 8.080902099609375000e-01
-1.133281707763671875e+01 -1.125878906250000000e+01 1.456363558769226074e+00 -3.757147789001464844e-01 -2.856231331825256348e-01 3.683583140373229980e-01 8.009806275367736816e-01
-1.142322349548339844e+01 -1.128177165985107422e+01 1.541764259338378906e+00 -3.872753083705902100e-01 -2.952256202697753906e-01 3.634096682071685791e-01 7.942248582839965820e-01
-1.151504516601562500e+01 -1.130183887481689453e+01 1.625667333602905273e+00 -3.973967134952545166e-01 -3.033983707427978516e-01 3.588655292987823486e-01 7.881882786750793457e-01
-1.161751270294189453e+01 -1.133806228637695312e+01 1.691990613937377930e+00 -4.061293601989746094e-01 -3.096178174018859863e-01 3.547430336475372314e-01 7.831686735153198242e-01
-1.171601104736328125e+01 -1.137183094024658203e+01 1.762574672698974609e+00 -4.137556254863739014e-01 -3.143313825130462646e-01 3.510719835758209229e-01 7.789419293403625488e-01
-1.181212902069091797e+01 -1.140862941741943359e+01 1.825883626937866211e+00 -4.195138216018676758e-01 -3.167869746685028076e-01 3.479627966880798340e-01 7.762577533721923828e-01
-1.192076587677001953e+01 -1.145237922668457031e+01 1.876727581024169922e+00 -4.228429496288299561e-01 -3.185619711875915527e-01 3.431926667690277100e-01 7.758485078811645508e-01
-1.201855754852294922e+01 -1.149372291564941406e+01 1.924034476280212402e+00 -4.234143793582916260e-01 -3.194198906421661377e-01 3.371410071849822998e-01 7.778348922729492188e-01
-1.211815834045410156e+01 -1.154368877410888672e+01 1.970391154289245605e+00 -4.217387437820434570e-01 -3.182623088359832764e-01 3.304686248302459717e-01 7.820716500282287598e-01
-1.221989917755126953e+01 -1.158689880371093750e+01 2.007890224456787109e+00 -4.176667034626007080e-01 -3.159090280532836914e-01 3.241474628448486328e-01 7.878352999687194824e-01
-1.233247089385986328e+01 -1.164226627349853516e+01 2.041875600814819336e+00 -4.116123318672180176e-01 -3.114469349384307861e-01 3.169629871845245361e-01 7.956824302673339844e-01
-1.243844604492187500e+01 -1.169067192077636719e+01 2.075219869613647461e+00 -4.035679399967193604e-01 -3.058429658412933350e-01 3.097669780254364014e-01 8.047592639923095703e-01
-1.255025672912597656e+01 -1.173612880706787109e+01 2.101634025573730469e+00 -3.934333622455596924e-01 -2.988511621952056885e-01 3.024210929870605469e-01 8.151316642761230469e-01
-1.265813255310058594e+01 -1.178427219390869141e+01 2.129748344421386719e+00 -3.818580210208892822e-01 -2.907162904739379883e-01 2.948775291442871094e-01 8.262661099433898926e-01
-1.277680110931396484e+01 -1.182902622222900391e+01 2.156321525573730469e+00 -3.688024878501892090e-01 -2.812175452709197998e-01 2.871875464916229248e-01 8.381078243255615234e-01
-1.289552116394042969e+01 -1.188548374176025391e+01 2.175730466842651367e+00 -3.545582890510559082e-01 -2.704736292362213135e-01 2.792339324951171875e-01 8.503886461257934570e-01
-1.299148941040039062e+01 -1.192960643768310547e+01 2.198838233947753906e+00 -3.389013409614562988e-01 -2.594543695449829102e-01 2.713468372821807861e-01 8.626704216003417969e-01
-1.309439182281494141e+01 -1.196828365325927734e+01 2.229409456253051758e+00 -3.223634660243988037e-01 -2.475856244564056396e-01 2.634770274162292480e-01 8.748502731323242188e-01
-1.321563816070556641e+01 -1.200625705718994141e+01 2.255885362625122070e+00 -3.048589229583740234e-01 -2.348461151123046875e-01 2.556306719779968262e-01 8.868829011917114258e-01
-1.332756710052490234e+01 -1.204421901702880859e+01 2.293690681457519531e+00 -2.872597277164459229e-01 -2.218910008668899536e-01 2.475774586200714111e-01 8.983048796653747559e-01
-1.344751453399658203e+01 -1.206804752349853516e+01 2.333204030990600586e+00 -2.688308060169219971e-01 -2.087593972682952881e-01 2.400528043508529663e-01 9.091337323188781738e-01
-1.356029415130615234e+01 -1.209877300262451172e+01 2.375969409942626953e+00 -2.505056858062744141e-01 -1.953646689653396606e-01 2.322913259267807007e-01 9.193042516708374023e-01
-1.366711139678955078e+01 -1.213043212890625000e+01 2.416786193847656250e+00 -2.323511391878128052e-01 -1.821756362915039062e-01 2.249653488397598267e-01 9.285556077957153320e-01
-1.377178573608398438e+01 -1.215470123291015625e+01 2.457366704940795898e+00 -2.138375639915466309e-01 -1.689972728490829468e-01 2.177854925394058228e-01 9.371674656867980957e-01
-1.387729358673095703e+01 -1.217617416381835938e+01 2.502537965774536133e+00 -1.959130614995956421e-01 -1.562803387641906738e-01 2.114786058664321899e-01 9.447069764137268066e-01
-1.399212932586669922e+01 -1.219399166107177734e+01 2.547271013259887695e+00 -1.787364035844802856e-01 -1.438656896352767944e-01 2.056580930948257446e-01 9.513468146324157715e-01
-1.410614109039306641e+01 -1.221529197692871094e+01 2.596012115478515625e+00 -1.623989045619964600e-01 -1.321701556444168091e-01 2.001084834337234497e-01 9.571385383605957031e-01
-1.421587657928466797e+01 -1.223549270629882812e+01 2.641667604446411133e+00 -1.474346965551376343e-01 -1.212481409311294556e-01 1.956121176481246948e-01 9.619240164756774902e-01
-1.430253696441650391e+01 -1.225208282470703125e+01 2.672074794769287109e+00 -1.335018724203109741e-01 -1.114439219236373901e-01 1.919435560703277588e-01 9.658753275871276855e-01
-1.441749668121337891e+01 -1.226984786987304688e+01 2.722335577011108398e+00 -1.214065328240394592e-01 -1.024799197912216187e-01 1.891256123781204224e-01 9.690148830413818359e-01
-1.448552608489990234e+01 -1.231775951385498047e+01 2.782973527908325195e+00 -1.112479865550994873e-01 -9.584617614746093750e-02 1.858333349227905273e-01 9.715468883514404297e-01
-1.455726051330566406e+01 -1.235825634002685547e+01 2.833445072174072266e+00 -1.023474633693695068e-01 -8.999667316675186157e-02 1.832275390625000000e-01 9.735775589942932129e-01
-1.459524536132812500e+01 -1.243440151214599609e+01 2.903748989105224609e+00 -9.701473265886306763e-02 -8.696388453245162964e-02 1.799093335866928101e-01 9.750169515609741211e-01
-1.466925048828125000e+01 -1.250583267211914062e+01 2.988730192184448242e+00 -9.191136807203292847e-02 -8.427952975034713745e-02 1.773024648427963257e-01 9.762238860130310059e-01
-1.475257396697998047e+01 -1.257285213470458984e+01 3.067991256713867188e+00 -8.792114257812500000e-02 -8.202866464853286743e-02 1.759488284587860107e-01 9.770277142524719238e-01
-1.481476020812988281e+01 -1.264396762847900391e+01 3.135597944259643555e+00 -8.653029054403305054e-02 -8.157332241535186768e-02 1.745871156454086304e-01 9.774342179298400879e-01
-1.486994552612304688e+01 -1.272924709320068359e+01 3.214209318161010742e+00 -8.776751905679702759e-02 -8.296010643243789673e-02 1.731799989938735962e-01 9.774575233459472656e-01
-1.496474933624267578e+01 -1.277084541320800781e+01 3.288647174835205078e+00 -8.692844957113265991e-02 -8.357640355825424194e-02 1.740074008703231812e-01 9.773330688476562500e-01
-1.508780956268310547e+01 -1.282176685333251953e+01 3.389136791229248047e+00 -8.821450918912887573e-02 -8.525638282299041748e-02 1.753611862659454346e-01 9.768306016921997070e-01
-1.522389411926269531e+01 -1.286916542053222656e+01 3.492628574371337891e+00 -9.028813242912292480e-02 -8.731590956449508667e-02 1.767374873161315918e-01 9.762109518051147461e-01
-1.537250137329101562e+01 -1.291892528533935547e+01 3.581786870956420898e+00 -9.361348301172256470e-02 -8.969447016716003418e-02 1.778229922056198120e-01 9.754846692085266113e-01
-1.551643753051757812e+01 -1.297394466400146484e+01 3.666205883026123047e+00 -9.805160760879516602e-02 -9.289841353893280029e-02 1.792342662811279297e-01 9.744900465011596680e-01
-1.569650077819824219e+01 -1.301111507415771484e+01 3.728367090225219727e+00 -1.033676490187644958e-01 -9.486591815948486328e-02 1.815744340419769287e-01 9.733172059059143066e-01
-1.586199665069580078e+01 -1.308237934112548828e+01 3.804741382598876953e+00 -1.107796132564544678e-01 -9.833031147718429565e-02 1.822080910205841064e-01 9.720387458801269531e-01
-1.606620025634765625e+01 -1.316223335266113281e+01 3.895054101943969727e+00 -1.193671450018882751e-01 -1.013439521193504333e-01 1.826749891042709351e-01 9.706239104270935059e-01
-1.624711227416992188e+01 -1.325043010711669922e+01 3.974762916564941406e+00 -1.294533163309097290e-01 -1.055309250950813293e-01 1.825734674930572510e-01 9.689024686813354492e-01
-1.643041038513183594e+01 -1.333184337615966797e+01 4.073681831359863281e+00 -1.407597959041595459e-01 -1.114793121814727783e-01 1.824185848236083984e-01 9.666863679885864258e-01
-1.662897109985351562e+01 -1.340819835662841797e+01 4.170402050018310547e+00 -1.528139561414718628e-01 -1.175258159637451172e-01 1.825440824031829834e-01 9.641126394271850586e-01
-1.683239555358886719e+01 -1.348281764984130859e+01 4.269804477691650391e+00 -1.657400280237197876e-01 -1.244212612509727478e-01 1.823877394199371338e-01 9.611369371414184570e-01
-1.703861808776855469e+01 -1.362146759033203125e+01 4.387012958526611328e+00 -1.821741163730621338e-01 -1.318103373050689697e-01 1.781804263591766357e-01 9.579615592956542969e-01
-1.725314903259277344e+01 -1.373111057281494141e+01 4.499094963073730469e+00 -1.981878429651260376e-01 -1.396455168724060059e-01 1.757508367300033569e-01 9.541133642196655273e-01
-1.747546195983886719e+01 -1.387263679504394531e+01 4.610024452209472656e+00 -2.159709632396697998e-01 -1.471836566925048828e-01 1.709190756082534790e-01 9.499895572662353516e-01
-1.769844055175781250e+01 -1.399839210510253906e+01 4.713452339172363281e+00 -2.332466840744018555e-01 -1.550476700067520142e-01 1.675779670476913452e-01 9.452374577522277832e-01
-1.793249130249023438e+01 -1.413458824157714844e+01 4.812504768371582031e+00 -2.505671977996826172e-01 -1.625191569328308105e-01 1.641565263271331787e-01 9.401363134384155273e-01
-1.814822006225585938e+01 -1.429960441589355469e+01 4.907980918884277344e+00 -2.685159146785736084e-01 -1.698237061500549316e-01 1.599494516849517822e-01 9.345989823341369629e-01
-1.834824180603027344e+01 -1.448495864868164062e+01 5.020473480224609375e+00 -2.869343757629394531e-01 -1.782318353652954102e-01 1.546183377504348755e-01 9.284369945526123047e-01
-1.853145790100097656e+01 -1.467782974243164062e+01 5.146137237548828125e+00 -3.055420517921447754e-01 -1.881101727485656738e-01 1.492216587066650391e-01 9.214073419570922852e-01
-1.871720504760742188e+01 -1.486611652374267578e+01 5.251060009002685547e+00 -3.238807022571563721e-01 -1.966995149850845337e-01 1.439231038093566895e-01 9.141644835472106934e-01
-1.891854286193847656e+01 -1.503694152832031250e+01 5.346174716949462891e+00 -3.421507179737091064e-01 -2.052655816078186035e-01 1.380852460861206055e-01 9.064940214157104492e-01
-1.914279556274414062e+01 -1.517309570312500000e+01 5.418615818023681641e+00 -3.597421050071716309e-01 -2.132075130939483643e-01 1.325948983430862427e-01 8.986361026763916016e-01
-1.937418937683105469e+01 -1.527866840362548828e+01 5.467545986175537109e+00 -3.769779503345489502e-01 -2.216470986604690552e-01 1.262588202953338623e-01 8.904038071632385254e-01
-1.960688781738281250e+01 -1.536091518402099609e+01 5.500985145568847656e+00 -3.937989473342895508e-01 -2.302048206329345703e-01 1.196818128228187561e-01 8.818188309669494629e-01
-1.984187316894531250e+01 -1.542091083526611328e+01 5.521328926086425781e+00 -4.083818197250366211e-01 -2.367658615112304688e-01 1.142258569598197937e-01 8.741388320922851562e-01
-2.006047058105468750e+01 -1.549536705017089844e+01 5.563054561614990234e+00 -4.241037666797637939e-01 -2.438523322343826294e-01 1.071163192391395569e-01 8.655623197555541992e-01
-2.025502204895019531e+01 -1.560736560821533203e+01 5.616837978363037109e+00 -4.403617084026336670e-01 -2.424663454294204712e-01 1.005254909396171570e-01 8.585954904556274414e-01
-2.045234489440917969e+01 -1.568224430084228516e+01 5.615247726440429688e+00 -4.537189900875091553e-01 -2.491739243268966675e-01 9.443268179893493652e-02 8.503727912902832031e-01
-2.064511299133300781e+01 -1.574845314025878906e+01 5.602180004119873047e+00 -4.637617766857147217e-01 -2.527332305908203125e-01 8.933110535144805908e-02 8.444352149963378906e-01
-2.082235717773437500e+01 -1.582031440734863281e+01 5.596820354461669922e+00 -4.731538891792297363e-01 -2.575421035289764404e-01 8.858469873666763306e-02 8.378247022628784180e-01
-2.099792098999023438e+01 -1.587543678283691406e+01 5.587781906127929688e+00 -4.816641807556152344e-01 -2.635816633701324463e-01 8.379621058702468872e-02 8.315662741661071777e-01
-2.117491912841796875e+01 -1.593023490905761719e+01 5.593328952789306641e+00 -4.950486719608306885e-01 -2.624300718307495117e-01 8.515010774135589600e-02 8.238973021507263184e-01
-2.125788879394531250e+01 -1.614908599853515625e+01 5.747994899749755859e+00 -5.013722777366638184e-01 -2.649231553077697754e-01 1.005895882844924927e-01 8.175104260444641113e-01
-2.140202522277832031e+01 -1.620414352416992188e+01 5.782006740570068359e+00 -5.102556943893432617e-01 -2.682962119579315186e-01 9.619480371475219727e-02 8.114202618598937988e-01
-2.155009651184082031e+01 -1.622880935668945312e+01 5.812564373016357422e+00 -5.160388350486755371e-01 -2.692696154117584229e-01 9.387556463479995728e-02 8.077036142349243164e-01
-2.168525123596191406e+01 -1.622360038757324219e+01 5.851700782775878906e+00 -5.184597373008728027e-01 -2.698706388473510742e-01 9.203830361366271973e-02 8.061627149581909180e-01
-2.180372238159179688e+01 -1.620950126647949219e+01 5.908405780792236328e+00 -5.212087035179138184e-01 -2.706327140331268311e-01 9.025099873542785645e-02 8.043346405029296875e-01
-2.190089797973632812e+01 -1.619087219238281250e+01 5.969468116760253906e+00 -5.235205888748168945e-01 -2.718780338764190674e-01 9.059449285268783569e-02 8.023722171783447266e-01
-2.198421287536621094e+01 -1.616824913024902344e+01 6.034277915954589844e+00 -5.252131819725036621e-01 -2.731896638870239258e-01 9.004454314708709717e-02 8.008810877799987793e-01
-2.206378364562988281e+01 -1.615059661865234375e+01 6.093931674957275391e+00 -5.271030664443969727e-01 -2.718240916728973389e-01 8.745198696851730347e-02 8.003912568092346191e-01
-2.213703918457031250e+01 -1.613197517395019531e+01 6.148998260498046875e+00 -5.283042192459106445e-01 -2.711807191371917725e-01 8.641653507947921753e-02 7.999298572540283203e-01
-2.219474411010742188e+01 -1.611748695373535156e+01 6.203233718872070312e+00 -5.294002294540405273e-01 -2.716268599033355713e-01 8.276311308145523071e-02 7.994400858879089355e-01
-2.224672698974609375e+01 -1.610066032409667969e+01 6.246778488159179688e+00 -5.295317769050598145e-01 -2.722050845623016357e-01 8.162675052881240845e-02 7.992731332778930664e-01
-2.230550384521484375e+01 -1.609174537658691406e+01 6.279160976409912109e+00 -5.299709439277648926e-01 -2.703608274459838867e-01 7.888336479663848877e-02 7.998832464218139648e-01
-2.234822273254394531e+01 -1.607977104187011719e+01 6.308175563812255859e+00 -5.296892523765563965e-01 -2.700963318347930908e-01 7.827650010585784912e-02 8.002187609672546387e-01
-2.239140319824218750e+01 -1.607273292541503906e+01 6.334418773651123047e+00 -5.299751758575439453e-01 -2.682015001773834229e-01 7.690492272377014160e-02 8.007995486259460449e-01
-2.242543029785156250e+01 -1.606824493408203125e+01 6.354006290435791016e+00 -5.303203463554382324e-01 -2.668750584125518799e-01 7.615130394697189331e-02 8.010861277580261230e-01
-2.244844055175781250e+01 -1.606042480468750000e+01 6.369085788726806641e+00 -5.298401713371276855e-01 -2.653477489948272705e-01 7.689245045185089111e-02 8.018400669097900391e-01
-2.245883178710937500e+01 -1.605743598937988281e+01 6.375844955444335938e+00 -5.296162366867065430e-01 -2.646298706531524658e-01 7.885786145925521851e-02 8.020343780517578125e-01
-2.246447753906250000e+01 -1.605803680419921875e+01 6.374925613403320312e+00 -5.290266871452331543e-01 -2.626746296882629395e-01 7.950648665428161621e-02 8.030015826225280762e-01
-2.247258377075195312e+01 -1.605585479736328125e+01 6.377394199371337891e+00 -5.287799835205078125e-01 -2.612997889518737793e-01 8.175411075353622437e-02 8.033868670463562012e-01
-2.248612594604492188e+01 -1.605576324462890625e+01 6.383008956909179688e+00 -5.292961001396179199e-01 -2.603087425231933594e-01 8.240991830825805664e-02 8.033016920089721680e-01
-2.250080680847167969e+01 -1.605043220520019531e+01 6.393365383148193359e+00 -5.298494100570678711e-01 -2.595082819461822510e-01 8.413383364677429199e-02 8.030171394348144531e-01
-2.252545738220214844e+01 -1.604627227783203125e+01 6.409057140350341797e+00 -5.312378406524658203e-01 -2.590565085411071777e-01 8.336383849382400513e-02 8.023257255554199219e-01
-2.254935455322265625e+01 -1.603367042541503906e+01 6.453349113464355469e+00 -5.356147289276123047e-01 -2.594898939132690430e-01 8.470132201910018921e-02 7.991291880607604980e-01
-2.258584976196289062e+01 -1.602368164062500000e+01 6.444953441619873047e+00 -5.330097079277038574e-01 -2.577893435955047607e-01 8.409532904624938965e-02 8.014819622039794922e-01
-2.262371063232421875e+01 -1.601185607910156250e+01 6.458681583404541016e+00 -5.336857438087463379e-01 -2.567218840122222900e-01 8.588684350252151489e-02 8.011846542358398438e-01
-2.266619491577148438e+01 -1.600239944458007812e+01 6.477262020111083984e+00 -5.357052683830261230e-01 -2.567606568336486816e-01 8.590292930603027344e-02 7.998215556144714355e-01
-2.271553230285644531e+01 -1.598689174652099609e+01 6.488913536071777344e+00 -5.362235307693481445e-01 -2.564093172550201416e-01 8.755610883235931396e-02 7.994076013565063477e-01
-2.276971435546875000e+01 -1.597251415252685547e+01 6.507309913635253906e+00 -5.381212830543518066e-01 -2.559801936149597168e-01 8.920127153396606445e-02 7.980869412422180176e-01
-2.283065605163574219e+01 -1.595806312561035156e+01 6.529251575469970703e+00 -5.408497452735900879e-01 -2.566981613636016846e-01 8.959146589040756226e-02 7.959654331207275391e-01
-2.289733123779296875e+01 -1.594209098815917969e+01 6.545804977416992188e+00 -5.428258776664733887e-01 -2.573208510875701904e-01 9.006920456886291504e-02 7.943636775016784668e-01
-2.296367454528808594e+01 -1.592464351654052734e+01 6.568768501281738281e+00 -5.458052158355712891e-01 -2.592658102512359619e-01 9.291564673185348511e-02 7.913562059402465820e-01
-2.303926849365234375e+01 -1.591483592987060547e+01 6.580590248107910156e+00 -5.490346550941467285e-01 -2.613580524921417236e-01 9.284358471632003784e-02 7.884370684623718262e-01
-2.310779953002929688e+01 -1.589124774932861328e+01 6.593962192535400391e+00 -5.498443841934204102e-01 -2.651064991950988770e-01 9.886199235916137695e-02 7.858855128288269043e-01
-2.319665527343750000e+01 -1.588095283508300781e+01 6.611581325531005859e+00 -5.550952553749084473e-01 -2.675590515136718750e-01 9.905055165290832520e-02 7.813260555267333984e-01
-2.328904533386230469e+01 -1.586705303192138672e+01 6.622946739196777344e+00 -5.593762397766113281e-01 -2.715803682804107666e-01 9.882313758134841919e-02 7.769017219543457031e-01
-2.337970161437988281e+01 -1.585262966156005859e+01 6.628734111785888672e+00 -5.618617534637451172e-01 -2.746016085147857666e-01 1.054519787430763245e-01 7.731657028198242188e-01
-2.347234344482421875e+01 -1.584453582763671875e+01 6.628448009490966797e+00 -5.636444091796875000e-01 -2.800680398941040039e-01 1.128525882959365845e-01 7.688505649566650391e-01
-2.357990264892578125e+01 -1.584347915649414062e+01 6.628414630889892578e+00 -5.690814256668090820e-01 -2.858875691890716553e-01 1.135189533233642578e-01 7.625798583030700684e-01
-2.354412651062011719e+01 -1.585096168518066406e+01 6.556728839874267578e+00 -5.641379356384277344e-01 -2.911095917224884033e-01 1.390108913183212280e-01 7.600523233413696289e-01
-2.431292343139648438e+01 -1.572226524353027344e+01 6.027029037475585938e+00 7.227864265441894531e-01 1.903380304574966431e-01 4.652788043022155762e-01 -4.742012917995452881e-01
