0.000000000000000000e+00 0.000000000000000000e+00 0.000000000000000000e+00 0.000000000000000000e+00 0.000000000000000000e+00 0.000000000000000000e+00 1.000000000000000000e+00
-1.917294575832784176e-04 8.365871757268905640e-02 -9.162690490484237671e-02 2.953215735033154488e-03 6.532547064125537872e-03 -9.310150519013404846e-03 9.999309778213500977e-01
-9.012625366449356079e-02 1.240896806120872498e-01 -1.646682769060134888e-01 4.838134627789258957e-03 1.273854076862335205e-02 -1.953466050326824188e-02 9.997163414955139160e-01
-2.091142237186431885e-01 1.512374877929687500e-01 -1.943144053220748901e-01 7.128222845494747162e-03 2.044130675494670868e-02 -3.114541620016098022e-02 9.992803931236267090e-01
-3.197585344314575195e-01 1.696492135524749756e-01 -2.104676365852355957e-01 9.610307402908802032e-03 2.830414287745952606e-02 -4.350062459707260132e-02 9.986061453819274902e-01
-4.226603507995605469e-01 1.805079132318496704e-01 -2.377309948205947876e-01 1.193102542310953140e-02 3.627436980605125427e-02 -5.632461979985237122e-02 9.976819753646850586e-01
-5.103272199630737305e-01 1.823212206363677979e-01 -2.519068717956542969e-01 1.336432714015245438e-02 4.363883286714553833e-02 -6.975756585597991943e-02 9.965193867683410645e-01
-5.916524529457092285e-01 1.918514817953109741e-01 -2.682506740093231201e-01 1.616395264863967896e-02 5.161595344543457031e-02 -8.335383236408233643e-02 9.950510859489440918e-01
-6.618083715438842773e-01 1.937966644763946533e-01 -2.835857272148132324e-01 1.814730092883110046e-02 5.921366438269615173e-02 -9.657026827335357666e-02 9.933974742889404297e-01
-7.255762219429016113e-01 1.974873095750808716e-01 -2.974369227886199951e-01 2.048843353986740112e-02 6.728600710630416870e-02 -1.092066466808319092e-01 9.915274381637573242e-01
-7.776429653167724609e-01 2.051723748445510864e-01 -3.083279728889465332e-01 2.305120788514614105e-02 7.480282336473464966e-02 -1.214226186275482178e-01 9.895098209381103516e-01
-8.206040263175964355e-01 2.067834436893463135e-01 -3.164213001728057861e-01 2.508268132805824280e-02 8.191235363483428955e-02 -1.332184076309204102e-01 9.873773455619812012e-01
-8.512746691703796387e-01 2.101332545280456543e-01 -3.301512897014617920e-01 2.756939642131328583e-02 8.842210471630096436e-02 -1.437982469797134399e-01 9.852631688117980957e-01
-8.859863877296447754e-01 2.154496014118194580e-01 -3.344461619853973389e-01 2.966335602104663849e-02 9.566782414913177490e-02 -1.534263193607330322e-01 9.830707907676696777e-01
-9.010699987411499023e-01 2.118424028158187866e-01 -3.392466902732849121e-01 3.114761039614677429e-02 1.011551097035408020e-01 -1.621276736259460449e-01 9.810770153999328613e-01
-9.064214825630187988e-01 2.200259864330291748e-01 -3.433248102664947510e-01 3.347643464803695679e-02 1.061794161796569824e-01 -1.689955890178680420e-01 9.793088436126708984e-01
-9.201204180717468262e-01 2.199580669403076172e-01 -3.439220786094665527e-01 3.475509211421012878e-02 1.103110536932945251e-01 -1.746421158313751221e-01 9.778158068656921387e-01
-9.300177097320556641e-01 2.225491702556610107e-01 -3.542001545429229736e-01 3.657476231455802917e-02 1.129980310797691345e-01 -1.756242960691452026e-01 9.772664904594421387e-01
-9.503520727157592773e-01 2.207063734531402588e-01 -3.600313067436218262e-01 3.774068504571914673e-02 1.151845082640647888e-01 -1.756791025400161743e-01 9.769570231437683105e-01
-9.748478531837463379e-01 2.237179130315780640e-01 -3.673802912235260010e-01 3.859660401940345764e-02 1.166270673274993896e-01 -1.757226288318634033e-01 9.767445921897888184e-01
-1.007703065872192383e+00 2.223875224590301514e-01 -3.757405281066894531e-01 3.839521482586860657e-02 1.168895736336708069e-01 -1.758947968482971191e-01 9.766901731491088867e-01
-1.040565013885498047e+00 2.152889519929885864e-01 -3.870569467544555664e-01 3.827257081866264343e-02 1.153021901845932007e-01 -1.704321503639221191e-01 9.778514504432678223e-01
-1.081353306770324707e+00 2.139027267694473267e-01 -3.993597626686096191e-01 3.832266479730606079e-02 1.132108494639396667e-01 -1.622267663478851318e-01 9.794882535934448242e-01
-1.121446132659912109e+00 2.068282216787338257e-01 -4.168270826339721680e-01 3.760899603366851807e-02 1.095970422029495239e-01 -1.522660106420516968e-01 9.815238714218139648e-01
-1.171620726585388184e+00 2.023465335369110107e-01 -4.369728863239288330e-01 3.686412423849105835e-02 1.054294630885124207e-01 -1.402530223131179810e-01 9.837960600852966309e-01
-1.225263953208923340e+00 2.005935162305831909e-01 -4.611043035984039307e-01 3.617528825998306274e-02 1.004463657736778259e-01 -1.266204416751861572e-01 9.861891865730285645e-01
-1.281679868698120117e+00 1.968065202236175537e-01 -4.828718602657318115e-01 3.506586700677871704e-02 9.465181082487106323e-02 -1.118505299091339111e-01 9.885852932929992676e-01
-1.342143654823303223e+00 1.842735260725021362e-01 -5.198585987091064453e-01 3.297678753733634949e-02 8.844961225986480713e-02 -9.550620615482330322e-02 9.909428358078002930e-01
-1.397332072257995605e+00 1.899164319038391113e-01 -5.582187175750732422e-01 3.212881833314895630e-02 8.165953308343887329e-02 -7.812260091304779053e-02 9.930741786956787109e-01
-1.460641622543334961e+00 1.950575411319732666e-01 -6.007649302482604980e-01 3.049246594309806824e-02 7.507019490003585815e-02 -6.044837832450866699e-02 9.948772192001342773e-01
-1.512179732322692871e+00 2.017643600702285767e-01 -6.532709002494812012e-01 2.826390974223613739e-02 6.751811504364013672e-02 -4.237915202975273132e-02 9.964168071746826172e-01
-1.563324689865112305e+00 2.127908617258071899e-01 -7.197518348693847656e-01 2.631588093936443329e-02 5.994828045368194580e-02 -2.447731047868728638e-02 9.975543022155761719e-01
-1.614630103111267090e+00 2.310446947813034058e-01 -7.831133604049682617e-01 2.429080568253993988e-02 5.246357619762420654e-02 -7.271795067936182022e-03 9.983009099960327148e-01
-1.662727952003479004e+00 2.505688965320587158e-01 -8.649100661277770996e-01 2.181709185242652893e-02 4.533915594220161438e-02 9.504997171461582184e-03 9.986881613731384277e-01
-1.715891242027282715e+00 2.666197121143341064e-01 -9.439179301261901855e-01 1.850196905434131622e-02 3.887804970145225525e-02 2.543152682483196259e-02 9.987488985061645508e-01
-1.749776959419250488e+00 3.057391047477722168e-01 -1.026950001716613770e+00 1.644800975918769836e-02 3.168308734893798828e-02 4.059625044465065002e-02 9.985377192497253418e-01
-1.780852556228637695e+00 3.478480279445648193e-01 -1.118426799774169922e+00 1.422454696148633957e-02 2.469659037888050079e-02 5.454276129603385925e-02 9.981046319007873535e-01
-1.817404747009277344e+00 3.861550092697143555e-01 -1.206637382507324219e+00 1.172223128378391266e-02 1.959572732448577881e-02 6.669433414936065674e-02 9.975121617317199707e-01
-1.855075836181640625e+00 4.128883481025695801e-01 -1.307368040084838867e+00 7.575422991067171097e-03 1.525673456490039825e-02 7.714750617742538452e-02 9.968741536140441895e-01
-1.890420556068420410e+00 4.562100172042846680e-01 -1.412818193435668945e+00 4.663637373596429825e-03 1.135491952300071716e-02 8.571039140224456787e-02 9.962444901466369629e-01
-1.926910281181335449e+00 4.883718192577362061e-01 -1.528429985046386719e+00 1.126626812038011849e-04 8.992333896458148956e-03 9.154552966356277466e-02 9.957602620124816895e-01
-1.969083070755004883e+00 5.318367481231689453e-01 -1.647712349891662598e+00 -2.287083072587847710e-03 7.733135484158992767e-03 9.480569511651992798e-02 9.954631328582763672e-01
-2.016868591308593750e+00 5.773842334747314453e-01 -1.765482544898986816e+00 -4.847066476941108704e-03 7.868066430091857910e-03 9.572190046310424805e-02 9.953652024269104004e-01
-2.068853378295898438e+00 6.100335717201232910e-01 -1.890619754791259766e+00 -7.376505061984062195e-03 9.838433936238288879e-03 9.374163299798965454e-02 9.955205917358398438e-01
-2.111349821090698242e+00 6.334762573242187500e-01 -2.029322862625122070e+00 -9.970983490347862244e-03 1.346482709050178528e-02 8.980762213468551636e-02 9.958181977272033691e-01
-2.120683670043945312e+00 6.528081297874450684e-01 -2.171329259872436523e+00 -1.226324122399091721e-02 1.652037724852561951e-02 8.315241336822509766e-02 9.963244199752807617e-01
-2.122744560241699219e+00 6.573634743690490723e-01 -2.318268299102783203e+00 -1.596087962388992310e-02 2.171438932418823242e-02 7.438412308692932129e-02 9.968654513359069824e-01
-2.112640619277954102e+00 6.695944070816040039e-01 -2.459911823272705078e+00 -1.912551373243331909e-02 2.716707065701484680e-02 6.413585692644119263e-02 9.973879456520080566e-01
-2.085907936096191406e+00 6.877604722976684570e-01 -2.615313053131103516e+00 -2.100277878344058990e-02 3.236692398786544800e-02 5.340009182691574097e-02 9.978274703025817871e-01
-2.057585239410400391e+00 7.085550427436828613e-01 -2.769792318344116211e+00 -2.268887683749198914e-02 3.823688253760337830e-02 4.137149825692176819e-02 9.981540441513061523e-01
-2.033162832260131836e+00 7.224317789077758789e-01 -2.936989784240722656e+00 -2.465759217739105225e-02 4.552152752876281738e-02 2.790390327572822571e-02 9.982690811157226562e-01
-2.009978771209716797e+00 7.387340068817138672e-01 -3.104877710342407227e+00 -2.616915293037891388e-02 5.307950451970100403e-02 1.426320523023605347e-02 9.981454610824584961e-01
-1.994532108306884766e+00 7.594611048698425293e-01 -3.280066967010498047e+00 -2.653083577752113342e-02 6.119274720549583435e-02 -9.896536357700824738e-04 9.977728128433227539e-01
-1.991739630699157715e+00 7.753555178642272949e-01 -3.463790178298950195e+00 -2.689524553716182709e-02 7.093969732522964478e-02 -1.723299920558929443e-02 9.969690442085266113e-01
-1.992901325225830078e+00 7.977477908134460449e-01 -3.650403738021850586e+00 -2.647362649440765381e-02 7.987893372774124146e-02 -3.277007862925529480e-02 9.959139823913574219e-01
-2.009421348571777344e+00 8.169238567352294922e-01 -3.838783025741577148e+00 -2.617284283041954041e-02 8.943714201450347900e-02 -4.819223657250404358e-02 9.944815635681152344e-01
-2.058447837829589844e+00 8.322135806083679199e-01 -4.033687591552734375e+00 -2.520280703902244568e-02 1.003709509968757629e-01 -6.447567790746688843e-02 9.925388693809509277e-01
-2.136670351028442383e+00 8.408616781234741211e-01 -4.217257499694824219e+00 -2.443188428878784180e-02 1.107030138373374939e-01 -8.028998225927352905e-02 9.903036952018737793e-01
-2.245671510696411133e+00 8.411433696746826172e-01 -4.393495559692382812e+00 -2.317531220614910126e-02 1.212968826293945312e-01 -9.631098061800003052e-02 9.876609444618225098e-01
-2.383533239364624023e+00 8.309212923049926758e-01 -4.554848670959472656e+00 -2.199835143983364105e-02 1.329748183488845825e-01 -1.119426637887954712e-01 9.845316410064697266e-01
-2.532830238342285156e+00 8.161646723747253418e-01 -4.709167003631591797e+00 -1.912212930619716644e-02 1.446314454078674316e-01 -1.263257563114166260e-01 9.812022447586059570e-01
-2.680881023406982422e+00 7.853605151176452637e-01 -4.867052555084228516e+00 -1.612958125770092010e-02 1.556595265865325928e-01 -1.398067176342010498e-01 9.777341485023498535e-01
-2.830806255340576172e+00 7.290317416191101074e-01 -5.031387805938720703e+00 -1.359137892723083496e-02 1.677844077348709106e-01 -1.542212516069412231e-01 9.735909700393676758e-01
-2.951316118240356445e+00 6.587592959403991699e-01 -5.213261127471923828e+00 -9.327549487352371216e-03 1.791281402111053467e-01 -1.664462983608245850e-01 9.695987701416015625e-01
-3.034533262252807617e+00 5.679734945297241211e-01 -5.415550231933593750e+00 -4.980671685189008713e-03 1.892392337322235107e-01 -1.770852208137512207e-01 9.658180475234985352e-01
-3.107403993606567383e+00 4.678375422954559326e-01 -5.630689144134521484e+00 1.224091625772416592e-03 2.001798152923583984e-01 -1.797501891851425171e-01 9.631284475326538086e-01
-3.221523523330688477e+00 2.919556200504302979e-01 -5.784265041351318359e+00 -6.508323363959789276e-03 2.126079797744750977e-01 -1.910816729068756104e-01 9.582501053810119629e-01
-3.286643266677856445e+00 1.867946535348892212e-01 -6.013268947601318359e+00 -6.952551775611937046e-04 2.228320091962814331e-01 -1.931696683168411255e-01 9.555264711380004883e-01
-3.356245517730712891e+00 1.058111488819122314e-01 -6.258750915527343750e+00 6.316922605037689209e-03 2.324455827474594116e-01 -1.961335837841033936e-01 9.526073932647705078e-01
-3.438750267028808594e+00 6.657745689153671265e-02 -6.512718677520751953e+00 1.469214260578155518e-02 2.412098944187164307e-01 -1.983811855316162109e-01 9.498667716979980469e-01
-3.544874191284179688e+00 6.279554218053817749e-02 -6.774778842926025391e+00 2.239332906901836395e-02 2.484040260314941406e-01 -2.015795260667800903e-01 9.471851587295532227e-01
-3.668858766555786133e+00 9.439444541931152344e-02 -7.038645744323730469e+00 3.025634959340095520e-02 2.551427781581878662e-01 -2.039711922407150269e-01 9.446600079536437988e-01
-3.792868375778198242e+00 1.462081223726272583e-01 -7.294758319854736328e+00 3.804753348231315613e-02 2.600176632404327393e-01 -2.078399509191513062e-01 9.422026276588439941e-01
-3.911988019943237305e+00 2.064624130725860596e-01 -7.540494918823242188e+00 4.629131779074668884e-02 2.638181447982788086e-01 -2.101490646600723267e-01 9.402629733085632324e-01
-4.030341148376464844e+00 2.609341144561767578e-01 -7.778501033782958984e+00 5.368074774742126465e-02 2.675232589244842529e-01 -2.117909342050552368e-01 9.384531378746032715e-01
-4.140038490295410156e+00 3.125818371772766113e-01 -8.015135765075683594e+00 6.155560910701751709e-02 2.703835666179656982e-01 -2.131447494029998779e-01 9.368419647216796875e-01
-4.243103027343750000e+00 3.536260426044464111e-01 -8.251332283020019531e+00 6.887742131948471069e-02 2.720522582530975342e-01 -2.157431542873382568e-01 9.352531433105468750e-01
-4.337169170379638672e+00 3.694935142993927002e-01 -8.503767013549804688e+00 7.440014183521270752e-02 2.723236382007598877e-01 -2.173054218292236328e-01 9.343889951705932617e-01
-4.404609680175781250e+00 3.669163882732391357e-01 -8.764855384826660156e+00 7.877857983112335205e-02 2.695786356925964355e-01 -2.175301313400268555e-01 9.347737431526184082e-01
-4.457782268524169922e+00 3.684238195419311523e-01 -9.000948905944824219e+00 8.498682826757431030e-02 2.673334777355194092e-01 -2.187887430191040039e-01 9.345809817314147949e-01
-4.482810020446777344e+00 3.776257038116455078e-01 -9.237498283386230469e+00 9.210617095232009888e-02 2.642045617103576660e-01 -2.192899435758590698e-01 9.346787333488464355e-01
-4.483432292938232422e+00 3.662545680999755859e-01 -9.477511405944824219e+00 1.002566739916801453e-01 2.580275833606719971e-01 -2.105025202035903931e-01 9.375814795494079590e-01
-4.451969623565673828e+00 3.626462519168853760e-01 -9.712141990661621094e+00 1.086716949939727783e-01 2.510777711868286133e-01 -2.008209228515625000e-01 9.406494498252868652e-01
-4.389320850372314453e+00 3.675614297389984131e-01 -9.935681343078613281e+00 1.181103512644767761e-01 2.423698455095291138e-01 -1.900963038206100464e-01 9.440181255340576172e-01
-4.305636882781982422e+00 3.607847094535827637e-01 -1.014226436614990234e+01 1.259441971778869629e-01 2.323868870735168457e-01 -1.780498921871185303e-01 9.478569030761718750e-01
-4.201229572296142578e+00 3.490497171878814697e-01 -1.034674835205078125e+01 1.334478855133056641e-01 2.203522324562072754e-01 -1.651433557271957397e-01 9.520316123962402344e-01
-4.092692852020263672e+00 3.483024537563323975e-01 -1.052855968475341797e+01 1.423489749431610107e-01 2.085393816232681274e-01 -1.523476839065551758e-01 9.555303454399108887e-01
-3.977077007293701172e+00 3.329464495182037354e-01 -1.071662521362304688e+01 1.488688886165618896e-01 1.945693343877792358e-01 -1.377531141042709351e-01 9.596899747848510742e-01
-3.866234779357910156e+00 3.382563292980194092e-01 -1.087706756591796875e+01 1.564141660928726196e-01 1.818310320377349854e-01 -1.218226477503776550e-01 9.631361961364746094e-01
-3.745910882949829102e+00 3.348185420036315918e-01 -1.103549385070800781e+01 1.630594432353973389e-01 1.672956496477127075e-01 -1.066334322094917297e-01 9.664642214775085449e-01
-3.628597021102905273e+00 3.360508680343627930e-01 -1.119247055053710938e+01 1.687525808811187744e-01 1.520086675882339478e-01 -9.070900827646255493e-02 9.696328043937683105e-01
-3.510749816894531250e+00 3.436073660850524902e-01 -1.133576202392578125e+01 1.753792017698287964e-01 1.369763314723968506e-01 -7.344209402799606323e-02 9.721552729606628418e-01
-3.403014183044433594e+00 3.585704267024993896e-01 -1.149135398864746094e+01 1.817044317722320557e-01 1.213203072547912598e-01 -5.703845620155334473e-02 9.741722345352172852e-01
-3.315572261810302734e+00 3.678042590618133545e-01 -1.164273929595947266e+01 1.876559406518936157e-01 1.057540103793144226e-01 -3.994549810886383057e-02 9.757077693939208984e-01
-3.247018098831176758e+00 3.677915334701538086e-01 -1.180225753784179688e+01 1.934065967798233032e-01 8.972749114036560059e-02 -2.326976694166660309e-02 9.767299294471740723e-01
-3.199776649475097656e+00 3.649055361747741699e-01 -1.196801376342773438e+01 1.982846856117248535e-01 7.426737993955612183e-02 -7.679443340748548508e-03 9.772965908050537109e-01
-3.153841018676757812e+00 3.696069121360778809e-01 -1.212590312957763672e+01 2.038894742727279663e-01 5.899772047996520996e-02 7.759642787277698517e-03 9.771837592124938965e-01
-3.102438449859619141e+00 3.496828675270080566e-01 -1.227658176422119141e+01 2.076279968023300171e-01 4.418959096074104309e-02 2.375676110386848450e-02 9.769204258918762207e-01
-3.033877372741699219e+00 3.332544267177581787e-01 -1.242218494415283203e+01 2.112269252538681030e-01 2.928717248141765594e-02 3.885588049888610840e-02 9.762251973152160645e-01
-2.973204612731933594e+00 3.177252113819122314e-01 -1.255862522125244141e+01 2.147149741649627686e-01 1.549486909061670303e-02 5.336131155490875244e-02 9.750948548316955566e-01
-2.915027618408203125e+00 3.064281046390533447e-01 -1.269100952148437500e+01 2.178666442632675171e-01 2.959100296720862389e-03 6.672406196594238281e-02 9.736905694007873535e-01
-2.858547925949096680e+00 2.921051383018493652e-01 -1.282441139221191406e+01 2.198241651058197021e-01 -7.925000973045825958e-03 8.033295720815658569e-02 9.721940159797668457e-01
-2.806498765945434570e+00 2.678144872188568115e-01 -1.293455028533935547e+01 2.216764390468597412e-01 -1.786164008080959320e-02 9.176634997129440308e-02 9.706283807754516602e-01
-2.758597135543823242e+00 2.593958675861358643e-01 -1.305587863922119141e+01 2.240248322486877441e-01 -2.686480060219764709e-02 1.023470461368560791e-01 9.688221216201782227e-01
-2.707604408264160156e+00 2.505818903446197510e-01 -1.315783309936523438e+01 2.264788001775741577e-01 -3.492728248238563538e-02 1.116500124335289001e-01 9.669652581214904785e-01
-2.660080432891845703e+00 2.398652732372283936e-01 -1.326500511169433594e+01 2.279709577560424805e-01 -4.229653999209403992e-02 1.199087500572204590e-01 9.653300642967224121e-01
-2.609360694885253906e+00 2.138755917549133301e-01 -1.335422420501708984e+01 2.279826104640960693e-01 -4.864577203989028931e-02 1.286006569862365723e-01 9.639083743095397949e-01
-2.573052883148193359e+00 2.168129235506057739e-01 -1.346054840087890625e+01 2.297703474760055542e-01 -5.356651172041893005e-02 1.348424702882766724e-01 9.623687863349914551e-01
-2.522282361984252930e+00 2.064925879240036011e-01 -1.355668067932128906e+01 2.295730412006378174e-01 -5.794160440564155579e-02 1.429989486932754517e-01 9.609839916229248047e-01
-2.475340604782104492e+00 2.030670493841171265e-01 -1.365868091583251953e+01 2.296214252710342407e-01 -6.173375621438026428e-02 1.485406607389450073e-01 9.598951339721679688e-01
-2.424159288406372070e+00 1.877794563770294189e-01 -1.375628948211669922e+01 2.285647690296173096e-01 -6.476603448390960693e-02 1.540024578571319580e-01 9.590864181518554688e-01
-2.357080221176147461e+00 1.711947023868560791e-01 -1.386430644989013672e+01 2.274229824542999268e-01 -6.881138682365417480e-02 1.576591134071350098e-01 9.584818482398986816e-01
-2.299372911453247070e+00 1.594439297914505005e-01 -1.397427845001220703e+01 2.267175167798995972e-01 -7.184878736734390259e-02 1.614287942647933960e-01 9.577983617782592773e-01
-2.247132778167724609e+00 1.453792154788970947e-01 -1.409247493743896484e+01 2.259897887706756592e-01 -7.349041104316711426e-02 1.648713946342468262e-01 9.572592377662658691e-01
-2.182432413101196289e+00 1.289273798465728760e-01 -1.420783996582031250e+01 2.246837615966796875e-01 -7.521675527095794678e-02 1.673929989337921143e-01 9.569948911666870117e-01
-2.129519462585449219e+00 1.222837492823600769e-01 -1.432858085632324219e+01 2.244997173547744751e-01 -7.609178125858306885e-02 1.698251962661743164e-01 9.565402865409851074e-01
-2.070777416229248047e+00 1.108442991971969604e-01 -1.444806289672851562e+01 2.241080850362777710e-01 -7.661226391792297363e-02 1.723610609769821167e-01 9.561369419097900391e-01
-2.012228488922119141e+00 1.087185069918632507e-01 -1.457861614227294922e+01 2.241612672805786133e-01 -7.729884237051010132e-02 1.739623844623565674e-01 9.557790756225585938e-01
-1.959698319435119629e+00 9.405989199876785278e-02 -1.470092678070068359e+01 2.241189926862716675e-01 -7.637498527765274048e-02 1.762259006500244141e-01 9.554485678672790527e-01
-1.899283051490783691e+00 9.707066416740417480e-02 -1.483249187469482422e+01 2.244918942451477051e-01 -7.662972807884216309e-02 1.765382140874862671e-01 9.552829861640930176e-01
-1.835453152656555176e+00 8.549125492572784424e-02 -1.496885490417480469e+01 2.243881672620773315e-01 -7.631633430719375610e-02 1.778791546821594238e-01 9.550836682319641113e-01
-1.775954365730285645e+00 8.426270633935928345e-02 -1.510703563690185547e+01 2.240340411663055420e-01 -7.548876106739044189e-02 1.777017563581466675e-01 9.552655220031738281e-01
-1.716038107872009277e+00 7.226597517728805542e-02 -1.524211883544921875e+01 2.225024849176406860e-01 -7.418695837259292603e-02 1.778811812400817871e-01 9.556920528411865234e-01
-1.654512405395507812e+00 6.839086115360260010e-02 -1.538260078430175781e+01 2.216970771551132202e-01 -7.341077923774719238e-02 1.783904880285263062e-01 9.558441638946533203e-01
-1.602953195571899414e+00 6.328359246253967285e-02 -1.552521896362304688e+01 2.205472439527511597e-01 -7.241819053888320923e-02 1.781577318906784058e-01 9.562292098999023438e-01
-1.557433366775512695e+00 6.406721472740173340e-02 -1.566920280456542969e+01 2.197672277688980103e-01 -7.157592475414276123e-02 1.768443435430526733e-01 9.567159414291381836e-01
-1.523890972137451172e+00 5.741140618920326233e-02 -1.581701755523681641e+01 2.186488807201385498e-01 -7.023717463016510010e-02 1.760476231575012207e-01 9.572181701660156250e-01
-1.500215888023376465e+00 5.049428716301918030e-02 -1.597918224334716797e+01 2.175128012895584106e-01 -6.878206133842468262e-02 1.758031696081161499e-01 9.576275348663330078e-01
-1.486237525939941406e+00 3.829997777938842773e-02 -1.613944816589355469e+01 2.162761092185974121e-01 -6.750696152448654175e-02 1.756779700517654419e-01 9.580212235450744629e-01
-1.482716441154479980e+00 2.613964676856994629e-02 -1.630404090881347656e+01 2.148422896862030029e-01 -6.605960428714752197e-02 1.751359105110168457e-01 9.585438370704650879e-01
-1.487469792366027832e+00 8.759897202253341675e-03 -1.647745132446289062e+01 2.134969979524612427e-01 -6.446561962366104126e-02 1.746982783079147339e-01 9.590327143669128418e-01
-1.494655251502990723e+00 -7.952613756060600281e-03 -1.664317703247070312e+01 2.124078124761581421e-01 -6.314431130886077881e-02 1.742622405290603638e-01 9.594417214393615723e-01
-1.510818600654602051e+00 -2.430257759988307953e-02 -1.680119132995605469e+01 2.116773575544357300e-01 -6.147348880767822266e-02 1.745179444551467896e-01 9.596651792526245117e-01
-1.530294537544250488e+00 -4.154572635889053345e-02 -1.695103645324707031e+01 2.107302844524383545e-01 -5.977378040552139282e-02 1.748109012842178345e-01 9.599276185035705566e-01
-1.538233518600463867e+00 -5.533530190587043762e-02 -1.710438728332519531e+01 2.098037898540496826e-01 -5.959446355700492859e-02 1.734593808650970459e-01 9.603867530822753906e-01
-1.556219220161437988e+00 -7.474642246961593628e-02 -1.725252532958984375e+01 2.086991965770721436e-01 -5.856135115027427673e-02 1.734130382537841797e-01 9.606992602348327637e-01
-1.574582695960998535e+00 -9.163360297679901123e-02 -1.739585113525390625e+01 2.084902077913284302e-01 -5.747237801551818848e-02 1.734521389007568359e-01 9.608033895492553711e-01
-1.590318560600280762e+00 -1.086925119161605835e-01 -1.753898429870605469e+01 2.081544995307922363e-01 -5.685025453567504883e-02 1.735234558582305908e-01 9.609003067016601562e-01
-1.609122276306152344e+00 -1.340324282646179199e-01 -1.767801475524902344e+01 2.067008912563323975e-01 -5.599534884095191956e-02 1.735181808471679688e-01 9.612651467323303223e-01
-1.628182172775268555e+00 -1.518009006977081299e-01 -1.781402778625488281e+01 2.064803093671798706e-01 -5.553846433758735657e-02 1.742395460605621338e-01 9.612085819244384766e-01
-1.653651833534240723e+00 -1.819931566715240479e-01 -1.794795417785644531e+01 2.064836770296096802e-01 -5.480705946683883667e-02 1.750073283910751343e-01 9.611103534698486328e-01
-1.672172904014587402e+00 -1.955948472023010254e-01 -1.809033012390136719e+01 2.079757004976272583e-01 -5.519550666213035583e-02 1.754114478826522827e-01 9.606926441192626953e-01
-1.689585566520690918e+00 -2.161598503589630127e-01 -1.824097442626953125e+01 2.085519134998321533e-01 -5.578092113137245178e-02 1.754754483699798584e-01 9.605222344398498535e-01
-1.709109187126159668e+00 -2.465227991342544556e-01 -1.840339469909667969e+01 2.080246508121490479e-01 -5.615647882223129272e-02 1.752475947141647339e-01 9.606562852859497070e-01
-1.726567983627319336e+00 -2.688898742198944092e-01 -1.857164192199707031e+01 2.083029001951217651e-01 -5.680262297391891479e-02 1.754093170166015625e-01 9.605284929275512695e-01
-1.742955088615417480e+00 -2.974771261215209961e-01 -1.874744415283203125e+01 2.085058689117431641e-01 -5.749211087822914124e-02 1.751753389835357666e-01 9.604860544204711914e-01
-1.757961273193359375e+00 -3.260572254657745361e-01 -1.893160057067871094e+01 2.087420076131820679e-01 -5.844541266560554504e-02 1.745689809322357178e-01 9.604877233505249023e-01
-1.773344159126281738e+00 -3.601309955120086670e-01 -1.911729240417480469e+01 2.097342908382415771e-01 -5.943123251199722290e-02 1.740807294845581055e-01 9.602996110916137695e-01
-1.789325714111328125e+00 -3.923755288124084473e-01 -1.931172561645507812e+01 2.106705754995346069e-01 -5.976996943354606628e-02 1.739593148231506348e-01 9.600956439971923828e-01
-1.799375057220458984e+00 -4.336591958999633789e-01 -1.951229095458984375e+01 2.110035568475723267e-01 -6.059835478663444519e-02 1.728991270065307617e-01 9.601621031761169434e-01
-1.805638074874877930e+00 -4.753036499023437500e-01 -1.972283744812011719e+01 2.113930732011795044e-01 -6.133969128131866455e-02 1.725639104843139648e-01 9.600896239280700684e-01
-1.812568664550781250e+00 -5.192655324935913086e-01 -1.993793678283691406e+01 2.116075307130813599e-01 -6.127843260765075684e-02 1.713506132364273071e-01 9.602636098861694336e-01
-1.817852497100830078e+00 -5.612556338310241699e-01 -2.016230201721191406e+01 2.126926630735397339e-01 -6.127670407295227051e-02 1.700959801673889160e-01 9.602469801902770996e-01
-1.817330241203308105e+00 -6.076263189315795898e-01 -2.039483642578125000e+01 2.131119221448898315e-01 -6.100731343030929565e-02 1.682424992322921753e-01 9.604977369308471680e-01
-1.815289139747619629e+00 -6.443595886230468750e-01 -2.063060188293457031e+01 2.141797542572021484e-01 -6.066047400236129761e-02 1.660199314355850220e-01 9.606688618659973145e-01
-1.800399422645568848e+00 -6.538429856300354004e-01 -2.087646484375000000e+01 2.162759006023406982e-01 -6.153067946434020996e-02 1.642384231090545654e-01 9.604501724243164062e-01
-1.795932173728942871e+00 -6.738401651382446289e-01 -2.112672615051269531e+01 2.170481830835342407e-01 -6.053033843636512756e-02 1.607941687107086182e-01 9.609221220016479492e-01
-1.800869941711425781e+00 -6.655922532081604004e-01 -2.138314437866210938e+01 2.186906039714813232e-01 -5.928370356559753418e-02 1.572921425104141235e-01 9.612070918083190918e-01
-1.802265882492065430e+00 -6.588529944419860840e-01 -2.164739608764648438e+01 2.188591212034225464e-01 -5.838773772120475769e-02 1.532284915447235107e-01 9.618797302246093750e-01
-1.830245018005371094e+00 -6.452257633209228516e-01 -2.192067527770996094e+01 2.196317166090011597e-01 -5.570264160633087158e-02 1.489874720573425293e-01 9.625288844108581543e-01
-1.879479408264160156e+00 -6.188191175460815430e-01 -2.220274353027343750e+01 2.213939130306243896e-01 -5.082678049802780151e-02 1.444997936487197876e-01 9.630789756774902344e-01
-1.925633430480957031e+00 -5.695037245750427246e-01 -2.248923492431640625e+01 2.247554361820220947e-01 -4.677863791584968567e-02 1.386764794588088989e-01 9.633616209030151367e-01
-1.972252726554870605e+00 -5.306234359741210938e-01 -2.277894973754882812e+01 2.261971086263656616e-01 -4.238621518015861511e-02 1.322638839483261108e-01 9.641289114952087402e-01
-2.025092601776123047e+00 -4.912596940994262695e-01 -2.306316757202148438e+01 2.279616892337799072e-01 -3.757144510746002197e-02 1.254331767559051514e-01 9.648255705833435059e-01
-2.109992980957031250e+00 -4.526538848876953125e-01 -2.334127235412597656e+01 2.303649932146072388e-01 -3.030730225145816803e-02 1.187883913516998291e-01 9.653511047363281250e-01
-2.171080350875854492e+00 -4.199939966201782227e-01 -2.361988830566406250e+01 2.316810935735702515e-01 -2.503647282719612122e-02 1.110410019755363464e-01 9.661091566085815430e-01
-2.229110479354858398e+00 -3.910293579101562500e-01 -2.389952468872070312e+01 2.327032387256622314e-01 -1.984584704041481018e-02 1.025032401084899902e-01 9.669273495674133301e-01
-2.307294845581054688e+00 -3.734168112277984619e-01 -2.417079925537109375e+01 2.337840348482131958e-01 -1.396920345723628998e-02 9.340899437665939331e-02 9.676903486251831055e-01
-2.393277883529663086e+00 -3.623064458370208740e-01 -2.443751144409179688e+01 2.337979972362518311e-01 -8.338431827723979950e-03 8.374349027872085571e-02 9.686361551284790039e-01
-2.505142211914062500e+00 -3.628526926040649414e-01 -2.469237899780273438e+01 2.338791489601135254e-01 -1.539701130241155624e-03 7.448551058769226074e-02 9.694070816040039062e-01
-2.620810747146606445e+00 -3.714450597763061523e-01 -2.494370460510253906e+01 2.331781685352325439e-01 4.495524335652589798e-03 6.400922685861587524e-02 9.703146815299987793e-01
-2.741275548934936523e+00 -3.893059790134429932e-01 -2.518694496154785156e+01 2.335999757051467896e-01 1.103071961551904678e-02 5.365586653351783752e-02 9.707885384559631348e-01
-2.861023664474487305e+00 -4.069786667823791504e-01 -2.542422676086425781e+01 2.340974062681198120e-01 1.746837794780731201e-02 4.346251487731933594e-02 9.710840582847595215e-01
-2.976807832717895508e+00 -4.363145828247070312e-01 -2.566335678100585938e+01 2.343355864286422729e-01 2.404867298901081085e-02 3.325221315026283264e-02 9.712892174720764160e-01
-3.095106840133666992e+00 -4.580123424530029297e-01 -2.590757942199707031e+01 2.344682216644287109e-01 3.139061480760574341e-02 2.335268072783946991e-02 9.713361859321594238e-01
-3.201024293899536133e+00 -4.777875542640686035e-01 -2.615077972412109375e+01 2.341665923595428467e-01 3.810781612992286682e-02 1.254561822861433029e-02 9.713683128356933594e-01
-3.325611829757690430e+00 -4.834845960140228271e-01 -2.637957763671875000e+01 2.350878417491912842e-01 4.539009556174278259e-02 2.303062006831169128e-03 9.709109663963317871e-01
-3.431539535522460938e+00 -5.018264055252075195e-01 -2.661307144165039062e+01 2.351462244987487793e-01 5.239380523562431335e-02 -7.381212431937456131e-03 9.705187678337097168e-01
-3.527395486831665039e+00 -5.197320580482482910e-01 -2.685356330871582031e+01 2.350112497806549072e-01 5.861910432577133179e-02 -1.645007729530334473e-02 9.700839519500732422e-01
-3.617968559265136719e+00 -5.398062467575073242e-01 -2.708747673034667969e+01 2.344990670680999756e-01 6.440772861242294312e-02 -2.633873932063579559e-02 9.696226716041564941e-01
-3.712667703628540039e+00 -5.614416599273681641e-01 -2.732045936584472656e+01 2.342644333839416504e-01 7.059051841497421265e-02 -3.475600853562355042e-02 9.689835906028747559e-01
-3.809270143508911133e+00 -5.744258165359497070e-01 -2.755070304870605469e+01 2.335069626569747925e-01 7.704299688339233398e-02 -4.273920506238937378e-02 9.683554172515869141e-01
-3.901508092880249023e+00 -5.884970426559448242e-01 -2.777972793579101562e+01 2.334712147712707520e-01 8.277366310358047485e-02 -5.045383051037788391e-02 9.675195813179016113e-01
-3.985262155532836914e+00 -6.065666079521179199e-01 -2.801065063476562500e+01 2.320082932710647583e-01 8.728086203336715698e-02 -5.746106058359146118e-02 9.670845270156860352e-01
-4.063531398773193359e+00 -6.282008886337280273e-01 -2.823968124389648438e+01 2.308887839317321777e-01 9.106914699077606201e-02 -6.412992626428604126e-02 9.665837287902832031e-01
-4.151537895202636719e+00 -6.483331918716430664e-01 -2.846423149108886719e+01 2.295492887496948242e-01 9.500274062156677246e-02 -6.998335570096969604e-02 9.661179780960083008e-01
-4.236969947814941406e+00 -6.651329398155212402e-01 -2.868958282470703125e+01 2.293002009391784668e-01 9.858898818492889404e-02 -7.584322243928909302e-02 9.653753042221069336e-01
-4.328251838684082031e+00 -6.813780665397644043e-01 -2.891077232360839844e+01 2.286262214183807373e-01 1.020769104361534119e-01 -8.033934235572814941e-02 9.648087620735168457e-01
-4.416168689727783203e+00 -6.913321614265441895e-01 -2.911382865905761719e+01 2.287683486938476562e-01 1.049168854951858521e-01 -8.465516567230224609e-02 9.641011357307434082e-01
-4.568767070770263672e+00 -6.185982227325439453e-01 -2.925207328796386719e+01 2.633192241191864014e-01 1.268445700407028198e-01 -6.525979191064834595e-02 9.541040658950805664e-01
-4.648768424987792969e+00 -6.166608333587646484e-01 -2.946525192260742188e+01 2.635610401630401611e-01 1.275415420532226562e-01 -6.709066033363342285e-02 9.538174271583557129e-01
-4.731981277465820312e+00 -6.163175702095031738e-01 -2.967682647705078125e+01 2.636778652667999268e-01 1.280099898576736450e-01 -6.885166466236114502e-02 9.535968303680419922e-01
-4.812332630157470703e+00 -6.166218519210815430e-01 -2.988556671142578125e+01 2.639681100845336914e-01 1.276032179594039917e-01 -6.862060725688934326e-02 9.535876512527465820e-01
-4.894041061401367188e+00 -6.190348267555236816e-01 -3.009574127197265625e+01 2.634899616241455078e-01 1.266918778419494629e-01 -6.813497096300125122e-02 9.538761973381042480e-01
-4.972754955291748047e+00 -6.237454414367675781e-01 -3.030304145812988281e+01 2.631851136684417725e-01 1.244417205452919006e-01 -6.609022617340087891e-02 9.544003009796142578e-01
-5.050742149353027344e+00 -6.219090819358825684e-01 -3.050705146789550781e+01 2.633052170276641846e-01 1.212944164872169495e-01 -6.260092556476593018e-02 9.550074338912963867e-01
-5.127179145812988281e+00 -6.266217231750488281e-01 -3.070457267761230469e+01 2.632767558097839355e-01 1.171668395400047302e-01 -5.745559558272361755e-02 9.558535814285278320e-01
-5.207425594329833984e+00 -6.236884593963623047e-01 -3.090644454956054688e+01 2.640755176544189453e-01 1.127156540751457214e-01 -5.088013783097267151e-02 9.565409421920776367e-01
-5.280408382415771484e+00 -6.271613240242004395e-01 -3.110571670532226562e+01 2.646030187606811523e-01 1.066427007317543030e-01 -4.331890866160392761e-02 9.574633240699768066e-01
-5.348503112792968750e+00 -6.193851232528686523e-01 -3.129741477966308594e+01 2.656861245632171631e-01 9.917901456356048584e-02 -3.381631523370742798e-02 9.583479762077331543e-01
-5.421696186065673828e+00 -6.179359555244445801e-01 -3.149497604370117188e+01 2.656981050968170166e-01 9.089078009128570557e-02 -2.259786799550056458e-02 9.594960808753967285e-01
-5.499963760375976562e+00 -6.171303987503051758e-01 -3.168264389038085938e+01 2.667351663112640381e-01 8.233420550823211670e-02 -9.976302273571491241e-03 9.601947665214538574e-01
-5.573357105255126953e+00 -6.392248868942260742e-01 -3.186996269226074219e+01 2.657433152198791504e-01 7.227604836225509644e-02 3.753263503313064575e-03 9.613233804702758789e-01
-5.638347625732421875e+00 -6.436207294464111328e-01 -3.205160140991210938e+01 2.661080062389373779e-01 6.123480945825576782e-02 1.866746135056018829e-02 9.618151187896728516e-01
-5.710395812988281250e+00 -6.473197937011718750e-01 -3.223921203613281250e+01 2.667323052883148193e-01 4.987578094005584717e-02 3.539376705884933472e-02 9.618282318115234375e-01
-5.780670642852783203e+00 -6.489566564559936523e-01 -3.242236328125000000e+01 2.678614854812622070e-01 3.781678155064582825e-02 5.250620841979980469e-02 9.612820744514465332e-01
-5.850460529327392578e+00 -6.537827253341674805e-01 -3.260086822509765625e+01 2.683826386928558350e-01 2.558662369847297668e-02 6.983195245265960693e-02 9.604371786117553711e-01
-5.921772480010986328e+00 -6.606843471527099609e-01 -3.277952575683593750e+01 2.686490714550018311e-01 1.352368947118520737e-02 8.689089119434356689e-02 9.592157006263732910e-01
-5.989571094512939453e+00 -6.641834974288940430e-01 -3.295391845703125000e+01 2.688560187816619873e-01 1.223627710714936256e-03 1.039915233850479126e-01 9.575493335723876953e-01
-6.063388347625732422e+00 -6.623865962028503418e-01 -3.312588119506835938e+01 2.693441212177276611e-01 -1.059077121317386627e-02 1.207571402192115784e-01 9.553843736648559570e-01
-6.129180908203125000e+00 -6.664045453071594238e-01 -3.329809951782226562e+01 2.690780758857727051e-01 -2.283501066267490387e-02 1.358225196599960327e-01 9.532197117805480957e-01
-6.197637081146240234e+00 -6.690379977226257324e-01 -3.346895980834960938e+01 2.692129015922546387e-01 -3.364353626966476440e-02 1.511946618556976318e-01 9.505433440208435059e-01
-6.269722938537597656e+00 -6.727796196937561035e-01 -3.363181304931640625e+01 2.688144743442535400e-01 -4.408605769276618958e-02 1.645349860191345215e-01 9.480102658271789551e-01
-6.344339370727539062e+00 -6.734581589698791504e-01 -3.378744888305664062e+01 2.692175507545471191e-01 -5.338563770055770874e-02 1.772716939449310303e-01 9.451172947883605957e-01
-6.436997413635253906e+00 -6.769811511039733887e-01 -3.392686843872070312e+01 2.694191336631774902e-01 -6.137540563941001892e-02 1.883874833583831787e-01 9.424205422401428223e-01
-6.486145019531250000e+00 -6.837596893310546875e-01 -3.382473754882812500e+01 2.693723440170288086e-01 -6.854695081710815430e-02 1.977704465389251709e-01 9.400141835212707520e-01
-6.474162101745605469e+00 -6.872718930244445801e-01 -3.366487884521484375e+01 2.695054411888122559e-01 -7.389263808727264404e-02 2.047591805458068848e-01 9.380726814270019531e-01
-6.448557853698730469e+00 -6.897718310356140137e-01 -3.351092147827148438e+01 2.694152891635894775e-01 -7.745279371738433838e-02 2.063593268394470215e-01 9.374605417251586914e-01
-6.423296928405761719e+00 -6.935278773307800293e-01 -3.336292266845703125e+01 2.688319981098175049e-01 -7.921685278415679932e-02 2.068819850683212280e-01 9.373654127120971680e-01
-6.396246910095214844e+00 -6.941813826560974121e-01 -3.321579742431640625e+01 2.685694992542266846e-01 -7.951867580413818359e-02 2.068496346473693848e-01 9.374222159385681152e-01
-6.367790699005126953e+00 -6.983823180198669434e-01 -3.307328414916992188e+01 2.684337794780731201e-01 -7.892758399248123169e-02 2.065531760454177856e-01 9.375764131546020508e-01
-6.336919784545898438e+00 -6.994881629943847656e-01 -3.293655395507812500e+01 2.684956192970275879e-01 -7.535558938980102539e-02 1.995766609907150269e-01 9.393619298934936523e-01
-6.305800914764404297e+00 -6.969301104545593262e-01 -3.280102539062500000e+01 2.682268023490905762e-01 -6.993519514799118042e-02 1.883140057325363159e-01 9.421790242195129395e-01
-6.282609462738037109e+00 -6.892440319061279297e-01 -3.266765975952148438e+01 2.695317268371582031e-01 -6.212531030178070068e-02 1.756701618432998657e-01 9.447926282882690430e-01
-6.255986690521240234e+00 -6.919533610343933105e-01 -3.253921508789062500e+01 2.681750655174255371e-01 -5.285893380641937256e-02 1.590123325586318970e-01 9.486849904060363770e-01
-6.224847793579101562e+00 -6.908516883850097656e-01 -3.241321182250976562e+01 2.679752111434936523e-01 -4.227361455559730530e-02 1.417668908834457397e-01 9.520002007484436035e-01
-6.196186542510986328e+00 -6.881267428398132324e-01 -3.229057312011718750e+01 2.673957943916320801e-01 -3.042963705956935883e-02 1.222720146179199219e-01 9.553130865097045898e-01
-6.173283100128173828e+00 -6.805112361907958984e-01 -3.217192840576171875e+01 2.676255404949188232e-01 -1.738784648478031158e-02 1.013544425368309021e-01 9.580195546150207520e-01
-6.149739265441894531e+00 -6.664401888847351074e-01 -3.206099319458007812e+01 2.676670551300048828e-01 -4.016425926238298416e-03 7.938478142023086548e-02 9.602271914482116699e-01
-6.125323295593261719e+00 -6.657626032829284668e-01 -3.194788551330566406e+01 2.665673196315765381e-01 1.035939250141382217e-02 5.679891631007194519e-02 9.620854854583740234e-01
-6.100056171417236328e+00 -6.600434780120849609e-01 -3.183717346191406250e+01 2.661507427692413330e-01 2.468511834740638733e-02 3.401533886790275574e-02 9.630147218704223633e-01
-6.076149940490722656e+00 -6.550768017768859863e-01 -3.173171234130859375e+01 2.651233077049255371e-01 3.932451829314231873e-02 9.866876527667045593e-03 9.633617401123046875e-01
-6.054502010345458984e+00 -6.532952785491943359e-01 -3.162509155273437500e+01 2.638331651687622070e-01 5.420218780636787415e-02 -1.380055211484432220e-02 9.629453420639038086e-01
-6.027111530303955078e+00 -6.460163593292236328e-01 -3.152485275268554688e+01 2.629933059215545654e-01 6.826592981815338135e-02 -3.625964745879173279e-02 9.616961479187011719e-01
-6.008784294128417969e+00 -6.441608667373657227e-01 -3.143440246582031250e+01 2.612262070178985596e-01 8.247727900743484497e-02 -5.742547288537025452e-02 9.600315690040588379e-01
-5.998447418212890625e+00 -6.458011865615844727e-01 -3.134472846984863281e+01 2.594124674797058105e-01 9.602286666631698608e-02 -7.715761661529541016e-02 9.578786492347717285e-01
-5.977217674255371094e+00 -6.429752111434936523e-01 -3.126041412353515625e+01 2.576625943183898926e-01 1.079704165458679199e-01 -9.649752080440521240e-02 9.553222060203552246e-01
-5.960025310516357422e+00 -6.398578882217407227e-01 -3.118209457397460938e+01 2.562426030635833740e-01 1.188309639692306519e-01 -1.137433350086212158e-01 9.525132179260253906e-01
-5.944122314453125000e+00 -6.398904323577880859e-01 -3.110039138793945312e+01 2.551029920578002930e-01 1.283078789710998535e-01 -1.286438852548599243e-01 9.496895670890808105e-01
-5.926902294158935547e+00 -6.423416137695312500e-01 -3.102302742004394531e+01 2.534910142421722412e-01 1.359190344810485840e-01 -1.409735381603240967e-01 9.473092555999755859e-01
-5.906330585479736328e+00 -6.398738622665405273e-01 -3.094830703735351562e+01 2.529790997505187988e-01 1.415730267763137817e-01 -1.513564586639404297e-01 9.450131654739379883e-01
-5.891862392425537109e+00 -6.449565291404724121e-01 -3.088218307495117188e+01 2.510963976383209229e-01 1.453775763511657715e-01 -1.586924344301223755e-01 9.437333345413208008e-01
-5.873845100402832031e+00 -6.511413455009460449e-01 -3.081722640991210938e+01 2.497549355030059814e-01 1.469469666481018066e-01 -1.626463085412979126e-01 9.431729912757873535e-01
-5.859944343566894531e+00 -6.505383849143981934e-01 -3.075428390502929688e+01 2.498563528060913086e-01 1.466305702924728394e-01 -1.625773608684539795e-01 9.432072043418884277e-01
-5.854629993438720703e+00 -6.480355858802795410e-01 -3.069822883605957031e+01 2.502549886703491211e-01 1.461791694164276123e-01 -1.621626764535903931e-01 9.432429671287536621e-01
-5.846483230590820312e+00 -6.505221128463745117e-01 -3.064779663085937500e+01 2.505138516426086426e-01 1.441283524036407471e-01 -1.599544435739517212e-01 9.438667297363281250e-01
-5.835529327392578125e+00 -6.454305052757263184e-01 -3.059640502929687500e+01 2.526100277900695801e-01 1.403108835220336914e-01 -1.544299125671386719e-01 9.448028802871704102e-01
-5.825379371643066406e+00 -6.463283300399780273e-01 -3.054631042480468750e+01 2.546030580997467041e-01 1.356342881917953491e-01 -1.471771597862243652e-01 9.461075663566589355e-01
-5.814260005950927734e+00 -6.388283967971801758e-01 -3.049943161010742188e+01 2.577167749404907227e-01 1.297685652971267700e-01 -1.384184211492538452e-01 9.474083185195922852e-01
-5.804209232330322266e+00 -6.360850930213928223e-01 -3.045286941528320312e+01 2.606221139430999756e-01 1.231158673763275146e-01 -1.282232254743576050e-01 9.489348530769348145e-01
-5.795389652252197266e+00 -6.385686397552490234e-01 -3.040633964538574219e+01 2.623057663440704346e-01 1.158669441938400269e-01 -1.159358695149421692e-01 9.509623646736145020e-01
-5.787317752838134766e+00 -6.449400782585144043e-01 -3.036256790161132812e+01 2.638269960880279541e-01 1.078259348869323730e-01 -1.024348288774490356e-01 9.530351758003234863e-01
-5.774761199951171875e+00 -6.417722105979919434e-01 -3.031620597839355469e+01 2.662008702754974365e-01 9.896907210350036621e-02 -8.808075636625289917e-02 9.547690749168395996e-01
-5.768392086029052734e+00 -6.455865502357482910e-01 -3.027415847778320312e+01 2.676862776279449463e-01 9.053771942853927612e-02 -7.247133553028106689e-02 9.565013647079467773e-01
-5.760345935821533203e+00 -6.540786027908325195e-01 -3.023002815246582031e+01 2.690467536449432373e-01 8.171920478343963623e-02 -5.587472021579742432e-02 9.580259919166564941e-01
-5.751453876495361328e+00 -6.612088680267333984e-01 -3.018769836425781250e+01 2.702000439167022705e-01 7.284224778413772583e-02 -3.882087767124176025e-02 9.592595696449279785e-01
-5.742781162261962891e+00 -6.712659597396850586e-01 -3.014771461486816406e+01 2.712540328502655029e-01 6.399205327033996582e-02 -2.124805003404617310e-02 9.601430892944335938e-01
-5.731370925903320312e+00 -6.756791472434997559e-01 -3.010761070251464844e+01 2.727659940719604492e-01 5.541841685771942139e-02 -3.343638963997364044e-03 9.604771733283996582e-01
-5.721183300018310547e+00 -6.838076114654541016e-01 -3.007215499877929688e+01 2.735645771026611328e-01 4.731663689017295837e-02 1.393389236181974411e-02 9.605880379676818848e-01
-5.711734771728515625e+00 -6.883119344711303711e-01 -3.003120994567871094e+01 2.753836512565612793e-01 4.020404443144798279e-02 3.095298819243907928e-02 9.599944949150085449e-01
-5.706059932708740234e+00 -6.922001838684082031e-01 -2.999310874938964844e+01 2.765340805053710938e-01 3.427728638052940369e-02 4.845860600471496582e-02 9.591692686080932617e-01
-5.697824478149414062e+00 -6.941344141960144043e-01 -2.995230484008789062e+01 2.774998545646667480e-01 2.877162396907806396e-02 6.498485803604125977e-02 9.580934047698974609e-01
-5.688150882720947266e+00 -6.991169452667236328e-01 -2.991315841674804688e+01 2.777948975563049316e-01 2.420122362673282623e-02 8.041160553693771362e-02 9.569630622863769531e-01
-5.677738189697265625e+00 -6.962194442749023438e-01 -2.987414169311523438e+01 2.786529660224914551e-01 2.032517641782760620e-02 9.484154731035232544e-02 9.554812908172607422e-01
-5.667141914367675781e+00 -7.002453804016113281e-01 -2.983719825744628906e+01 2.791388630867004395e-01 1.732130907475948334e-02 1.092241853475570679e-01 9.538614153861999512e-01
-5.655243396759033203e+00 -7.042744755744934082e-01 -2.980110549926757812e+01 2.795902490615844727e-01 1.465999055653810501e-02 1.227275952696800232e-01 9.521304368972778320e-01
-5.645706176757812500e+00 -7.050752639770507812e-01 -2.976485061645507812e+01 2.805180251598358154e-01 1.298303715884685516e-02 1.356044113636016846e-01 9.501329064369201660e-01
-5.637331485748291016e+00 -7.081148624420166016e-01 -2.972907829284667969e+01 2.810603082180023193e-01 1.191973593086004257e-02 1.472042798995971680e-01 9.482583403587341309e-01
-5.627478122711181641e+00 -7.113941907882690430e-01 -2.969309425354003906e+01 2.814837694168090820e-01 1.152388378977775574e-02 1.576742082834243774e-01 9.464527964591979980e-01
-5.618077754974365234e+00 -7.117353677749633789e-01 -2.965744781494140625e+01 2.822676599025726318e-01 1.141261029988527298e-02 1.668761223554611206e-01 9.446412324905395508e-01
-5.606804847717285156e+00 -7.152593731880187988e-01 -2.962326049804687500e+01 2.827028036117553711e-01 1.144892908632755280e-02 1.746741831302642822e-01 9.430996775627136230e-01
-5.598819732666015625e+00 -7.183793187141418457e-01 -2.958949470520019531e+01 2.835260927677154541e-01 1.280742697417736053e-02 1.796586513519287109e-01 9.418979287147521973e-01
-5.588557720184326172e+00 -7.185584306716918945e-01 -2.955668258666992188e+01 2.835334837436676025e-01 1.587268710136413574e-02 1.794491410255432129e-01 9.418889880180358887e-01
-5.583410739898681641e+00 -7.187526226043701172e-01 -2.952263832092285156e+01 2.839490473270416260e-01 1.879693567752838135e-02 1.791182756423950195e-01 9.417729377746582031e-01
-5.570854187011718750e+00 -7.208738923072814941e-01 -2.949319839477539062e+01 2.840588986873626709e-01 2.075428143143653870e-02 1.787229329347610474e-01 9.417738318443298340e-01
-5.565652847290039062e+00 -7.213242053985595703e-01 -2.946631813049316406e+01 2.842110097408294678e-01 2.311484329402446747e-02 1.783160269260406494e-01 9.417501091957092285e-01
-5.560524940490722656e+00 -7.212384343147277832e-01 -2.944541168212890625e+01 2.843218147754669189e-01 2.466497756540775299e-02 1.782239228487014771e-01 9.416947364807128906e-01
-5.557679176330566406e+00 -7.194533348083496094e-01 -2.942740821838378906e+01 2.845154106616973877e-01 2.592600882053375244e-02 1.781568527221679688e-01 9.416150450706481934e-01
-5.550973892211914062e+00 -7.200027108192443848e-01 -2.941352462768554688e+01 2.845818996429443359e-01 2.620203793048858643e-02 1.783353388309478760e-01 9.415535926818847656e-01
-5.549622535705566406e+00 -7.211696505546569824e-01 -2.940391349792480469e+01 2.845544219017028809e-01 2.623656019568443298e-02 1.783073097467422485e-01 9.415662288665771484e-01
-5.550487995147705078e+00 -7.227680087089538574e-01 -2.939815330505371094e+01 2.842543721199035645e-01 2.582758292555809021e-02 1.788573861122131348e-01 9.415638446807861328e-01
-5.549585819244384766e+00 -7.228448987007141113e-01 -2.939606094360351562e+01 2.834908068180084229e-01 2.703875862061977386e-02 1.693839728832244873e-01 9.435098767280578613e-01
-5.551681995391845703e+00 -7.197560667991638184e-01 -2.939120101928710938e+01 2.824871838092803955e-01 2.844217047095298767e-02 1.578696221113204956e-01 9.457638263702392578e-01
-5.553882598876953125e+00 -7.187055945396423340e-01 -2.938620185852050781e+01 2.815460860729217529e-01 2.994449809193611145e-02 1.450387239456176758e-01 9.480500817298889160e-01
-5.554491043090820312e+00 -7.168011069297790527e-01 -2.937878990173339844e+01 2.802947163581848145e-01 3.090274147689342499e-02 1.308768391609191895e-01 9.504478573799133301e-01
-5.553472042083740234e+00 -7.140225172042846680e-01 -2.937126159667968750e+01 2.790474891662597656e-01 3.128950297832489014e-02 1.156334802508354187e-01 9.527761340141296387e-01
-5.551557064056396484e+00 -7.129946947097778320e-01 -2.936248588562011719e+01 2.775028347969055176e-01 3.149182349443435669e-02 9.871415793895721436e-02 9.551209211349487305e-01
-5.551143169403076172e+00 -7.064798474311828613e-01 -2.935136032104492188e+01 2.764099538326263428e-01 3.190712258219718933e-02 8.117214590311050415e-02 9.570739865303039551e-01
-5.551445007324218750e+00 -7.040499448776245117e-01 -2.933952713012695312e+01 2.748180329799652100e-01 3.279285132884979248e-02 6.349854171276092529e-02 9.588366150856018066e-01
-5.549250602722167969e+00 -7.018056511878967285e-01 -2.932617950439453125e+01 2.733176946640014648e-01 3.307240828871726990e-02 4.509556293487548828e-02 9.602968692779541016e-01
-5.546797275543212891e+00 -6.968169212341308594e-01 -2.931293487548828125e+01 2.723208665847778320e-01 3.333865478634834290e-02 2.586620859801769257e-02 9.612808227539062500e-01
-5.540061950683593750e+00 -6.974813938140869141e-01 -2.929828453063964844e+01 2.704562544822692871e-01 3.319709748029708862e-02 7.117701694369316101e-03 9.621334075927734375e-01
-5.537028312683105469e+00 -6.900637149810791016e-01 -2.927994728088378906e+01 2.693296372890472412e-01 3.345076739788055420e-02 -1.188090071082115173e-02 9.623935818672180176e-01
-5.533639430999755859e+00 -6.868677735328674316e-01 -2.926146697998046875e+01 2.683069109916687012e-01 3.360021114349365234e-02 -2.987530268728733063e-02 9.622836709022521973e-01
-5.531903266906738281e+00 -6.781501770019531250e-01 -2.923973274230957031e+01 2.678013443946838379e-01 3.358384221792221069e-02 -4.719636216759681702e-02 9.617312550544738770e-01
-5.530395984649658203e+00 -6.749335527420043945e-01 -2.921858024597167969e+01 2.665869593620300293e-01 3.395171090960502625e-02 -6.375574320554733276e-02 9.611003398895263672e-01
-5.524763584136962891e+00 -6.741656661033630371e-01 -2.919740486145019531e+01 2.656787931919097900e-01 3.403550386428833008e-02 -7.999587804079055786e-02 9.601338505744934082e-01
-5.517781257629394531e+00 -6.743518114089965820e-01 -2.917446136474609375e+01 2.651877701282501221e-01 3.395448997616767883e-02 -9.548517316579818726e-02 9.588561654090881348e-01
-5.512422561645507812e+00 -6.728960871696472168e-01 -2.914878273010253906e+01 2.651661932468414307e-01 3.412838652729988098e-02 -1.088386327028274536e-01 9.574321508407592773e-01
-5.506458282470703125e+00 -6.727684140205383301e-01 -2.912289047241210938e+01 2.652975916862487793e-01 3.444961458444595337e-02 -1.215983703732490540e-01 9.558473825454711914e-01
-5.494582176208496094e+00 -6.725845336914062500e-01 -2.909708786010742188e+01 2.656502425670623779e-01 3.432752937078475952e-02 -1.325084567070007324e-01 9.543024301528930664e-01
-5.494153499603271484e+00 -6.730070114135742188e-01 -2.907098388671875000e+01 2.668684422969818115e-01 3.298682346940040588e-02 -1.317763924598693848e-01 9.541111588478088379e-01
-5.485839366912841797e+00 -6.726183891296386719e-01 -2.904311180114746094e+01 2.686392068862915039e-01 3.119479306042194366e-02 -1.314351260662078857e-01 9.537214636802673340e-01
-5.481179237365722656e+00 -6.716800332069396973e-01 -2.901292610168457031e+01 2.706041336059570312e-01 3.035840578377246857e-02 -1.305842250585556030e-01 9.533097743988037109e-01
-5.470804691314697266e+00 -6.716493964195251465e-01 -2.898356819152832031e+01 2.729402482509613037e-01 2.945387549698352814e-02 -1.304375082254409790e-01 9.526920318603515625e-01
-5.462771892547607422e+00 -6.725283265113830566e-01 -2.895257377624511719e+01 2.752086818218231201e-01 2.961161918938159943e-02 -1.299680769443511963e-01 9.520985484123229980e-01
-5.456126689910888672e+00 -6.756228804588317871e-01 -2.891927909851074219e+01 2.771921455860137939e-01 3.001687489449977875e-02 -1.295418739318847656e-01 9.515684247016906738e-01
-5.445889472961425781e+00 -6.755577325820922852e-01 -2.888493919372558594e+01 2.773068249225616455e-01 3.014051169157028198e-02 -1.300849169492721558e-01 9.514569640159606934e-01
-5.434247016906738281e+00 -6.733759045600891113e-01 -2.885076904296875000e+01 2.773149907588958740e-01 3.049316070973873138e-02 -1.305800527334213257e-01 9.513754844665527344e-01
-5.424357414245605469e+00 -6.757399439811706543e-01 -2.881326293945312500e+01 2.769773602485656738e-01 3.172192350029945374e-02 -1.311367005109786987e-01 9.513571262359619141e-01
-5.417135715484619141e+00 -6.767274141311645508e-01 -2.877263832092285156e+01 2.769772112369537354e-01 3.368379175662994385e-02 -1.319202333688735962e-01 9.511814117431640625e-01
-5.401141166687011719e+00 -6.776366233825683594e-01 -2.873471069335937500e+01 2.766980230808258057e-01 3.517578914761543274e-02 -1.327357143163681030e-01 9.510952234268188477e-01
-5.393486022949218750e+00 -6.793276071548461914e-01 -2.869168090820312500e+01 2.761771082878112793e-01 3.810710087418556213e-02 -1.333662271499633789e-01 9.510454535484313965e-01
-5.381783008575439453e+00 -6.820720434188842773e-01 -2.864929008483886719e+01 2.752997875213623047e-01 4.158886522054672241e-02 -1.346133649349212646e-01 9.509782791137695312e-01
-5.372345447540283203e+00 -6.875663399696350098e-01 -2.860416412353515625e+01 2.740638554096221924e-01 4.563405737280845642e-02 -1.368448138236999512e-01 9.508312344551086426e-01
-5.360760688781738281e+00 -6.878921985626220703e-01 -2.856124305725097656e+01 2.726023197174072266e-01 4.877125471830368042e-02 -1.370482742786407471e-01 9.510662555694580078e-01
-5.349138259887695312e+00 -6.868796348571777344e-01 -2.851831626892089844e+01 2.708106040954589844e-01 5.243993178009986877e-02 -1.382692754268646240e-01 9.512062072753906250e-01
-5.339262008666992188e+00 -6.848372817039489746e-01 -2.847237777709960938e+01 2.689260840415954590e-01 5.700160935521125793e-02 -1.384172439575195312e-01 9.514569044113159180e-01
-5.346082210540771484e+00 -7.158089876174926758e-01 -2.846035957336425781e+01 2.221552580595016479e-01 5.843270942568778992e-02 -1.154890060424804688e-01 9.663823843002319336e-01
